Tract,W1F,W2F,S1LF,S1MF,S1HF,S2LF,S2MF,S2HF,S3F,S4LF,S4MF,S4HF,S5LF,S5MF,S5HF,C1LF,C1MF,C1HF,C2LF,C2MF,C2HF,C3LF,C3MF,C3HF,PC1F,PC2LF,PC2MF,PC2HF,RM1LF,RM1MF,RM2LF,RM2MF,RM2HF,URMLF,URMMF,MHF,TotalSqft
02013000100,1422.73400878906,24.7345886230469,55.9739456176758,0,0,43.6941146850586,0,0,6.38344860076904,81.3009796142578,0,0,0,0,0,65.1879196166992,0,0,333.33447265625,0,0,1.56434845924377,0,0,21.1971702575684,6.87871932983398,0,0,257.176361083984,0,30.7650470733643,0,0,82.5731735229492,0,67.8828048706055,2501.38110351563
02016000100,1165.63537597656,13.3127403259277,17.2633571624756,0,0,12.5178289413452,0,0,4.75351190567017,28.775411605835,0,0,0,0,0,18.6416358947754,0,0,114.805763244629,0,0,2.00988793373108,0,0,5.55178928375244,4.89822578430176,0,0,84.0250701904297,0,10.0598840713501,0,0,27.0071239471436,0,8.22729969024658,1517.48474121094
02016000200,1753.20532226563,88.0193862915039,150.239730834961,0,0,96.2064056396484,0,0,39.632740020752,137.080947875977,0,0,0,0,0,88.9373931884766,0,0,546.033752441406,0,0,6.3543176651001,0,0,147.152526855469,49.3343925476074,0,0,450.923461914063,0,54.1651420593262,0,0,135.12483215332,0,90.6276321411133,3833.0380859375
02020000101,3266.30590820313,59.7231712341309,29.3353652954102,0,0,17.8143882751465,0,0,14.4770259857178,21.6801834106445,0,0,0,0,0,12.9768114089966,0,0,112.195220947266,0,0,3.01895952224731,0,0,33.292179107666,12.7441987991333,0,0,91.4809265136719,0,9.47313594818115,0,0,24.1271686553955,0,179.372344970703,3888.01733398438
02020000102,3163.65625,51.650260925293,28.9628620147705,0,0,16.3659019470215,0,0,16.5647640228271,21.1069831848145,0,0,0,0,0,9.25761604309082,0,0,98.951789855957,0,0,4.57855463027954,0,0,44.9957885742188,14.927882194519,0,0,91.2192001342773,0,8.59087181091309,0,0,24.5790863037109,0,182.069961547852,3777.47802734375
02020000201,2333.279296875,111.043151855469,51.196460723877,0,0,18.246696472168,0,0,20.6250152587891,28.383695602417,0,0,0,0,0,15.3826570510864,0,0,114.043762207031,0,0,5.1799430847168,0,0,70.9126663208008,20.3337383270264,0,0,130.713027954102,0,12.6280078887939,0,0,33.8127670288086,0,29.2571983337402,2995.03784179688
02020000202,3515.90966796875,114.612319946289,61.6239395141602,0,0,26.2736492156982,0,0,24.4541110992432,32.083065032959,0,0,0,0,0,18.8091506958008,0,0,150.421371459961,0,0,6.43173408508301,0,0,80.1897888183594,27.2101936340332,0,0,155.814636230469,0,16.3230514526367,0,0,39.6864891052246,0,23.2096004486084,4293.052734375
02020000203,6721.88232421875,71.5934906005859,62.5404891967773,0,0,33.4626846313477,0,0,12.8545198440552,26.750919342041,0,0,0,0,0,17.6663150787354,0,0,171.751068115234,0,0,8.46869945526123,0,0,51.402286529541,20.6596870422363,0,0,128.888793945313,0,23.6046600341797,0,0,26.2916431427002,0,16.9139518737793,7394.7314453125
02020000204,2141.48681640625,29.159309387207,11.7199516296387,0,0,5.74352979660034,0,0,4.36654186248779,6.06330633163452,0,0,0,0,0,6.56292772293091,0,0,47.669017791748,0,0,0.825302243232727,0,0,18.1588191986084,5.19865226745605,0,0,31.3253002166748,0,3.20185494422913,0,0,8.35644435882568,0,13.7371988296509,2333.57495117188
02020000300,2547.97924804688,57.7885513305664,98.255241394043,0,0,65.7947692871094,0,0,26.7612113952637,146.312591552734,0,0,0,0,0,88.3447036743164,0,0,533.613464355469,0,0,11.136791229248,0,0,22.8973026275635,25.364860534668,0,0,408.803100585938,0,56.2388305664063,0,0,131.06770324707,0,43.3746376037598,4263.732421875
02020000400,1954.34387207031,89.789421081543,136.629501342773,0,0,54.2508888244629,0,0,37.019832611084,106.804817199707,0,0,0,0,0,50.9953994750977,0,0,431.213745117188,0,0,8.26041412353516,0,0,63.4954795837402,42.5415725708008,0,0,289.533660888672,0,70.7257308959961,0,0,90.2592620849609,0,40.6764488220215,3466.5400390625
02020000500,843.410827636719,69.3054733276367,24.4200954437256,0,0,14.0755624771118,0,0,18.5048732757568,29.4412460327148,0,0,0,0,0,10.8213520050049,0,0,90.9269332885742,0,0,6.98177814483643,0,0,33.6737823486328,16.4592514038086,0,0,106.999160766602,0,8.54083347320557,0,0,29.3541221618652,0,31.4756984710693,1334.39111328125
02020000600,2425.48803710938,255.97477722168,163.892486572266,0,0,104.719757080078,0,0,92.7714004516602,128.549682617188,0,0,0,0,0,59.3680229187012,0,0,433.395202636719,0,0,18.3710517883301,0,0,489.298492431641,85.9956512451172,0,0,500.553588867188,0,44.3914260864258,0,0,146.039688110352,0,109.76961517334,5058.5791015625
02020000701,2122.27856445313,63.0529403686523,21.8199501037598,0,0,8.64377498626709,0,0,24.3658905029297,31.9011077880859,0,0,0,0,0,9.05898380279541,0,0,97.7125701904297,0,0,9.75551509857178,0,0,34.3054008483887,18.3660831451416,0,0,104.445938110352,0,5.49790477752686,0,0,32.274471282959,0,387.826934814453,2971.30639648438
02020000702,2271.11669921875,66.9348831176758,32.4472198486328,0,0,11.657901763916,0,0,25.6659660339355,37.5646820068359,0,0,0,0,0,12.9928646087646,0,0,120.340927124023,0,0,10.8760108947754,0,0,44.9676170349121,21.2449398040771,0,0,128.379959106445,0,8.95501327514648,0,0,39.0155639648438,0,96.5876998901367,2928.74780273438
02020000703,1962.66613769531,44.1840896606445,37.2978477478027,0,0,17.4941234588623,0,0,27.2748012542725,53.0934143066406,0,0,0,0,0,18.8586711883545,0,0,166.504425048828,0,0,12.5268201828003,0,0,35.2029762268066,21.0911464691162,0,0,176.144561767578,0,14.5266036987305,0,0,52.8266220092773,0,312.770751953125,2952.462890625
02020000801,2641.82250976563,46.8796691894531,27.5641326904297,0,0,11.1764841079712,0,0,28.6334972381592,47.6300849914551,0,0,0,0,0,12.4075412750244,0,0,140.01481628418,0,0,13.7409353256226,0,0,29.2269039154053,20.6949234008789,0,0,142.478393554688,0,8.59236526489258,0,0,44.9957046508789,0,168.872924804688,3384.73095703125
02020000802,1812.04833984375,63.4716110229492,26.3472480773926,0,0,11.8744373321533,0,0,23.5197105407715,41.4914855957031,0,0,0,0,0,13.2552452087402,0,0,121.371368408203,0,0,12.9638166427612,0,0,29.5470867156982,20.2250938415527,0,0,130.782485961914,0,10.0195665359497,0,0,38.0381965637207,0,192.275299072266,2547.23095703125
02020000901,1024.16882324219,482.050170898438,184.198043823242,0,0,64.7422637939453,0,0,65.6561279296875,113.157051086426,0,0,0,0,0,78.8786849975586,0,0,363.502166748047,0,0,14.8729209899902,0,0,338.424102783203,69.6301651000977,0,0,490.799713134766,0,46.2997932434082,0,0,115.108421325684,0,476.591644287109,3928.07983398438
02020000902,1402.71032714844,14.6276798248291,5.64543914794922,0,0,2.11468601226807,0,0,19.887170791626,30.4369144439697,0,0,0,0,0,2.28174614906311,0,0,74.713264465332,0,0,9.6593542098999,0,0,9.1135311126709,11.971363067627,0,0,76.6005096435547,0,2.05595564842224,0,0,25.9223098754883,0,46.2047500610352,1733.94482421875
02020001000,2041.75817871094,272.646453857422,122.847984313965,0,0,50.191951751709,0,0,63.6200561523438,116.494132995605,0,0,0,0,0,62.8927459716797,0,0,414.921478271484,0,0,18.7341861724854,0,0,179.980178833008,66.3014373779297,0,0,446.125885009766,0,49.6527214050293,0,0,124.525337219238,0,117.860260009766,4148.55322265625
02020001100,965.475158691406,988.975158691406,419.499267578125,0,0,152.644882202148,0,0,104.963554382324,208.987045288086,0,0,0,0,0,179.315689086914,0,0,931.442749023438,0,0,10.1548719406128,0,0,400.977691650391,160.757522583008,0,0,1009.80554199219,0,171.725006103516,0,0,236.750213623047,0,16.9974994659424,5958.4716796875
02020001200,2304.4609375,205.909698486328,74.3603363037109,0,0,31.3320121765137,0,0,38.089599609375,69.4123687744141,0,0,0,0,0,38.4224815368652,0,0,253.718505859375,0,0,11.9974355697632,0,0,90.4864654541016,39.6567115783691,0,0,283.823944091797,0,28.1693801879883,0,0,74.1022109985352,0,127.484046936035,3671.42626953125
02020001300,2298.59106445313,43.5737800598145,19.3876857757568,0,0,10.3275766372681,0,0,7.15368604660034,13.1585025787354,0,0,0,0,0,8.08244514465332,0,0,68.9001083374023,0,0,3.36937236785889,0,0,25.2715034484863,8.89986515045166,0,0,57.4840507507324,0,7.77044200897217,0,0,13.3848886489868,0,51.315299987793,2636.67041015625
02020001400,2417.314453125,442.585815429688,155.542190551758,0,0,59.3605270385742,0,0,79.2877960205078,126.016288757324,0,0,0,0,0,73.1977844238281,0,0,425.728759765625,0,0,23.0781440734863,0,0,291.887756347656,85.7402725219727,0,0,555.030029296875,0,48.749137878418,0,0,146.391235351563,0,130.981735229492,5060.892578125
02020001500,3495.37573242188,229.278625488281,182.720550537109,0,0,89.381462097168,0,0,44.907096862793,70.9318923950195,0,0,0,0,0,38.4819450378418,0,0,261.133392333984,0,0,9.02479553222656,0,0,147.519668579102,49.1869239807129,0,0,284.873962402344,0,31.6026077270508,0,0,62.5168266296387,0,19.4937496185303,5016.4287109375
02020001601,2546.86743164063,40.2524490356445,22.8691177368164,0,0,11.3364295959473,0,0,8.96423149108887,20.5123424530029,0,0,0,0,0,10.2312450408936,0,0,96.1223678588867,0,0,2.75785994529724,0,0,29.6895084381104,11.5762138366699,0,0,85.7756958007813,0,8.72547149658203,0,0,21.5108528137207,0,9.97669982910156,2927.16772460938
02020001602,2062.544921875,301.281463623047,132.605651855469,0,0,41.2873344421387,0,0,26.7749633789063,92.3867797851563,0,0,0,0,0,51.324405670166,0,0,280.818664550781,0,0,9.64770603179932,0,0,85.2830276489258,27.6849308013916,0,0,360.311584472656,0,39.8619422912598,0,0,70.3562393188477,0,31.4212989807129,3613.5908203125
02020001701,3725.09912109375,55.4644584655762,23.6723594665527,0,0,12.4759244918823,0,0,19.615270614624,29.8005752563477,0,0,0,0,0,8.30529499053955,0,0,111.559104919434,0,0,8.24420833587646,0,0,31.994836807251,15.4749813079834,0,0,99.169303894043,0,6.69390249252319,0,0,28.4827308654785,0,176.681762695313,4352.7333984375
02020001702,3372.49365234375,42.3977012634277,56.7346611022949,0,0,19.2517375946045,0,0,13.5088386535645,32.6281471252441,0,0,0,0,0,8.2165060043335,0,0,156.714279174805,0,0,3.67635941505432,0,0,34.3532028198242,18.97731590271,0,0,121.401473999023,0,15.429347038269,0,0,26.7925281524658,0,29.3881492614746,3951.9638671875
02020001731,2518.87377929688,37.3905296325684,24.5037879943848,0,0,10.4961204528809,0,0,17.7431697845459,27.2960109710693,0,0,0,0,0,8.68022632598877,0,0,100.553230285645,0,0,7.64054870605469,0,0,25.4238700866699,14.8918972015381,0,0,92.6538162231445,0,7.92296028137207,0,0,26.9926624298096,0,296.597442626953,3217.65991210938
02020001732,3560.07006835938,32.5953598022461,11.3018207550049,0,0,6.40477991104126,0,0,10.4073991775513,17.3753204345703,0,0,0,0,0,6.56033897399902,0,0,86.0150909423828,0,0,3.7918758392334,0,0,22.445915222168,8.64307689666748,0,0,58.2630615234375,0,4.41554117202759,0,0,16.9083995819092,0,16.4555988311768,3861.65356445313
02020001801,2476.79956054688,44.9631805419922,24.8648490905762,0,0,14.4730453491211,0,0,28.4941749572754,36.4591445922852,0,0,0,0,0,6.62294864654541,0,0,112.20890045166,0,0,10.6392383575439,0,0,46.663257598877,19.9357395172119,0,0,112.295295715332,0,6.17211484909058,0,0,34.8656539916992,0,56.8508377075195,3032.30834960938
02020001802,2118.89306640625,166.157470703125,75.0046310424805,0,0,23.2708301544189,0,0,28.3621253967285,68.9301605224609,0,0,0,0,0,30.9672527313232,0,0,201.679656982422,0,0,10.8260536193848,0,0,51.3304405212402,25.2837867736816,0,0,227.741653442383,0,18.4620819091797,0,0,61.7883720397949,0,420.653442382813,3529.35107421875
02020001900,1716.09509277344,1219.98815917969,406.428955078125,0,0,172.758712768555,0,0,140.875762939453,211.559005737305,0,0,0,0,0,190.317901611328,0,0,895.695678710938,0,0,24.6312694549561,0,0,787.80224609375,198.271255493164,0,0,1152.49780273438,0,131.277496337891,0,0,282.883483886719,0,136.492233276367,7667.57470703125
02020002000,1863.46484375,231.732040405273,116.823059082031,0,0,40.6927528381348,0,0,58.2438125610352,81.3402938842773,0,0,0,0,0,67.1612243652344,0,0,321.50146484375,0,0,9.90313911437988,0,0,155.362533569336,47.3395881652832,0,0,406.257965087891,0,43.8671226501465,0,0,102.776794433594,0,337.941345214844,3884.408203125
02020002100,1720.56018066406,86.633918762207,41.238166809082,0,0,18.6974964141846,0,0,35.7599716186523,46.470890045166,0,0,0,0,0,14.355001449585,0,0,137.386138916016,0,0,11.8282632827759,0,0,85.296012878418,27.4091911315918,0,0,166.095428466797,0,10.8106250762939,0,0,49.7337265014648,0,126.006973266602,2578.28198242188
02020002201,2989.6181640625,33.4107513427734,38.3564033508301,0,0,15.6988220214844,0,0,24.5320739746094,34.1365051269531,0,0,0,0,0,17.5377044677734,0,0,135.803863525391,0,0,6.14057111740112,0,0,23.8115272521973,14.4669599533081,0,0,131.848297119141,0,11.7373428344727,0,0,34.9406700134277,0,27.8872509002686,3539.9267578125
02020002202,1378.63671875,33.2292404174805,24.2715873718262,0,0,15.1776514053345,0,0,25.3154430389404,32.9971542358398,0,0,0,0,0,6.10091972351074,0,0,91.9454116821289,0,0,9.20059299468994,0,0,24.6701126098633,16.5119953155518,0,0,95.3283843994141,0,4.44844627380371,0,0,29.2712230682373,0,93.8461456298828,1880.951171875
02020002301,4304.05712890625,312.660095214844,93.3711013793945,0,0,42.7557754516602,0,0,39.5528182983398,66.1604461669922,0,0,0,0,0,46.2663269042969,0,0,307.686859130859,0,0,4.94595384597778,0,0,194.273880004883,51.3162460327148,0,0,311.962310791016,0,40.5405311584473,0,0,75.1652450561523,0,46.6573829650879,5937.3720703125
02020002302,2403.18627929688,60.4868507385254,22.5240135192871,0,0,12.9701108932495,0,0,21.2741661071777,29.0590000152588,0,0,0,0,0,9.58729457855225,0,0,103.618698120117,0,0,7.5341591835022,0,0,39.7415161132813,17.3035697937012,0,0,101.63159942627,0,6.69937181472778,0,0,29.5161437988281,0,72.6150588989258,2937.74780273438
02020002303,4430.3505859375,71.1236724853516,58.1228981018066,0,0,26.2860164642334,0,0,35.6711845397949,55.2106819152832,0,0,0,0,0,15.086893081665,0,0,195.748291015625,0,0,13.9027643203735,0,0,58.6314315795898,29.3377552032471,0,0,196.497802734375,0,17.1180839538574,0,0,56.1919136047363,0,61.5922088623047,5320.873046875
02020002400,1678.28356933594,72.9843292236328,33.2237663269043,0,0,16.7119483947754,0,0,21.1258850097656,34.2021102905273,0,0,0,0,0,19.4821891784668,0,0,123.532173156738,0,0,8.15444183349609,0,0,54.9051094055176,19.3248481750488,0,0,128.144500732422,0,12.0014638900757,0,0,37.0407867431641,0,28.6319999694824,2287.74926757813
02020002501,3064.23779296875,245.488876342773,105.513153076172,0,0,53.9025535583496,0,0,61.9081573486328,63.5384788513184,0,0,0,0,0,36.621509552002,0,0,268.788848876953,0,0,6.50060653686523,0,0,368.382904052734,64.5076446533203,0,0,306.436004638672,0,33.6086540222168,0,0,84.0143127441406,0,28.2456092834473,4791.6953125
02020002502,2674.4140625,551.706176757813,237.343658447266,0,0,125.874862670898,0,0,124.931732177734,131.124450683594,0,0,0,0,0,86.5780639648438,0,0,501.526977539063,0,0,19.9164085388184,0,0,726.8271484375,132.75813293457,0,0,659.137084960938,0,64.3432998657227,0,0,180.158172607422,0,74.7767944335938,6291.41748046875
02020002601,1985.71166992188,267.809204101563,112.52237701416,0,0,76.287956237793,0,0,54.7092094421387,55.4045257568359,0,0,0,0,0,39.2894477844238,0,0,227.060913085938,0,0,7.94549989700317,0,0,274.261047363281,57.5649223327637,0,0,293.307769775391,0,27.8706493377686,0,0,77.318717956543,0,227.744033813477,3784.80810546875
02020002602,3503.02490234375,23.7314205169678,11.0471935272217,0,0,7.61692667007446,0,0,6.70414257049561,5.96251773834229,0,0,0,0,0,3.38975930213928,0,0,58.5344047546387,0,0,0.937489032745361,0,0,19.4930953979492,5.28559970855713,0,0,29.518217086792,0,3.20357179641724,0,0,7.63734006881714,0,87.9466552734375,3774.033203125
02020002603,3618.19189453125,34.9085693359375,17.3250980377197,0,0,9.00297832489014,0,0,9.85995388031006,12.1864595413208,0,0,0,0,0,5.70867776870728,0,0,76.0456161499023,0,0,2.63053703308105,0,0,21.9442386627197,8.30700206756592,0,0,50.6296043395996,0,4.77945947647095,0,0,13.7862586975098,0,11.2833003997803,3896.59008789063
02020002702,5977.01220703125,169.539596557617,72.6880111694336,0,0,32.3756523132324,0,0,33.4941482543945,42.6163787841797,0,0,0,0,0,26.9670429229736,0,0,215.609771728516,0,0,6.86032199859619,0,0,137.750305175781,35.4416885375977,0,0,205.878479003906,0,22.5457763671875,0,0,53.5715484619141,0,91.1310501098633,7123.482421875
02020002711,4074.22924804688,122.443801879883,46.3994331359863,0,0,13.2087516784668,0,0,19.7909603118896,23.8372230529785,0,0,0,0,0,25.7055530548096,0,0,129.810974121094,0,0,8.35094738006592,0,0,69.0367889404297,25.3799991607666,0,0,127.626045227051,0,12.5826148986816,0,0,36.2109031677246,0,21.0056896209717,4755.619140625
02020002712,3978.93896484375,371.273834228516,181.767822265625,0,0,74.9406280517578,0,0,63.1721343994141,76.0480651855469,0,0,0,0,0,67.44677734375,0,0,336.743469238281,0,0,14.483226776123,0,0,280.824340820313,72.4019317626953,0,0,421.283508300781,0,45.9168357849121,0,0,110.515487670898,0,696.484924316406,6792.2421875
02020002811,2708.44677734375,49.3593292236328,23.7363395690918,0,0,9.71300601959229,0,0,24.6187019348145,38.1656913757324,0,0,0,0,0,6.62687397003174,0,0,116.459503173828,0,0,10.3808612823486,0,0,29.9322891235352,18.1508350372314,0,0,115.222801208496,0,6.24585723876953,0,0,34.5624771118164,0,480.378479003906,3672
02020002812,4740.390625,81.7903518676758,66.5042266845703,0,0,31.661283493042,0,0,21.5686798095703,32.5735054016113,0,0,0,0,0,15.5767526626587,0,0,173.005828857422,0,0,5.22461843490601,0,0,75.8196411132813,23.9119625091553,0,0,147.82600402832,0,19.6513366699219,0,0,34.6758499145508,0,42.3257293701172,5512.50732421875
02020002813,3546.95703125,67.3020706176758,31.4573020935059,0,0,13.5242786407471,0,0,10.6457319259644,12.8203086853027,0,0,0,0,0,10.0069379806519,0,0,92.7241439819336,0,0,0.888282537460327,0,0,38.4500427246094,11.6273612976074,0,0,74.0767593383789,0,9.56561279296875,0,0,16.5399513244629,0,3.0721001625061,3939.65747070313
02020002821,3312.01904296875,43.9205474853516,25.2454452514648,0,0,15.6735877990723,0,0,7.81264925003052,9.08572769165039,0,0,0,0,0,7.56394100189209,0,0,71.0318069458008,0,0,1.09329867362976,0,0,44.4008750915527,8.95138645172119,0,0,48.3934669494629,0,6.11539316177368,0,0,11.5558586120605,0,51.1312522888184,3663.99462890625
02020002822,2825.109375,52.0195732116699,14.8292779922485,0,0,10.5239334106445,0,0,10.5763330459595,8.0980749130249,0,0,0,0,0,6.19935035705566,0,0,65.277099609375,0,0,0.5630122423172,0,0,36.1271324157715,9.26016330718994,0,0,47.6666946411133,0,4.55375909805298,0,0,11.7532682418823,0,36.6421890258789,3139.19946289063
02020002823,3730.75561523438,46.2876091003418,16.4570159912109,0,0,11.5572538375854,0,0,8.7540283203125,7.59992361068726,0,0,0,0,0,6.34093856811523,0,0,71.5505981445313,0,0,1.15659463405609,0,0,24.6664886474609,8.13362121582031,0,0,44.9446334838867,0,5.19065570831299,0,0,9.99385261535645,0,13.7633199691772,4007.15185546875
02020002900,2852.77075195313,40.5413475036621,35.7939605712891,0,0,12.784969329834,0,0,20.572940826416,30.5588264465332,0,0,0,0,0,20.8027305603027,0,0,126.144081115723,0,0,4.51396512985229,0,0,36.8197364807129,11.7626705169678,0,0,128.839492797852,0,14.0891666412354,0,0,34.2475242614746,0,97.9939727783203,3468.23608398438
02050000100,4046.41650390625,104.312576293945,53.7195663452148,0,0,21.9495906829834,0,0,13.9724092483521,24.1006641387939,0,0,0,0,0,20.012092590332,0,0,139.780456542969,0,0,3.81071329116821,0,0,56.3521881103516,20.9809837341309,0,0,115.882957458496,0,19.8183364868164,0,0,26.7317714691162,0,18.7903900146484,4686.630859375
02050000200,3163.58984375,67.5251922607422,32.3424911499023,0,0,14.3610610961914,0,0,22.0464859008789,35.9459838867188,0,0,0,0,0,15.7602128982544,0,0,141.44792175293,0,0,7.72743558883667,0,0,34.6221313476563,18.396936416626,0,0,126.532867431641,0,11.2125339508057,0,0,36.4746017456055,0,158.127502441406,3886.11352539063
02050000300,1119.86083984375,21.6394691467285,12.2671308517456,0,0,6.22262859344482,0,0,3.86496138572693,6.3307089805603,0,0,0,0,0,5.24670457839966,0,0,37.256664276123,0,0,1.24031567573547,0,0,13.1179609298706,4.92887544631958,0,0,31.297513961792,0,4.8506441116333,0,0,7.44839000701904,0,9.7681999206543,1285.34094238281
02060000100,1562.75891113281,52.8664894104004,57.9149131774902,0,0,32.1451530456543,0,0,20.6266059875488,22.4362449645996,0,0,0,0,0,10.1122426986694,0,0,95.5443954467773,0,0,1.86620223522186,0,0,85.9312973022461,24.0532341003418,0,0,104.178367614746,0,9.1266508102417,0,0,22.5954990386963,0,70.5148544311523,2172.67114257813
02068000100,2699.21118164063,40.6022300720215,32.9261779785156,0,0,11.715799331665,0,0,11.706262588501,22.6810493469238,0,0,0,0,0,14.382040977478,0,0,101.254371643066,0,0,3.33903789520264,0,0,23.6770877838135,11.7317333221436,0,0,87.2512969970703,0,12.298828125,0,0,22.9638271331787,0,179.602996826172,3275.34423828125
02070000100,2000.30773925781,25.2482204437256,9.80372524261475,0,0,3.11683011054993,0,0,2.4760730266571,7.07811117172241,0,0,0,0,0,4.14311647415161,0,0,39.1890563964844,0,0,0.986944019794464,0,0,8.48258876800537,2.49198341369629,0,0,27.0235157012939,0,3.61394190788269,0,0,3.63669276237488,0,16.4143714904785,2154.0126953125
02070000200,1540.84643554688,99.0876007080078,63.5739669799805,0,0,34.9521179199219,0,0,20.212818145752,39.0032272338867,0,0,0,0,0,21.2497863769531,0,0,138.447357177734,0,0,7.88516139984131,0,0,77.0076141357422,27.8199520111084,0,0,152.824447631836,0,20.1523036956787,0,0,34.4003715515137,0,64.0628433227539,2341.52587890625
02090000100,1194.44641113281,351.103698730469,152.405670166016,0,0,52.9795265197754,0,0,42.4164123535156,86.5110778808594,0,0,0,0,0,57.3618621826172,0,0,305.327484130859,0,0,13.4394235610962,0,0,156.212112426758,57.407886505127,0,0,386.688415527344,0,47.3293190002441,0,0,91.3941040039063,0,42.8605194091797,3037.88403320313
02090000200,1549.15832519531,106.742828369141,81.1294479370117,0,0,29.9196147918701,0,0,25.0858459472656,56.4076461791992,0,0,0,0,0,28.6792602539063,0,0,193.784210205078,0,0,9.60100841522217,0,0,51.4118804931641,24.1582489013672,0,0,217.886245727539,0,25.3606338500977,0,0,59.3547439575195,0,50.2810478210449,2508.96069335938
02090000300,2100.61596679688,184.650634765625,96.9998931884766,0,0,33.134407043457,0,0,40.7992630004883,86.2020416259766,0,0,0,0,0,39.0226821899414,0,0,275.364013671875,0,0,14.8646364212036,0,0,140.984329223633,42.1218948364258,0,0,312.486511230469,0,27.9391937255859,0,0,85.7676162719727,0,77.9909973144531,3558.94458007813
02090000400,2748.04516601563,62.7330703735352,29.8253231048584,0,0,15.386004447937,0,0,19.6536121368408,28.0027313232422,0,0,0,0,0,9.99078273773193,0,0,114.916084289551,0,0,5.39815759658813,0,0,49.0084075927734,17.2162399291992,0,0,107.275115966797,0,9.00552654266357,0,0,29.4442596435547,0,49.3466987609863,3295.24731445313
02090000500,1473.79467773438,216.388366699219,107.865707397461,0,0,58.0992164611816,0,0,48.3792495727539,56.2762336730957,0,0,0,0,0,36.0396614074707,0,0,212.600555419922,0,0,11.7994985580444,0,0,180.567611694336,49.962718963623,0,0,262.158386230469,0,28.7746334075928,0,0,69.9637298583984,0,57.8776512145996,2870.54809570313
02090000600,2080.705078125,122.405830383301,76.0593795776367,0,0,55.1312675476074,0,0,37.3349914550781,45.4416580200195,0,0,0,0,0,15.6344318389893,0,0,181.975280761719,0,0,6.38622617721558,0,0,135.898712158203,31.8195018768311,0,0,240.504638671875,0,24.4281787872314,0,0,52.0316696166992,0,241.489044189453,3347.24609375
02090000700,2173.517578125,160.416488647461,77.6840362548828,0,0,34.2878456115723,0,0,36.976879119873,52.038143157959,0,0,0,0,0,33.2468147277832,0,0,193.804794311523,0,0,12.5979051589966,0,0,113.137687683105,40.4293479919434,0,0,233.14323425293,0,22.7035350799561,0,0,64.2498168945313,0,82.1189651489258,3330.35302734375
02090000800,3053.00463867188,66.2937393188477,54.8959884643555,0,0,21.856502532959,0,0,22.7189788818359,37.8736381530762,0,0,0,0,0,13.3078212738037,0,0,144.21337890625,0,0,8.13973522186279,0,0,41.195556640625,20.0443115234375,0,0,141.546020507813,0,17.9694442749023,0,0,37.7308883666992,0,32.8470993041992,3713.63745117188
02090000900,4465.68017578125,39.6925010681152,13.6784257888794,0,0,9.07774448394775,0,0,7.03522920608521,7.61041021347046,0,0,0,0,0,5.80146408081055,0,0,72.112434387207,0,0,1.28785586357117,0,0,22.2878971099854,7.17228317260742,0,0,37.7662124633789,0,3.87118625640869,0,0,9.6141996383667,0,5.58152008056641,4708.26904296875
02090001000,795.465026855469,398.057006835938,180.618942260742,0,0,98.3103790283203,0,0,80.7571182250977,74.447509765625,0,0,0,0,0,63.7497978210449,0,0,328.153839111328,0,0,5.51098442077637,0,0,370.944793701172,80.742919921875,0,0,432.547760009766,0,50.8041534423828,0,0,107.97843170166,0,156.635360717773,3224.72387695313
02090001100,3211.75610351563,30.263240814209,70.560188293457,0,0,54.1392478942871,0,0,18.9332466125488,109.421691894531,0,0,0,0,0,70.913200378418,0,0,428.940002441406,0,0,8.28582954406738,0,0,29.3909072875977,15.4018564224243,0,0,344.762847900391,0,41.6512985229492,0,0,105.252021789551,0,30.6093482971191,4570.28076171875
02090001200,4545.75048828125,48.5937194824219,26.8196277618408,0,0,12.9956197738647,0,0,9.25356674194336,13.2104759216309,0,0,0,0,0,7.18004751205444,0,0,96.423095703125,0,0,1.48800373077393,0,0,32.3995323181152,11.0109739303589,0,0,63.8250274658203,0,8.12683296203613,0,0,14.4629993438721,0,265.107025146484,5156.646484375
02090001300,4185.7099609375,129.555770874023,97.6734161376953,0,0,44.0051498413086,0,0,23.1140155792236,59.8272743225098,0,0,0,0,0,49.2258148193359,0,0,281.751892089844,0,0,7.73629188537598,0,0,85.8993377685547,30.3425312042236,0,0,260.198486328125,0,34.0291137695313,0,0,72.1393966674805,0,18.3731498718262,5379.58154296875
02090001400,4179.02490234375,71.5020294189453,32.366756439209,0,0,22.0320682525635,0,0,17.8763008117676,17.0749435424805,0,0,0,0,0,9.44497680664063,0,0,98.1802597045898,0,0,2.28162980079651,0,0,58.7980690002441,17.8075389862061,0,0,74.8312454223633,0,8.52092742919922,0,0,18.9043388366699,0,576.119201660156,5204.7646484375
02090001500,6019.859375,68.7920303344727,28.4738292694092,0,0,19.7714805603027,0,0,17.4372425079346,16.9301662445068,0,0,0,0,0,9.19791221618652,0,0,120.568397521973,0,0,3.90050292015076,0,0,47.2492752075195,16.6983528137207,0,0,80.2379989624023,0,6.74935388565063,0,0,21.1228160858154,0,210.288314819336,6687.2763671875
02090001600,2994.69921875,86.5586547851563,56.9184341430664,0,0,27.7339496612549,0,0,22.219554901123,27.6856746673584,0,0,0,0,0,13.4302635192871,0,0,131.448822021484,0,0,4.97115850448608,0,0,70.6260604858398,24.5029315948486,0,0,129.380950927734,0,12.9033460617065,0,0,31.5903224945068,0,168.725860595703,3803.39477539063
02090001700,2114.103515625,10.3593997955322,6.44935131072998,0,0,3.40908694267273,0,0,3.89930987358093,4.02844142913818,0,0,0,0,0,2.43819308280945,0,0,34.7028617858887,0,0,0.922528386116028,0,0,9.92082595825195,2.80954098701477,0,0,18.5655670166016,0,1.86742043495178,0,0,5.02180194854736,0,97.1030502319336,2315.60131835938
02090001800,1428.92504882813,40.017749786377,46.0200538635254,0,0,26.2424850463867,0,0,10.7794713973999,39.985652923584,0,0,0,0,0,24.8017101287842,0,0,172.131454467773,0,0,3.40406370162964,0,0,23.2468891143799,13.3323936462402,0,0,134.302841186523,0,22.61181640625,0,0,37.4674072265625,0,7.8030800819397,2031.07202148438
02090001900,9448.6826171875,116.907539367676,70.3742141723633,0,0,48.9960479736328,0,0,32.0583534240723,27.0851802825928,0,0,0,0,0,16.6170959472656,0,0,199.022079467773,0,0,3.38805913925171,0,0,104.782257080078,28.8116359710693,0,0,135.994415283203,0,13.1108455657959,0,0,32.9719772338867,0,296.478302001953,10575.2802734375
02100000100,2253.3583984375,83.6877593994141,48.9949913024902,0,0,19.4077167510986,0,0,14.5894546508789,20.3563575744629,0,0,0,0,0,17.3180332183838,0,0,103.929733276367,0,0,3.48643374443054,0,0,55.3493881225586,18.1228427886963,0,0,110.798027038574,0,14.8242969512939,0,0,27.0418434143066,0,74.6577606201172,2865.92260742188
02105000200,88.5783004760742,0,0,0,0,0,0,0,7.44000002741814E-02,0.111599996685982,0,0,0,0,0,0,0,0,1.08752405643463,0,0,3.86880002915859E-02,0,0,0,3.86880002915859E-02,0,0,0.244404017925262,0,0,0,0,9.03960019350052E-02,0,9.14099979400635,99.4050064086914
02105000300,2408.55395507813,45.2608299255371,38.370059967041,0,0,18.143383026123,0,0,10.6762676239014,21.8115692138672,0,0,0,0,0,12.2290191650391,0,0,92.3525619506836,0,0,3.97440505027771,0,0,32.9772682189941,13.375804901123,0,0,83.311408996582,0,13.4429931640625,0,0,19.804069519043,0,142.512298583984,2956.79565429688
02110000100,3388.32543945313,119.644866943359,72.4767150878906,0,0,37.6846618652344,0,0,26.1531410217285,39.1790199279785,0,0,0,0,0,27.6168308258057,0,0,186.909591674805,0,0,4.97570657730103,0,0,87.8009796142578,28.7510318756104,0,0,185.52082824707,0,23.2760677337646,0,0,46.6947326660156,0,43.9505882263184,4318.9599609375
02110000200,3793.88305664063,107.544013977051,71.79150390625,0,0,31.035472869873,0,0,26.2071399688721,34.7973823547363,0,0,0,0,0,20.0613460540771,0,0,156.378982543945,0,0,8.05630779266357,0,0,76.8346862792969,29.538745880127,0,0,150.014404296875,0,17.3076705932617,0,0,39.6778602600098,0,226.113342285156,4789.2412109375
02110000300,2377.44580078125,233.833206176758,91.4896926879883,0,0,33.000358581543,0,0,41.0870056152344,59.0761260986328,0,0,0,0,0,42.6368446350098,0,0,240.552398681641,0,0,10.1149520874023,0,0,143.025970458984,46.5884132385254,0,0,265.806427001953,0,30.7319259643555,0,0,71.5774154663086,0,264.072418212891,3951.0390625
02110000400,1802.89855957031,220.663467407227,96.8938217163086,0,0,52.1902694702148,0,0,45.6948051452637,47.7294998168945,0,0,0,0,0,30.1897964477539,0,0,197.257858276367,0,0,4.71453666687012,0,0,141.180297851563,42.0153350830078,0,0,223.017211914063,0,21.8956127166748,0,0,53.119514465332,0,573.640441894531,3553.10083007813
02110000500,2381.70458984375,406.548217773438,369.04052734375,0,0,119.407539367676,0,0,98.103889465332,191.619277954102,0,0,0,0,0,85.7285385131836,0,0,804.658447265625,0,0,15.7731237411499,0,0,218.726699829102,125.138130187988,0,0,614.82275390625,0,161.346115112305,0,0,165.318786621094,0,51.9963493347168,5809.93359375
02110000600,3224.84008789063,59.6632385253906,30.8798484802246,0,0,13.9973773956299,0,0,29.9152393341064,41.5052146911621,0,0,0,0,0,9.92945384979248,0,0,140.958526611328,0,0,10.8932800292969,0,0,31.509765625,21.7245960235596,0,0,130.495880126953,0,10.8365268707275,0,0,39.5951957702637,0,146.223587036133,3942.9677734375
02122000100,617.825988769531,1.05092000961304,4.94417238235474,0,0,3.99772047996521,0,0,0.190819501876831,7.85253810882568,0,0,0,0,0,6.26168823242188,0,0,37.5262908935547,0,0,8.66910070180893E-03,0,0,0.165331706404686,0.291388899087906,0,0,23.2848205566406,0,3.09030222892761,0,0,7.69233798980713,0,16.9150009155273,731.097900390625
02122000200,3912.251953125,127.801734924316,117.903869628906,0,0,73.3302917480469,0,0,34.5276298522949,43.410831451416,0,0,0,0,0,28.1956100463867,0,0,211.099075317383,0,0,5.18447542190552,0,0,138.860916137695,39.7172813415527,0,0,199.543380737305,0,27.8596687316895,0,0,48.3636436462402,0,335.775665283203,5343.82666015625
02122000300,1428.88562011719,12.8735198974609,14.2969121932983,0,0,7.76818466186523,0,0,3.50340461730957,8.46963787078857,0,0,0,0,0,5.7302131652832,0,0,40.9737167358398,0,0,0.739319264888763,0,0,10.3328475952148,4.27455472946167,0,0,31.9176082611084,0,5.36530256271362,0,0,7.55762004852295,0,38.184398651123,1620.873046875
02122000400,6340.92578125,72.0482025146484,42.5792465209961,0,0,19.0253257751465,0,0,15.9849433898926,17.4238815307617,0,0,0,0,0,14.771143913269,0,0,139.21598815918,0,0,2.4549286365509,0,0,61.5652847290039,16.8304386138916,0,0,99.4577865600586,0,12.0801725387573,0,0,24.724925994873,0,468.802886962891,7347.89111328125
02122000500,4068.71997070313,245.599945068359,114.29345703125,0,0,42.7381935119629,0,0,39.6507949829102,63.5416526794434,0,0,0,0,0,47.007266998291,0,0,257.850433349609,0,0,12.1737031936646,0,0,141.810562133789,46.2688446044922,0,0,304.915924072266,0,33.5105400085449,0,0,72.9529418945313,0,268.521759033203,5759.55712890625
02122000600,3979.84497070313,175.334732055664,97.9017944335938,0,0,45.2048759460449,0,0,40.2245979309082,65.9585647583008,0,0,0,0,0,31.2307376861572,0,0,251.407730102539,0,0,12.1044321060181,0,0,139.157974243164,42.9960517883301,0,0,272.493713378906,0,31.0494823455811,0,0,71.3893432617188,0,249.054260253906,5505.353515625
02122000700,7671.9111328125,232.766265869141,124.079536437988,0,0,59.8440704345703,0,0,52.1304969787598,52.1167869567871,0,0,0,0,0,44.9777641296387,0,0,299.84521484375,0,0,7.58976650238037,0,0,213.841720581055,53.8325271606445,0,0,312.881774902344,0,36.1407165527344,0,0,79.9132385253906,0,308.484375,9550.3564453125
02122000800,4394.876953125,46.6802291870117,40.5568428039551,0,0,20.7348155975342,0,0,12.0280799865723,16.5710716247559,0,0,0,0,0,11.7337684631348,0,0,106.10880279541,0,0,1.5837938785553,0,0,47.1897277832031,12.0053825378418,0,0,82.0989379882813,0,12.3423738479614,0,0,19.3952960968018,0,173.482147216797,4997.38916015625
02122000900,1698.3525390625,15.4420003890991,8.26555633544922,0,0,5.09531879425049,0,0,5.25028038024902,4.41954469680786,0,0,0,0,0,3.93621420860291,0,0,35.9467735290527,0,0,0.471107304096222,0,0,12.405725479126,3.34440922737122,0,0,25.0157299041748,0,2.75982117652893,0,0,6.36948871612549,0,37.244571685791,1864.31896972656
02122001000,2845.39233398438,277.620574951172,166.543884277344,0,0,78.7533569335938,0,0,55.0792388916016,75.3670654296875,0,0,0,0,0,54.3052673339844,0,0,308.738494873047,0,0,9.6663703918457,0,0,209.351547241211,56.4416580200195,0,0,392.17724609375,0,47.7910003662109,0,0,92.2576370239258,0,160.481506347656,4829.9677734375
02122001100,2551.59204101563,21.7059097290039,16.2765712738037,0,0,8.68556213378906,0,0,5.42244482040405,8.49897193908691,0,0,0,0,0,4.95756101608276,0,0,54.8508720397949,0,0,1.54581475257874,0,0,21.276388168335,6.46758222579956,0,0,36.7125434875488,0,5.51135444641113,0,0,8.58379077911377,0,78.0345993041992,2830.1220703125
02122001200,1424.68835449219,0.162640005350113,8.29463973641396E-02,0,0,1.95167995989323E-02,0,0,1.33548998832703,1.99225687980652,0,0,0,0,0,3.53742018342018E-02,0,0,17.9410381317139,0,0,0.662739992141724,0,0,0.837189435958862,0.721696972846985,0,0,4.49086952209473,0,4.02534008026123E-02,0,0,1.65138733386993,0,17.1162490844727,1471.77783203125
02122001300,3214.69482421875,192.909622192383,92.4380645751953,0,0,39.7611999511719,0,0,31.3339347839355,55.432186126709,0,0,0,0,0,46.4100189208984,0,0,242.604049682617,0,0,6.68236303329468,0,0,118.318199157715,34.1606788635254,0,0,268.5146484375,0,30.2949085235596,0,0,68.1650924682617,0,214.885192871094,4656.60498046875
02130000100,2696.0517578125,102.246017456055,34.3713874816895,0,0,16.5619621276855,0,0,18.2503814697266,21.126880645752,0,0,0,0,0,17.6237125396729,0,0,106.310752868652,0,0,3.42482137680054,0,0,100.853302001953,22.1952342987061,0,0,110.391845703125,0,11.3158292770386,0,0,29.3892784118652,0,75.5777130126953,3365.69116210938
02130000200,2500.31713867188,206.940887451172,105.317100524902,0,0,41.3770179748535,0,0,40.5359802246094,69.177848815918,0,0,0,0,0,38.4360694885254,0,0,253.063201904297,0,0,13.3730335235596,0,0,167.606475830078,47.7077407836914,0,0,306.059539794922,0,33.6426239013672,0,0,76.760368347168,0,143.902069091797,4044.216796875
02130000300,1460.60607910156,148.107879638672,114.533760070801,0,0,56.2768135070801,0,0,54.4217910766602,66.3182220458984,0,0,0,0,0,28.287914276123,0,0,229.751434326172,0,0,11.0727224349976,0,0,226.514755249023,59.2647819519043,0,0,261.0986328125,0,25.7179641723633,0,0,71.696647644043,0,43.5495986938477,2857.21899414063
02130000400,1440.25476074219,25.76708984375,12.89430809021,0,0,8.18827819824219,0,0,8.14532852172852,14.4090747833252,0,0,0,0,0,5.35295152664185,0,0,52.9485092163086,0,0,1.6894394159317,0,0,21.5671482086182,7.9643931388855,0,0,44.850772857666,0,4.97644662857056,0,0,12.3030118942261,0,41.3454551696777,1702.65686035156
02150000100,1780.20068359375,71.9068069458008,74.2046356201172,0,0,46.8546028137207,0,0,20.2893810272217,23.8766937255859,0,0,0,0,0,15.138370513916,0,0,116.987457275391,0,0,2.01480174064636,0,0,83.5493774414063,24.8116340637207,0,0,112.033615112305,0,17.3417510986328,0,0,26.6165924072266,0,41.2785720825195,2457.10522460938
02150000200,3077.5390625,124.068878173828,59.3905143737793,0,0,23.6998157501221,0,0,29.4018726348877,41.0615577697754,0,0,0,0,0,21.995641708374,0,0,159.921600341797,0,0,6.467698097229,0,0,109.593910217285,27.2133197784424,0,0,174.801376342773,0,16.7592849731445,0,0,45.6654396057129,0,578.907958984375,4496.48828125
02150000300,1012.23199462891,74.5230865478516,63.4751625061035,0,0,33.358470916748,0,0,21.3648853302002,30.7602996826172,0,0,0,0,0,16.9819068908691,0,0,113.990669250488,0,0,4.8029956817627,0,0,106.853820800781,28.3181762695313,0,0,128.590682983398,0,14.7925777435303,0,0,31.5185852050781,0,8.46374988555908,1690.02722167969
02150000400,491.273315429688,68.5321578979492,43.1729011535645,0,0,16.0684070587158,0,0,12.9831027984619,25.7570304870605,0,0,0,0,0,13.9012956619263,0,0,97.9682540893555,0,0,3.75418877601624,0,0,41.8969192504883,16.0876579284668,0,0,107.475273132324,0,14.8036451339722,0,0,27.179744720459,0,13.450119972229,994.304077148438
02150000500,527.159118652344,10.9370498657227,7.70560359954834,0,0,4.96841955184937,0,0,3.85504460334778,11.3303327560425,0,0,0,0,0,6.78270530700684,0,0,44.677848815918,0,0,0.974261581897736,0,0,11.9732389450073,3.14633655548096,0,0,36.4302673339844,0,4.03538179397583,0,0,11.3111219406128,0,4.84324979782104,690.130065917969
02164000100,2189.09912109375,51.6488189697266,23.6954116821289,0,0,8.77030372619629,0,0,6.11864852905273,16.057186126709,0,0,0,0,0,10.7237882614136,0,0,76.6149520874023,0,0,1.34652948379517,0,0,22.3197345733643,6.92270231246948,0,0,65.6664962768555,0,9.02829647064209,0,0,11.9368572235107,0,8.94400024414063,2508.89282226563
02170000101,2312.60522460938,0.71126002073288,1.86902344226837,0,0,0.652186453342438,0,0,0.216715887188911,0.749804437160492,0,0,0,0,0,0.745163321495056,0,0,26.5916023254395,0,0,9.91229992359877E-03,0,0,0.428155303001404,0.129385307431221,0,0,4.03505802154541,0,0.661851406097412,0,0,1.02455079555511,0,55.7199974060059,2406.15014648438
02170000102,3555.6416015625,47.577091217041,30.644832611084,0,0,11.4318504333496,0,0,8.00433254241943,12.6284046173096,0,0,0,0,0,10.4865064620972,0,0,89.0273971557617,0,0,1.30601835250854,0,0,29.5830726623535,8.95163440704346,0,0,68.0168609619141,0,9.86325645446777,0,0,15.9724397659302,0,89.7358016967773,3988.87109375
02170000200,2581.88720703125,132.389831542969,78.4177856445313,0,0,47.0740928649902,0,0,28.0284614562988,28.2821807861328,0,0,0,0,0,25.9143180847168,0,0,156.982559204102,0,0,3.14730834960938,0,0,115.686157226563,28.8527336120605,0,0,180.785049438477,0,23.4209270477295,0,0,42.0472564697266,0,117.226905822754,3590.14306640625
02170000300,3550.24291992188,6.36674022674561,1.83087778091431,0,0,1.71145164966583,0,0,3.58054137229919,5.16034936904907,0,0,0,0,0,1.49489808082581,0,0,49.7104454040527,0,0,1.18200159072876,0,0,3.6676139831543,2.2111189365387,0,0,15.1865158081055,0,0.725375235080719,0,0,4.9397988319397,0,167.337249755859,3815.34765625
02170000401,1422.04931640625,8.6899299621582,7.44878578186035,0,0,4.32200336456299,0,0,3.1257176399231,5.09709405899048,0,0,0,0,0,1.40831124782562,0,0,27.3622894287109,0,0,0.445566415786743,0,0,12.780966758728,4.20360565185547,0,0,15.3687868118286,0,1.56866693496704,0,0,3.95991635322571,0,91.5189514160156,1609.34997558594
02170000402,2974.23657226563,10.701319694519,5.78579759597778,0,0,2.64469575881958,0,0,3.08640694618225,3.49984979629517,0,0,0,0,0,2.09561252593994,0,0,43.6256370544434,0,0,0.630615293979645,0,0,5.5227255821228,2.62700963020325,0,0,16.3026332855225,0,1.82025337219238,0,0,4.17952251434326,0,105.159202575684,3181.91821289063
02170000501,1822.99206542969,0.119839996099472,6.11184015870094E-02,0,0,1.43807996064425E-02,0,0,2.54315996170044,3.8066508769989,0,0,0,0,0,2.60652024298906E-02,0,0,25.0701866149902,0,0,1.29907441139221,0,0,0.616876423358917,1.34251642227173,0,0,8.43075370788574,0,0.02966040186584,0,0,3.11113619804382,0,66.940544128418,1936.40417480469
02170000502,2988.22021484375,5.40537023544312,3.83670091629028,0,0,1.95603024959564,0,0,1.82541704177856,2.39998149871826,0,0,0,0,0,1.47532296180725,0,0,39.0146522521973,0,0,0.301926702260971,0,0,3.49984765052795,1.37401950359344,0,0,11.0857963562012,0,1.31186378002167,0,0,2.78345966339111,0,107.973495483398,3172.46362304688
02170000601,2567.38403320313,20.3445701599121,7.06415367126465,0,0,3.8086531162262,0,0,6.77582454681396,6.96440935134888,0,0,0,0,0,2.33076930046082,0,0,46.731014251709,0,0,1.42259192466736,0,0,20.4715042114258,5.13546800613403,0,0,26.0654792785645,0,1.86241137981415,0,0,7.46116876602173,0,66.6411056518555,2790.462890625
02170000603,3728.30078125,15.9035301208496,9.82575702667236,0,0,5.56581258773804,0,0,5.40312576293945,4.83408498764038,0,0,0,0,0,2.32569575309753,0,0,54.6107482910156,0,0,1.20095944404602,0,0,14.7276744842529,4.46890163421631,0,0,24.674747467041,0,2.8533079624176,0,0,6.43657541275024,0,139.015243530273,4020.14697265625
02170000604,2629.85498046875,7.57260036468506,7.73200464248657,0,0,4.10548114776611,0,0,3.90131044387817,5.98548364639282,0,0,0,0,0,1.65552127361298,0,0,42.6309852600098,0,0,1.36864101886749,0,0,4.72500419616699,2.55868697166443,0,0,20.8255958557129,0,1.96186256408691,0,0,6.08476161956787,0,96.3759460449219,2837.33911132813
02170000701,2343.24633789063,18.1394100189209,8.55684661865234,0,0,6.93665981292725,0,0,6.79189443588257,5.2652792930603,0,0,0,0,0,1.9103729724884,0,0,40.1848373413086,0,0,1.1153039932251,0,0,21.5971736907959,4.82529067993164,0,0,22.358081817627,0,1.55988311767578,0,0,6.38899374008179,0,32.9446296691895,2521.82104492188
02170000703,1977.30981445313,27.0032196044922,8.6787109375,0,0,4.62328004837036,0,0,9.3308162689209,7.79570245742798,0,0,0,0,0,3.2063775062561,0,0,44.2575798034668,0,0,2.06314420700073,0,0,24.8811569213867,7.70729303359985,0,0,33.9155502319336,0,2.04465484619141,0,0,10.0242443084717,0,163.299438476563,2326.14111328125
02170000705,1975.7392578125,20.2665596008301,10.4315328598022,0,0,7.14218235015869,0,0,7.98578071594238,9.33840465545654,0,0,0,0,0,2.84556818008423,0,0,47.3394050598145,0,0,2.32140612602234,0,0,19.1087684631348,6.9852237701416,0,0,37.2855339050293,0,3.00322031974792,0,0,10.1230869293213,0,10.012149810791,2169.92822265625
02170000706,2844.45703125,72.7096939086914,30.9402256011963,0,0,17.9292392730713,0,0,15.3523502349854,13.2095241546631,0,0,0,0,0,9.20668506622314,0,0,86.6521301269531,0,0,1.23590910434723,0,0,59.1993522644043,14.8788270950317,0,0,78.4394073486328,0,8.56171703338623,0,0,19.4702548980713,0,27.6374492645264,3299.8798828125
02170000800,2181.953125,290.491027832031,114.062599182129,0,0,39.7848281860352,0,0,43.3154220581055,64.8665390014648,0,0,0,0,0,48.8467674255371,0,0,237.844055175781,0,0,14.0773658752441,0,0,165.601638793945,52.3475685119629,0,0,309.649169921875,0,29.8203525543213,0,0,80.8832626342773,0,100.981147766113,3774.52465820313
02170000900,1549.83801269531,130.839126586914,65.625,0,0,25.47705078125,0,0,20.6282157897949,29.6664772033691,0,0,0,0,0,24.6440448760986,0,0,123.312393188477,0,0,6.33924198150635,0,0,85.2852325439453,27.6035919189453,0,0,152.818237304688,0,18.9251270294189,0,0,38.7995414733887,0,74.6588516235352,2374.46020507813
02170001001,2144.95458984375,14.9363498687744,3.90381193161011,0,0,3.63795948028564,0,0,6.14953851699829,5.32270050048828,0,0,0,0,0,1.12453484535217,0,0,35.4068145751953,0,0,1.5804877281189,0,0,7.9748363494873,3.99384593963623,0,0,18.6650104522705,0,0.68232399225235,0,0,5.65491676330566,0,21.4991512298584,2275.4873046875
02170001003,1812.80187988281,32.2485198974609,19.0751323699951,0,0,6.75789499282837,0,0,4.51143312454224,8.59386920928955,0,0,0,0,0,6.2567572593689,0,0,50.3810844421387,0,0,0.746609389781952,0,0,14.8846406936646,4.93060731887817,0,0,40.8190498352051,0,4.92145586013794,0,0,9.97052192687988,0,223.802536010742,2240.7021484375
02170001004,2917.11840820313,99.3890838623047,34.9904556274414,0,0,16.7857513427734,0,0,20.2291851043701,20.0040988922119,0,0,0,0,0,14.7843761444092,0,0,104.704872131348,0,0,3.7581799030304,0,0,66.1163330078125,19.7052249908447,0,0,100.165420532227,0,8.05131053924561,0,0,26.8030090332031,0,66.7661972045898,3519.3720703125
02170001100,3380.00244140625,18.2218494415283,9.08586692810059,0,0,6.54790544509888,0,0,5.65009021759033,6.96581792831421,0,0,0,0,0,3.74708127975464,0,0,56.0226173400879,0,0,1.78211176395416,0,0,15.0439424514771,4.86363983154297,0,0,27.9994926452637,0,2.5797746181488,0,0,7.57812404632568,0,6.10945987701416,3552.20043945313
02170001201,2837.20581054688,164.149002075195,75.57275390625,0,0,44.4242935180664,0,0,35.7838020324707,51.9849624633789,0,0,0,0,0,30.3341426849365,0,0,214.839736938477,0,0,6.25902128219604,0,0,111.831199645996,34.0577049255371,0,0,207.353912353516,0,26.8094234466553,0,0,50.8909606933594,0,88.4343490600586,3979.93090820313
02170001202,2682.37255859375,84.3853073120117,41.1165618896484,0,0,14.8525409698486,0,0,16.1164131164551,25.5491352081299,0,0,0,0,0,14.1333713531494,0,0,114.834175109863,0,0,4.50716781616211,0,0,46.360424041748,18.376932144165,0,0,115.384468078613,0,12.3627185821533,0,0,29.3631801605225,0,28.8481979370117,3248.56298828125
02170001300,3374.2841796875,15.5663604736328,9.10283946990967,0,0,4.86183595657349,0,0,5.96330118179321,8.37025356292725,0,0,0,0,0,3.51195645332336,0,0,59.6131744384766,0,0,1.52694404125214,0,0,16.2302799224854,4.82384490966797,0,0,33.3578567504883,0,3.16275787353516,0,0,9.71982765197754,0,133.894439697266,3683.98999023438
02180000100,3054.85864257813,118.468795776367,69.2212982177734,0,0,25.5872573852539,0,0,17.9382419586182,37.6949882507324,0,0,0,0,0,23.2534790039063,0,0,160.64030456543,0,0,6.155592918396,0,0,60.7568626403809,26.5273590087891,0,0,139.387603759766,0,25.3924045562744,0,0,33.6259498596191,0,35.1960792541504,3834.70458984375
02180000200,2426.41015625,60.7423133850098,25.4053001403809,0,0,9.99203681945801,0,0,15.4237451553345,30.2981491088867,0,0,0,0,0,12.7646837234497,0,0,103.750389099121,0,0,5.73702955245972,0,0,36.5969772338867,14.1052227020264,0,0,106.812339782715,0,9.03877830505371,0,0,26.4145011901855,0,98.7835006713867,2982.27514648438
02185000100,2006.48889160156,68.2275543212891,38.4280433654785,0,0,15.9217205047607,0,0,20.8195152282715,33.7216186523438,0,0,0,0,0,11.8055849075317,0,0,110.418571472168,0,0,7.72092056274414,0,0,33.8872680664063,19.1908435821533,0,0,116.672515869141,0,13.3606071472168,0,0,30.7654285430908,0,58.7289505004883,2586.158203125
02185000200,1597.4609375,37.6123085021973,31.4316577911377,0,0,14.8704032897949,0,0,6.89135551452637,18.1260738372803,0,0,0,0,0,12.3787574768066,0,0,90.052131652832,0,0,2.54104042053223,0,0,31.1783390045166,10.6836776733398,0,0,76.9390182495117,0,14.0269765853882,0,0,18.9294567108154,0,14.2218284606934,1977.34387207031
02185000300,594.820129394531,32.1769866943359,96.1898193359375,0,0,81.3699798583984,0,0,10.1734924316406,114.747344970703,0,0,0,0,0,93.4383544921875,0,0,458.205657958984,0,0,1.50110864639282,0,0,34.7795829772949,10.9830598831177,0,0,359.020721435547,0,41.0011596679688,0,0,114.113800048828,0,0.359809994697571,2042.88110351563
02188000100,2449.50903320313,31.0659313201904,28.940673828125,0,0,15.4024324417114,0,0,4.54026174545288,25.5112209320068,0,0,0,0,0,18.8113994598389,0,0,117.256874084473,0,0,3.73927211761475,0,0,15.0998783111572,7.29009580612183,0,0,84.5619125366211,0,13.0835809707642,0,0,23.6696586608887,0,6.05854988098145,2844.54052734375
02188000200,1385.01770019531,205.550857543945,39.3988914489746,0,0,20.1914386749268,0,0,21.0622138977051,40.1899833679199,0,0,0,0,0,27.3919239044189,0,0,151.938079833984,0,0,6.54397439956665,0,0,67.9552764892578,27.5121574401855,0,0,184.176696777344,0,18.3633651733398,0,0,41.0552597045898,0,64.9710464477539,2301.31884765625
02195000200,2813.60229492188,148.174987792969,98.0045471191406,0,0,46.4731979370117,0,0,31.1487522125244,39.4887466430664,0,0,0,0,0,28.6303901672363,0,0,186.608444213867,0,0,4.64938831329346,0,0,132.408767700195,35.7467269897461,0,0,196.83447265625,0,25.1560077667236,0,0,45.7602386474609,0,255.701049804688,4088.38818359375
02198000100,1510.98620605469,22.6238899230957,17.9185009002686,0,0,10.4336624145508,0,0,5.55017471313477,16.5209007263184,0,0,0,0,0,7.35287523269653,0,0,57.789192199707,0,0,2.16767120361328,0,0,14.4661979675293,6.93247175216675,0,0,47.006103515625,0,8.07204151153564,0,0,10.9263954162598,0,159.638534545898,1898.38488769531
02198000200,1311.91235351563,67.8871383666992,53.439811706543,0,0,23.0149745941162,0,0,14.0820512771606,26.3398914337158,0,0,0,0,0,14.817307472229,0,0,112.789443969727,0,0,3.35581183433533,0,0,60.8098564147949,19.5619258880615,0,0,106.09602355957,0,20.6388988494873,0,0,26.252965927124,0,272.877532958984,2133.87573242188
02198000300,93.8393173217773,0.088139995932579,0.227679491043091,0,0,0.075144000351429,0,0,0.520412087440491,0.823474407196045,0,0,0,0,0,0.171316400170326,0,0,2.69935846328735,0,0,0.269994884729385,0,0,0.102582298219204,0.282537907361984,0,0,2.21632170677185,0,0.123924002051353,0,0,0.714794456958771,0,14.0510005950928,116.206001281738
02198940100,629.5107421875,9.3161096572876,7.52888107299805,0,0,4.38947248458862,0,0,2.88384199142456,5.96433448791504,0,0,0,0,0,2.50018858909607,0,0,23.5160026550293,0,0,1.46755313873291,0,0,5.95522499084473,3.54830002784729,0,0,18.1510581970215,0,3.64954710006714,0,0,4.25929498672485,0,90.8074035644531,813.447875976563
02220000100,1937.93395996094,84.1982574462891,41.1271858215332,0,0,21.4869155883789,0,0,24.0421657562256,28.0751647949219,0,0,0,0,0,16.7958717346191,0,0,120.377052307129,0,0,4.42587995529175,0,0,77.44091796875,20.8976802825928,0,0,129.795639038086,0,13.5024785995483,0,0,35.2658729553223,0,363.792877197266,2919.15771484375
02220000200,3217.00756835938,205.185836791992,157.075012207031,0,0,70.1970748901367,0,0,39.4485397338867,91.3814239501953,0,0,0,0,0,44.2899551391602,0,0,353.896179199219,0,0,10.5080833435059,0,0,145.520706176758,46.6277389526367,0,0,400.174163818359,0,53.3154754638672,0,0,86.0277633666992,0,183.245559692383,5103.9013671875
02230000100,983.33251953125,54.869140625,35.051441192627,0,0,11.4200105667114,0,0,12.6481561660767,19.42409324646,0,0,0,0,0,17.0576877593994,0,0,85.2373428344727,0,0,2.64479494094849,0,0,31.8319091796875,11.7371625900269,0,0,94.3544998168945,0,12.3115892410278,0,0,24.4572105407715,0,54.0944213867188,1450.47192382813
02240000100,2036.8388671875,62.5123596191406,31.6120758056641,0,0,13.8932390213013,0,0,10.9254121780396,15.180103302002,0,0,0,0,0,13.7799415588379,0,0,78.7563323974609,0,0,2.98770332336426,0,0,48.6226844787598,14.861367225647,0,0,76.3064880371094,0,10.2631006240845,0,0,19.148323059082,0,76.7519989013672,2512.4404296875
02240000400,3448.46728515625,118.799743652344,67.7791061401367,0,0,37.4743003845215,0,0,28.8429279327393,45.9994773864746,0,0,0,0,0,37.4928741455078,0,0,207.820739746094,0,0,8.94635391235352,0,0,84.2854309082031,28.0672340393066,0,0,203.943420410156,0,22.3339557647705,0,0,56.306713104248,0,185.329559326172,4581.88916015625
02261000100,3573.02734375,73.5968322753906,48.1392402648926,0,0,18.1526927947998,0,0,14.2369422912598,23.4760227203369,0,0,0,0,0,17.5036506652832,0,0,122.520118713379,0,0,2.90073275566101,0,0,52.8929672241211,17.0787944793701,0,0,112.528923034668,0,15.7777700424194,0,0,27.7584705352783,0,195.181518554688,4314.77197265625
02261000200,1607.71484375,62.0127105712891,48.9438934326172,0,0,24.6464328765869,0,0,20.6785888671875,25.8508853912354,0,0,0,0,0,11.6922788619995,0,0,106.020484924316,0,0,3.15116596221924,0,0,84.7688674926758,22.0981330871582,0,0,113.057258605957,0,10.4229431152344,0,0,27.484619140625,0,196.436920166016,2364.97998046875
02261000300,2428.44970703125,96.8412017822266,95.6820373535156,0,0,54.7257080078125,0,0,34.6487503051758,49.0417556762695,0,0,0,0,0,23.6422309875488,0,0,185.237518310547,0,0,9.32953929901123,0,0,105.068511962891,35.7040519714355,0,0,193.718307495117,0,19.018627166748,0,0,50.023983001709,0,501.499969482422,3882.63208007813
02270000100,3056.44409179688,47.5407981872559,31.6527900695801,0,0,10.0550451278687,0,0,7.64530038833618,16.2323341369629,0,0,0,0,0,9.98117446899414,0,0,96.1048431396484,0,0,2.54225492477417,0,0,29.2036247253418,13.4212465286255,0,0,68.5386199951172,0,11.2827577590942,0,0,16.6074333190918,0,53.7864036560059,3471.03833007813
02275000300,1796.42724609375,121.7451171875,65.3967971801758,0,0,21.1553649902344,0,0,18.2887439727783,21.5729331970215,0,0,0,0,0,27.8557033538818,0,0,117.066909790039,0,0,6.07415866851807,0,0,84.1182861328125,26.6722431182861,0,0,138.792587280273,0,18.2728958129883,0,0,36.2537117004395,0,194.261383056641,2693.9541015625
02282000100,640.409484863281,22.6037693023682,11.7777738571167,0,0,4.16295862197876,0,0,3.9914436340332,7.39931297302246,0,0,0,0,0,6.14715385437012,0,0,35.0996894836426,0,0,1.11896646022797,0,0,12.4828653335571,4.73772430419922,0,0,35.0172920227051,0,4.38093614578247,0,0,8.77092361450195,0,47.418701171875,845.518920898438
02290000100,1254.27575683594,17.3090190887451,11.0730895996094,0,0,3.45657753944397,0,0,2.81295990943909,5.21010255813599,0,0,0,0,0,3.94034767150879,0,0,35.3430709838867,0,0,0.383863210678101,0,0,7.62531185150146,3.81583833694458,0,0,22.2393646240234,0,4.62840509414673,0,0,5.46131134033203,0,30.07200050354,1407.64697265625
02290000200,1742.81591796875,23.7214603424072,19.3145771026611,0,0,9.48456287384033,0,0,5.19540405273438,9.97070693969727,0,0,0,0,0,6.53884696960449,0,0,52.2387657165527,0,0,1.08797585964203,0,0,15.2320604324341,5.59884119033813,0,0,40.8929557800293,0,6.16771841049194,0,0,10.4113569259644,0,82.0716781616211,2030.74291992188
02290000300,1335.2783203125,26.1634387969971,16.1344451904297,0,0,6.13727617263794,0,0,3.18825602531433,7.98733282089233,0,0,0,0,0,5.80005168914795,0,0,44.2889595031738,0,0,2.07178902626038,0,0,13.3256368637085,6.28283452987671,0,0,33.4961357116699,0,6.76073789596558,0,0,7.7373743057251,0,19.0713500976563,1533.72387695313
02290000400,1171.82409667969,21.2564296722412,14.4865121841431,0,0,6.04277324676514,0,0,3.52012538909912,7.80694961547852,0,0,0,0,0,4.72960615158081,0,0,39.4102821350098,0,0,1.18775224685669,0,0,14.5204486846924,5.45084238052368,0,0,29.0820331573486,0,5.92814540863037,0,0,6.87849092483521,0,19.6795997619629,1351.80419921875

