Tract,W1F,W2F,S1LF,S1MF,S1HF,S2LF,S2MF,S2HF,S3F,S4LF,S4MF,S4HF,S5LF,S5MF,S5HF,C1LF,C1MF,C1HF,C2LF,C2MF,C2HF,C3LF,C3MF,C3HF,PC1F,PC2LF,PC2MF,PC2HF,RM1LF,RM1MF,RM2LF,RM2MF,RM2HF,URMLF,URMMF,MHF,TotalSqft
10001040100,2408.00073242188,91.1823806762695,99.1219711303711,0,0,71.8297805786133,0,0,33.8473663330078,2.12059807777405,0,0,76.7964706420898,0,0,21.744743347168,0,0,45.0912933349609,0,0,0.156220003962517,0,0,11.8202047348022,4.07040119171143,0,0,21.4275302886963,0,20.787914276123,0,0,1050.35864257813,0,705,4663.3564453125
10001040201,2008.92614746094,123.019348144531,247.56379699707,0,0,178.359802246094,0,0,62.3918190002441,12.7687854766846,0,0,189.242401123047,0,0,72.4059829711914,0,0,63.8004302978516,0,0,0.138960003852844,0,0,33.9869079589844,24.3749141693115,0,0,57.7936096191406,0,49.9205093383789,0,0,993.960632324219,0,155.664001464844,4274.318359375
10001040202,5109.01416015625,125.133743286133,364.460693359375,0,0,258.188873291016,0,0,42.1646308898926,1.37372398376465,0,0,297.267303466797,0,0,184.221755981445,0,0,147.902099609375,0,0,30.9108619689941,0,0,91.4579925537109,65.4777526855469,0,0,83.460807800293,0,65.2564697265625,0,0,2332.38916015625,0,584.304016113281,9782.9833984375
10001040203,1895.50280761719,58.5111427307129,42.7220306396484,0,0,37.7942352294922,0,0,19.2604885101318,0.737121939659119,0,0,33.7651290893555,0,0,15.351978302002,0,0,34.921989440918,0,0,0,0,0,6.11884927749634,1.50808119773865,0,0,24.5729999542236,0,18.7340393066406,0,0,796.631042480469,0,309.071990966797,3295.20385742188
10001040501,1872.76770019531,245.361450195313,263.776794433594,0,0,206.020111083984,0,0,89.9595642089844,1.41781687736511,0,0,206.971466064453,0,0,62.7099151611328,0,0,62.5143699645996,0,0,0.50135999917984,0,0,34.414234161377,4.83859300613403,0,0,84.1271286010742,0,63.7260437011719,0,0,1012.92327880859,0,260.567993164063,4472.59765625
10001040502,741.96875,36.9320983886719,35.6852188110352,0,0,26.2773361206055,0,0,9.99678897857666,0.346748381853104,0,0,27.8188571929932,0,0,8.56711864471436,0,0,15.1631326675415,0,0,0.145160004496574,0,0,4.66382503509521,1.71472311019897,0,0,9.42881488800049,0,7.72728252410889,0,0,335.422119140625,0,305.68798828125,1567.54602050781
10001040700,2654.54370117188,88.0906982421875,64.5182495117188,0,0,55.2213134765625,0,0,31.0756130218506,0.178199991583824,0,0,51.0581016540527,0,0,34.7224197387695,0,0,54.5046653747559,0,0,2.68800020217896,0,0,18.1616458892822,5.95993423461914,0,0,41.4606475830078,0,32.4374351501465,0,0,1170.3203125,0,0,4304.94140625
10001040900,1083.25354003906,123.538787841797,178.229675292969,0,0,147.516571044922,0,0,39.4980087280273,2.5061399936676,0,0,143.372482299805,0,0,99.3950500488281,0,0,59.4185104370117,0,0,10.6564998626709,0,0,44.7096900939941,26.6614398956299,0,0,80.0146484375,0,65.4917831420898,0,0,614.516174316406,0,0,2718.77880859375
10001041000,2059.63208007813,174.723922729492,169.982864379883,0,0,141.827590942383,0,0,70.6826171875,1.91837882995605,0,0,133.40380859375,0,0,61.0614547729492,0,0,61.6210975646973,0,0,1.51507997512817,0,0,27.7761554718018,8.9875431060791,0,0,82.5693969726563,0,65.1401062011719,0,0,1015.15710449219,0,640.703979492188,4716.70361328125
10001041100,1214.49035644531,33.0776214599609,46.4403648376465,0,0,40.6115188598633,0,0,14.9570589065552,0.116999998688698,0,0,37.9706878662109,0,0,49.6126823425293,0,0,37.2048568725586,0,0,7.24479961395264,0,0,22.3328666687012,15.5431098937988,0,0,29.4366436004639,0,25.6272048950195,0,0,559.428161621094,0,0,2134.0947265625
10001041200,1452.42932128906,121.149055480957,133.265853881836,0,0,103.974159240723,0,0,42.538990020752,0.625517964363098,0,0,105.150947570801,0,0,37.2890434265137,0,0,41.230339050293,0,0,0.846319973468781,0,0,18.843599319458,5.07911968231201,0,0,47.3657150268555,0,35.5086517333984,0,0,711.214416503906,0,385.776000976563,3242.28662109375
10001041300,1009.96728515625,355.917510986328,430.09228515625,0,0,319.789978027344,0,0,156.720123291016,0.957761943340302,0,0,336.407989501953,0,0,103.348861694336,0,0,74.7099990844727,0,0,0.669279992580414,0,0,57.472095489502,14.4512319564819,0,0,120.979721069336,0,112.070991516113,0,0,852.06884765625,0,24.8159999847412,3970.43994140625
10001041400,1282.56274414063,207.286224365234,217.524688720703,0,0,178.826034545898,0,0,86.2243576049805,1.80936717987061,0,0,169.880294799805,0,0,71.9574203491211,0,0,56.8276329040527,0,0,2.26419997215271,0,0,35.0484313964844,10.690258026123,0,0,98.0700454711914,0,75.5663528442383,0,0,747.906982421875,0,0,3242.44506835938
10001041500,1583.94006347656,60.3957672119141,51.6220893859863,0,0,48.9741668701172,0,0,23.1493225097656,0.367595970630646,0,0,40.3818511962891,0,0,21.8474216461182,0,0,34.1925582885742,0,0,0.492799997329712,0,0,8.38500881195068,2.31203031539917,0,0,35.8322067260742,0,26.0203151702881,0,0,681.873779296875,0,11.2799987792969,2631.06665039063
10001041600,1155.21606445313,81.4498977661133,75.7784805297852,0,0,55.8254585266113,0,0,29.883451461792,0.682848036289215,0,0,59.7695503234863,0,0,17.4870662689209,0,0,26.2626857757568,0,0,6.71999976038933E-02,0,0,11.070333480835,1.45584619045258,0,0,20.8025684356689,0,17.8707599639893,0,0,546.183837890625,0,34.9679985046387,2134.77416992188
10001041701,2616.474609375,136.091735839844,192.224136352539,0,0,143.213333129883,0,0,51.3906059265137,2.73980522155762,0,0,148.662994384766,0,0,45.8311805725098,0,0,61.6941795349121,0,0,0.854600012302399,0,0,24.7013492584229,9.72642040252686,0,0,48.9059371948242,0,40.8072166442871,0,0,1223.89184570313,0,152.279998779297,4899.48974609375
10001041702,1925.15405273438,49.5332298278809,48.5752220153809,0,0,37.4513206481934,0,0,17.768705368042,1.01574003696442,0,0,37.8942947387695,0,0,13.3079538345337,0,0,34.2752380371094,0,0,0.123839996755123,0,0,7.13866329193115,1.86267471313477,0,0,16.7360649108887,0,14.0334548950195,0,0,819.029724121094,0,127.463996887207,3151.3642578125
10001041801,3224.48999023438,174.671142578125,166.754348754883,0,0,130.04719543457,0,0,61.0966110229492,2.54631972312927,0,0,130.566024780273,0,0,45.7413368225098,0,0,68.9684677124023,0,0,1.3546199798584,0,0,22.7743701934814,6.84075212478638,0,0,58.701717376709,0,44.6077117919922,0,0,1455.13024902344,0,972.335998535156,6566.62744140625
10001041802,2568.32495117188,41.1155891418457,30.3138980865479,0,0,25.1770687103271,0,0,14.6189603805542,0.593549966812134,0,0,23.8593196868896,0,0,8.99134540557861,0,0,40.8916015625,0,0,0,0,0,3.84323620796204,0.813043415546417,0,0,13.9694080352783,0,10.4472780227661,0,0,1046.59851074219,0,92.4960021972656,3922.0537109375
10001041900,1650.73718261719,71.8599319458008,59.2977828979492,0,0,42.8661155700684,0,0,26.7592506408691,1.54495787620544,0,0,46.5512619018555,0,0,18.4276504516602,0,0,31.8239688873291,0,0,1.26631999015808,0,0,9.49246311187744,4.30141687393188,0,0,16.9642753601074,0,15.437840461731,0,0,730.637512207031,0,681.31201171875,3409.27978515625
10001042000,974.391845703125,55.5092086791992,31.0661640167236,0,0,22.7609348297119,0,0,15.205225944519,0.39149996638298,0,0,24.903844833374,0,0,10.3699150085449,0,0,18.3324413299561,0,0,0.470400005578995,0,0,5.86650466918945,1.41314995288849,0,0,9.94383811950684,0,8.52138042449951,0,0,432.057739257813,0,423,2034.20397949219
10001042100,1542.12683105469,69.2332763671875,58.1225090026855,0,0,43.5910682678223,0,0,22.3129844665527,1.17793798446655,0,0,45.5655136108398,0,0,16.1896591186523,0,0,30.1410579681396,0,0,0.250359982252121,0,0,8.53635787963867,2.83525419235229,0,0,19.452184677124,0,16.1099128723145,0,0,683.532165527344,0,430.89599609375,2990.0732421875
10001042201,3846.72875976563,74.4461669921875,61.1355209350586,0,0,47.846752166748,0,0,23.8958950042725,1.34701204299927,0,0,47.8418655395508,0,0,18.4030342102051,0,0,63.5894355773926,0,0,0.179199993610382,0,0,8.29803943634033,3.30082225799561,0,0,22.4590797424316,0,18.332763671875,0,0,1588.5869140625,0,627.168029785156,6453.55859375
10001042202,3642.53247070313,148.986755371094,56.8503532409668,0,0,43.100959777832,0,0,44.1789474487305,0.815778017044067,0,0,45.3687210083008,0,0,15.2184114456177,0,0,57.1398048400879,0,0,0,0,0,5.09905004501343,1.60388541221619,0,0,20.8299922943115,0,15.5534315109253,0,0,1508.2744140625,0,745.608032226563,6351.1611328125
10001042500,1264.80871582031,179.758316040039,245.146728515625,0,0,196.184661865234,0,0,66.9139099121094,2.00378513336182,0,0,190.177520751953,0,0,64.9554138183594,0,0,53.2383003234863,0,0,0.465179979801178,0,0,30.1243858337402,13.606388092041,0,0,89.7090911865234,0,65.7611312866211,0,0,724.059509277344,0,43.992000579834,3230.90478515625
10001042800,2579.51147460938,117.084289550781,95.3318099975586,0,0,73.5012741088867,0,0,43.2546348571777,1.41690599918365,0,0,74.4380722045898,0,0,25.1037425994873,0,0,49.8578910827637,0,0,0.140959993004799,0,0,12.6711778640747,3.06226086616516,0,0,32.9609794616699,0,25.9351291656494,0,0,1135.28051757813,0,632.807983398438,4902.35888671875
10001042900,2063.34594726563,79.0287094116211,61.6166687011719,0,0,46.1503791809082,0,0,25.8070240020752,0.721709966659546,0,0,48.8947257995605,0,0,16.82785987854,0,0,37.114200592041,0,0,0.902199983596802,0,0,8.82562255859375,2.52214860916138,0,0,18.3102321624756,0,15.4542951583862,0,0,884.604125976563,0,307.944000244141,3618.07055664063
10001043000,1999.1162109375,183.599990844727,237.040054321289,0,0,183.683853149414,0,0,82.5912475585938,3.55978798866272,0,0,184.435287475586,0,0,60.7434120178223,0,0,61.8660469055176,0,0,0.278200000524521,0,0,30.4323959350586,9.65398502349854,0,0,74.0433044433594,0,63.7428436279297,0,0,1017.91528320313,0,272.976013183594,4465.67822265625
10001043100,946.636291503906,49.5611801147461,34.6781730651855,0,0,24.5171508789063,0,0,17.5322246551514,1.46820592880249,0,0,27.105224609375,0,0,8.99585437774658,0,0,17.2286682128906,0,0,0,0,0,4.22945117950439,2.02032613754272,0,0,7.90483093261719,0,7.17964458465576,0,0,412.338745117188,0,318.096008300781,1879.4921875
10001043202,1741.75,104.035163879395,125.727897644043,0,0,86.1545333862305,0,0,43.8131637573242,0.566963970661163,0,0,99.2659072875977,0,0,30.8819999694824,0,0,41.3002777099609,0,0,1.07870006561279,0,0,14.6672468185425,8.57314586639404,0,0,27.7643604278564,0,25.0138111114502,0,0,804.404846191406,0,503.088012695313,3658.0859375
10001043300,1737.81201171875,215.446243286133,323.060668945313,0,0,263.637756347656,0,0,85.81494140625,0.261107981204987,0,0,259.341369628906,0,0,260.720520019531,0,0,132.639724731445,0,0,35.4297218322754,0,0,124.004653930664,78.6408081054688,0,0,157.716018676758,0,139.308227539063,0,0,1177.07531738281,0,18.0480003356934,5008.95654296875
10001043400,1933.81958007813,198.786239624023,203.108489990234,0,0,154.55192565918,0,0,75.5908203125,2.86592388153076,0,0,159.323165893555,0,0,64.4107513427734,0,0,59.8974952697754,0,0,2.51889991760254,0,0,33.6722297668457,12.1511316299438,0,0,63.7715530395508,0,50.104793548584,0,0,991.56494140625,0,85.7279968261719,4091.86547851563
10003000200,2438.63037109375,160.485595703125,140.318801879883,0,0,117.418899536133,0,0,48.422290802002,0.251787573099136,0,0,110.196487426758,0,0,53.2118148803711,0,0,64.3152694702148,0,0,0.963580012321472,0,0,25.445104598999,7.9569034576416,0,0,82.2509994506836,0,63.3181114196777,0,0,1163.17687988281,0,32.7120018005371,4509.07470703125
10003000300,1401.134765625,38.6937713623047,38.8832855224609,0,0,35.6809959411621,0,0,14.5825424194336,0.236898005008698,0,0,30.2011985778809,0,0,15.0395631790161,0,0,28.4636821746826,0,0,0.089599996805191,0,0,6.51353025436401,1.60958456993103,0,0,26.7773933410645,0,21.480920791626,0,0,604.873168945313,0,0,2264.2607421875
10003000400,1324.52478027344,67.8316650390625,46.2040901184082,0,0,56.4960746765137,0,0,25.5176734924316,0.37392121553421,0,0,36.0565223693848,0,0,31.2779369354248,0,0,36.1117858886719,0,0,0.515200018882751,0,0,10.6833190917969,2.33210754394531,0,0,63.4558906555176,0,46.160041809082,0,0,595,0,0,2342.54125976563
10003000500,1631.89184570313,48.0466804504395,40.9991302490234,0,0,39.533275604248,0,0,19.8382968902588,0.734129965305328,0,0,31.9973602294922,0,0,20.0340328216553,0,0,33.8289756774902,0,0,0.53574001789093,0,0,8.72341346740723,2.33146142959595,0,0,33.7269325256348,0,26.0170192718506,0,0,703.045593261719,0,0,2641.28369140625
10003000601,1092.05517578125,64.0602874755859,63.8955955505371,0,0,49.7086143493652,0,0,27.9077129364014,9.14399996399879E-02,0,0,49.7109756469727,0,0,25.9008121490479,0,0,28.6594467163086,0,0,1.72395992279053,0,0,13.6983270645142,5.67507314682007,0,0,28.7540416717529,0,23.6438751220703,0,0,533.386596679688,0,0,2008.87194824219
10003000602,1160.24353027344,77.9230117797852,73.5337524414063,0,0,64.1278839111328,0,0,40.4633712768555,0.485693991184235,0,0,57.1340179443359,0,0,28.1016082763672,0,0,32.764289855957,0,0,0,0,0,11.2356672286987,3.68245339393616,0,0,46.8119621276855,0,36.9091796875,0,0,550.100524902344,0,12.4079999923706,2195.92504882813
10003000900,986.733093261719,67.218879699707,48.0007781982422,0,0,36.7052536010742,0,0,20.3742179870605,0.424692004919052,0,0,38.1713409423828,0,0,14.1850185394287,0,0,21.9203472137451,0,0,5.13399988412857E-02,0,0,8.70628643035889,1.22807741165161,0,0,19.883861541748,0,16.4041900634766,0,0,463.587707519531,0,0,1743.59521484375
10003001100,1668.62768554688,88.2674331665039,51.6711921691895,0,0,99.0386276245117,0,0,34.1114692687988,8.92260000109673E-02,0,0,40.8547554016113,0,0,68.2353210449219,0,0,59.6973190307617,0,0,2.48639988899231,0,0,17.3721103668213,5.23841094970703,0,0,139.879440307617,0,98.5438919067383,0,0,726.609802246094,0,0,3100.72290039063
10003001200,1105.11950683594,126.624580383301,100.45051574707,0,0,79.1021423339844,0,0,45.553050994873,0.404982000589371,0,0,79.7016372680664,0,0,43.6917457580566,0,0,37.1066665649414,0,0,2.67228007316589,0,0,23.925220489502,7.62128639221191,0,0,45.4682502746582,0,37.1575775146484,0,0,585.440490722656,0,0,2320.04028320313
10003001300,2345.08374023438,227.153442382813,159.284881591797,0,0,130.858581542969,0,0,61.1146812438965,0.58244401216507,0,0,126.864204406738,0,0,55.7181625366211,0,0,62.6631126403809,0,0,1.25494003295898,0,0,30.6412334442139,4.28156042098999,0,0,79.4358749389648,0,60.837085723877,0,0,1152.58801269531,0,0,4498.3623046875
10003001400,1014.25677490234,171.148483276367,177.527099609375,0,0,142.04296875,0,0,35.9710464477539,0.657403945922852,0,0,136.641845703125,0,0,69.0888519287109,0,0,51.0323524475098,0,0,3.53285980224609,0,0,31.6926727294922,18.8201866149902,0,0,77.5019836425781,0,63.6548194885254,0,0,651.267700195313,0,9.02400016784668,2653.86083984375
10003001500,899.431457519531,35.3406181335449,38.7880210876465,0,0,50.0468673706055,0,0,7.9149227142334,0.137232005596161,0,0,29.8057346343994,0,0,31.5876197814941,0,0,29.2040176391602,0,0,1.55769991874695,0,0,9.65159702301025,5.13031435012817,0,0,55.495433807373,0,40.9681549072266,0,0,404.21630859375,0,19.1760005950928,1658.45227050781
10003001600,867.825927734375,128.334289550781,81.8732223510742,0,0,80.5182342529297,0,0,34.1541519165039,0.407825976610184,0,0,65.4367065429688,0,0,46.4485359191895,0,0,35.7331962585449,0,0,1.82104003429413,0,0,20.7661457061768,4.97387409210205,0,0,70.0482177734375,0,52.0887603759766,0,0,474.485870361328,0,0,1964.91577148438
10003001902,913.711853027344,396.149078369141,403.467346191406,0,0,300.977722167969,0,0,140.973052978516,11.6645221710205,0,0,314.714111328125,0,0,122.481781005859,0,0,74.7162246704102,0,0,1.47840011119843,0,0,67.2099838256836,23.2191028594971,0,0,125.141105651855,0,108.747100830078,0,0,849.041625976563,0,6.76800060272217,3860.46142578125
10003002100,776.81982421875,51.5377502441406,47.1078948974609,0,0,47.4505920410156,0,0,21.4009094238281,0.172853991389275,0,0,36.6962280273438,0,0,23.3009223937988,0,0,23.8702068328857,0,0,0.458840012550354,0,0,9.11922931671143,2.27478218078613,0,0,41.8155174255371,0,31.7917404174805,0,0,368.551727294922,0,0,1482.36901855469
10003002200,1016.21270751953,21.5801410675049,26.063362121582,0,0,29.4418087005615,0,0,8.18383407592773,1.97999998927116E-02,0,0,21.1027641296387,0,0,31.7803382873535,0,0,27.9711780548096,0,0,4.0096001625061,0,0,13.1477317810059,8.13391399383545,0,0,29.3021259307861,0,22.7125873565674,0,0,450.455078125,0,0,1710.11706542969
10003002300,1189.251953125,55.731819152832,45.5633850097656,0,0,43.1884651184082,0,0,21.0186138153076,0.560285985469818,0,0,35.7409133911133,0,0,20.8879489898682,0,0,27.8784866333008,0,0,0.828200042247772,0,0,8.825927734375,2.22146677970886,0,0,34.5608749389648,0,25.3751907348633,0,0,533.099487304688,0,16.9200019836426,2061.65307617188
10003002400,2226.16918945313,144.566665649414,110.579307556152,0,0,103.84561920166,0,0,54.8017654418945,1.13545799255371,0,0,86.8573989868164,0,0,58.7936210632324,0,0,60.9840698242188,0,0,3.292799949646,0,0,25.0580959320068,8.96889019012451,0,0,80.2575988769531,0,61.0466194152832,0,0,1046.88061523438,0,18.0480003356934,4091.2861328125
10003002500,1420.49426269531,47.2401084899902,47.5662879943848,0,0,38.9009094238281,0,0,16.7026424407959,0.522125959396362,0,0,37.0467567443848,0,0,16.3682479858398,0,0,28.8931007385254,0,0,0.515179991722107,0,0,7.49020147323608,2.86081147193909,0,0,22.2330665588379,0,17.6655139923096,0,0,617.1318359375,0,13.5360012054443,2335.16674804688
10003002600,1720.75366210938,32.934139251709,42.0968322753906,0,0,34.7014694213867,0,0,10.9120206832886,0.23853600025177,0,0,33.264045715332,0,0,25.8472442626953,0,0,36.5193901062012,0,0,2.66032004356384,0,0,14.1177110671997,6.35950469970703,0,0,27.3277397155762,0,23.4425926208496,0,0,765.69677734375,0,0,2776.87182617188
10003002700,893.005737304688,150.431106567383,102.279495239258,0,0,78.6844635009766,0,0,38.2009735107422,1.46594166755676,0,0,81.8185119628906,0,0,33.6442413330078,0,0,29.751314163208,0,0,0.179199993610382,0,0,19.8451690673828,3.11110329627991,0,0,42.032527923584,0,33.8267707824707,0,0,505.335388183594,0,0,2013.61206054688
10003002800,1438.14807128906,2333.43383789063,2579.09008789063,0,0,1854.31420898438,0,0,763.224060058594,10.146276473999,0,0,2045.21875,0,0,776.893737792969,0,0,413.517639160156,0,0,32.043041229248,0,0,427.203582763672,198.928100585938,0,0,713.199462890625,0,553.281860351563,0,0,3483.41015625,0,14.6639995574951,17636.71484375
10003002900,1326.03100585938,127.765350341797,162.542984008789,0,0,144.861831665039,0,0,50.7828712463379,2.03972411155701,0,0,127.161437988281,0,0,75.1359100341797,0,0,55.8326034545898,0,0,4.63621997833252,0,0,33.4012145996094,13.3977613449097,0,0,91.3134613037109,0,75.2101058959961,0,0,715.474548339844,0,0,3005.5869140625
10003003002,678.957824707031,116.111000061035,142.910568237305,0,0,107.139266967773,0,0,50.8352584838867,1.36459803581238,0,0,112.11190032959,0,0,60.7914810180664,0,0,38.0272827148438,0,0,5.47840023040771,0,0,30.936092376709,16.325382232666,0,0,46.0170097351074,0,41.6789016723633,0,0,458.483032226563,0,13.5360012054443,1920.7041015625
10003010101,1596.83728027344,219.540969848633,214.735595703125,0,0,196.013977050781,0,0,71.5465393066406,1.53421199321747,0,0,169.436096191406,0,0,85.3475189208984,0,0,67.764533996582,0,0,2.83003997802734,0,0,34.4283027648926,10.0265674591064,0,0,131.126281738281,0,97.8632431030273,0,0,849.401733398438,0,27.0720024108887,3775.50512695313
10003010104,1402.72973632813,53.0439987182617,59.0395698547363,0,0,73.0734252929688,0,0,21.0462341308594,0.311327993869781,0,0,45.847599029541,0,0,34.3328857421875,0,0,39.1532669067383,0,0,0.111999996006489,0,0,8.76210689544678,2.60598587989807,0,0,72.1908264160156,0,51.5871086120605,0,0,600.18701171875,0,0,2464.02319335938
10003010200,1028.69128417969,10.9670896530151,8.66615867614746,0,0,6.62508964538574,0,0,3.89308619499207,0.184499993920326,0,0,6.86501550674438,0,0,2.65931367874146,0,0,15.8913593292236,0,0,0,0,0,1.3979617357254,0.356684386730194,0,0,3.21027398109436,0,2.59466528892517,0,0,416.936431884766,0,0,1508.93872070313
10003010300,1504.92712402344,53.1580123901367,46.5779457092285,0,0,35.3922958374023,0,0,20.7343349456787,0.434033989906311,0,0,36.1269912719727,0,0,13.0197715759277,0,0,28.6842365264893,0,0,0.282480001449585,0,0,7.35976028442383,1.90420341491699,0,0,17.6636009216309,0,14.1096467971802,0,0,662.636596679688,0,0,2443.01098632813
10003010400,2195.36083984375,100.649627685547,80.1093826293945,0,0,70.637825012207,0,0,31.9392929077148,0.904557585716248,0,0,63.1545791625977,0,0,29.8255996704102,0,0,47.043285369873,0,0,6.71999976038933E-02,0,0,13.0107231140137,3.19779205322266,0,0,47.5224800109863,0,34.5773887634277,0,0,965.268371582031,0,0,3683.26879882813
10003010502,2775.08178710938,158.101470947266,193.05632019043,0,0,162.886016845703,0,0,68.1432876586914,6.12950134277344,0,0,149.455932617188,0,0,83.5031661987305,0,0,79.2509918212891,0,0,4.59353971481323,0,0,36.2325820922852,18.1508655548096,0,0,97.5171890258789,0,77.7013092041016,0,0,1308.39697265625,0,19.1760005950928,5237.376953125
10003010702,2332.8896484375,145.946151733398,150.811264038086,0,0,143.105377197266,0,0,50.0842933654785,1.43504977226257,0,0,118.340278625488,0,0,56.2882118225098,0,0,64.1379699707031,0,0,0,0,0,20.8581256866455,5.205491065979,0,0,100.116287231445,0,72.8938064575195,0,0,1063.13415527344,0,67.6800079345703,4392.92626953125
10003010800,2351.70751953125,104.73673248291,83.6004180908203,0,0,76.9588851928711,0,0,42.2538795471191,0.282131999731064,0,0,66.187873840332,0,0,54.1554183959961,0,0,58.5956687927246,0,0,5.03667974472046,0,0,24.0845470428467,11.059962272644,0,0,60.5055732727051,0,47.0425300598145,0,0,1062.21130371094,0,0,4048.41943359375
10003010900,1648.31787109375,19.7842407226563,15.6729011535645,0,0,11.8225021362305,0,0,6.81765937805176,0.16288198530674,0,0,12.363055229187,0,0,6.6425895690918,0,0,26.4284076690674,0,0,0.492799997329712,0,0,3.97471785545349,1.20853614807129,0,0,6.74493455886841,0,5.8697943687439,0,0,679.615173339844,0,0,2445.91796875
10003011000,1806.50158691406,148.288726806641,137.614883422852,0,0,98.2171783447266,0,0,59.408561706543,1.35641157627106,0,0,108.105659484863,0,0,36.585090637207,0,0,45.0467643737793,0,0,0.252240002155304,0,0,19.9876861572266,8.86103439331055,0,0,38.053165435791,0,29.1492557525635,0,0,882.850769042969,0,0,3420.27954101563
10003011100,1608.73559570313,65.4817886352539,45.2192497253418,0,0,33.8483352661133,0,0,22.4103679656982,0.666432023048401,0,0,35.6483459472656,0,0,13.6833820343018,0,0,29.9382839202881,0,0,0.179199993610382,0,0,7.8677077293396,1.7232768535614,0,0,16.611572265625,0,13.3752565383911,0,0,702.545288085938,0,0,2597.93408203125
10003011201,1128.78735351563,278.387603759766,273.119812011719,0,0,207.519638061523,0,0,97.1675262451172,0.695519983768463,0,0,214.561248779297,0,0,77.2891693115234,0,0,57.0163688659668,0,0,2.52997994422913,0,0,45.181209564209,10.3984394073486,0,0,84.9905166625977,0,65.6044998168945,0,0,762.383117675781,0,27.0720024108887,3332.70361328125
10003011202,1777.57312011719,36.1013488769531,43.4111099243164,0,0,33.3905067443848,0,0,15.4797029495239,0.4563108086586,0,0,33.5874824523926,0,0,11.472393989563,0,0,31.4891586303711,0,0,0,0,0,6.47862243652344,1.59718418121338,0,0,14.36412525177,0,12.8314399719238,0,0,753.075439453125,0,266.2080078125,3037.51611328125
10003011203,2106.62670898438,44.1396598815918,33.7687759399414,0,0,47.3428764343262,0,0,13.970775604248,0.451349973678589,0,0,26.4256649017334,0,0,23.4535617828369,0,0,42.7512474060059,0,0,0,0,0,4.93960380554199,1.14752757549286,0,0,52.3984107971191,0,36.4476852416992,0,0,857.805236816406,0,45.1199951171875,3336.7890625
10003011204,1705.36694335938,58.3320198059082,56.5460586547852,0,0,50.0729522705078,0,0,21.5284614562988,0.441237598657608,0,0,44.420166015625,0,0,17.9402770996094,0,0,34.356819152832,0,0,0,0,0,7.7912220954895,1.14712357521057,0,0,31.0619239807129,0,22.1529731750488,0,0,732.389892578125,0,0,2783.54809570313
10003011205,1128.42687988281,33.8222808837891,29.9871978759766,0,0,22.0391578674316,0,0,14.032341003418,0.42587998509407,0,0,23.3342533111572,0,0,8.26861381530762,0,0,20.4861335754395,0,0,0.089599996805191,0,0,5.0881724357605,1.24432122707367,0,0,9.84497261047363,0,8.14931106567383,0,0,486.504913330078,0,0,1791.74377441406
10003011206,2350.61669921875,48.5566711425781,45.1268577575684,0,0,36.1341438293457,0,0,15.5039196014404,0.183851987123489,0,0,35.9713287353516,0,0,25.0005970001221,0,0,44.6964454650879,0,0,1.76960003376007,0,0,12.8342380523682,5.9033670425415,0,0,21.3118648529053,0,18.2022876739502,0,0,990.906188964844,0,0,3652.71801757813
10003011300,1339.15368652344,69.9541015625,58.611083984375,0,0,45.6247444152832,0,0,28.1517658233643,0.719855964183807,0,0,46.3342971801758,0,0,22.1948680877686,0,0,29.9005355834961,0,0,1.36640000343323,0,0,11.9509649276733,3.73332118988037,0,0,22.8108768463135,0,18.4073448181152,0,0,609.47509765625,0,0,2308.38891601563
10003011400,2207.31127929688,128.505279541016,184.361877441406,0,0,135.150161743164,0,0,44.7240257263184,0.521711945533752,0,0,143.013320922852,0,0,44.6765632629395,0,0,53.8553695678711,0,0,1.37336003780365,0,0,25.1662178039551,12.6072368621826,0,0,44.4992561340332,0,36.0768623352051,0,0,1047.67370605469,0,0,4109.5166015625
10003011500,1695.56066894531,105.389190673828,91.5850524902344,0,0,70.1027526855469,0,0,38.1928672790527,1.25876879692078,0,0,71.8916473388672,0,0,24.1193752288818,0,0,36.9589576721191,0,0,0.214000001549721,0,0,13.6410636901855,2.37536978721619,0,0,31.0789127349854,0,23.4135856628418,0,0,780.244812011719,0,0,2986.02734375
10003011600,1846.74072265625,230.159942626953,289.923309326172,0,0,205.209564208984,0,0,81.3934173583984,0.881333947181702,0,0,229.384689331055,0,0,79.326904296875,0,0,68.8972702026367,0,0,1.874960064888,0,0,42.4189376831055,17.94167137146,0,0,70.4696960449219,0,60.7045211791992,0,0,1014.29608154297,0,13.5360012054443,4253.1591796875
10003011700,2645.7880859375,351.768402099609,328.316741943359,0,0,246.697128295898,0,0,122.859428405762,0.864118814468384,0,0,258.31005859375,0,0,94.4089202880859,0,0,88.4587860107422,0,0,1.6871999502182,0,0,56.2770881652832,14.6991910934448,0,0,113.086639404297,0,90.1758270263672,0,0,1447.47241210938,0,0,5860.869140625
10003011800,2840.62426757813,276.672393798828,215.687164306641,0,0,179.978805541992,0,0,82.465576171875,0.66270238161087,0,0,173.144500732422,0,0,76.8616180419922,0,0,81.1339721679688,0,0,1.69624006748199,0,0,38.6685981750488,7.2852349281311,0,0,107.569129943848,0,83.1072769165039,0,0,1386.5234375,0,20.3040008544922,5572.38525390625
10003011900,1957.81811523438,128.845260620117,154.45866394043,0,0,115.516204833984,0,0,31.600227355957,0.309264004230499,0,0,119.90079498291,0,0,38.6338424682617,0,0,49.0056991577148,0,0,0.411739975214005,0,0,20.2451248168945,10.2314748764038,0,0,43.3301200866699,0,35.502326965332,0,0,935.939331054688,0,0,3641.748046875
10003012000,2083.94921875,284.00146484375,274.685333251953,0,0,208.646286010742,0,0,88.2717971801758,2.71314072608948,0,0,214.838134765625,0,0,72.7320861816406,0,0,69.709602355957,0,0,0.332619994878769,0,0,40.1333618164063,11.277813911438,0,0,89.8338394165039,0,71.0602951049805,0,0,1155.42407226563,0,0,4667.60888671875
10003012100,1567.33532714844,103.485160827637,93.0829315185547,0,0,69.4321670532227,0,0,34.0013656616211,0.474047988653183,0,0,74.1024780273438,0,0,31.9002838134766,0,0,38.7711181640625,0,0,1.07395994663239,0,0,16.8274688720703,6.16654634475708,0,0,34.3127403259277,0,26.9193172454834,0,0,739.722900390625,0,0,2837.60766601563
10003012200,1950.4541015625,105.520599365234,118.698097229004,0,0,100.878768920898,0,0,43.417308807373,1.04041802883148,0,0,92.8355407714844,0,0,43.0033493041992,0,0,50.4877586364746,0,0,1.64971995353699,0,0,18.7953510284424,7.23391008377075,0,0,58.774356842041,0,43.7299957275391,0,0,894.392822265625,0,11.2799987792969,3542.19189453125
10003012300,1129.74475097656,58.7684707641602,84.1085815429688,0,0,72.6810836791992,0,0,25.3484745025635,0.990935981273651,0,0,65.5012283325195,0,0,25.6694412231445,0,0,30.6934757232666,0,0,4.47999984025955E-02,0,0,9.58026790618896,3.59607791900635,0,0,40.3453216552734,0,31.0558166503906,0,0,515.114440917969,0,0,2093.2431640625
10003012400,1971.40795898438,122.726119995117,170.121490478516,0,0,131.484985351563,0,0,50.108226776123,6.08247756958008,0,0,131.816329956055,0,0,47.3970184326172,0,0,51.9757194519043,0,0,0.304739981889725,0,0,21.7867069244385,11.3534755706787,0,0,51.9842681884766,0,41.8107643127441,0,0,930.548706054688,0,0,3740.9091796875
10003012500,2450.5263671875,45.7744979858398,39.5462074279785,0,0,36.828296661377,0,0,18.6137657165527,1.11065912246704,0,0,30.9398708343506,0,0,16.761402130127,0,0,43.3196487426758,0,0,0.229840010404587,0,0,6.60800838470459,1.92231225967407,0,0,27.2637920379639,0,21.0720863342285,0,0,1013.57037353516,0,0,3754.08666992188
10003012600,1333.14733886719,40.7767219543457,73.9086303710938,0,0,52.2079391479492,0,0,17.8183784484863,4.27859973907471,0,0,56.5613327026367,0,0,22.81272315979,0,0,29.6717891693115,0,0,0.111999996006489,0,0,11.0065898895264,7.92050790786743,0,0,16.8806037902832,0,15.3964509963989,0,0,592.859436035156,0,0,2275.35913085938
10003012700,2102.33569335938,217.975463867188,300.472229003906,0,0,220.517379760742,0,0,106.132080078125,6.84770393371582,0,0,232.548858642578,0,0,71.8878707885742,0,0,67.9205780029297,0,0,0.338979989290237,0,0,37.3476066589355,16.0967750549316,0,0,72.4949798583984,0,63.2307319641113,0,0,1121.80017089844,0,34.9679985046387,4672.91455078125
10003012900,1806.49499511719,322.498962402344,347.650939941406,0,0,273.135589599609,0,0,142.550048828125,10.3696022033691,0,0,269.407318115234,0,0,112.058448791504,0,0,83.6638031005859,0,0,0,0,0,51.4083938598633,21.4012756347656,0,0,132.105438232422,0,111.21297454834,0,0,1091.96423339844,0,63.1679992675781,4839.08984375
10003013000,957.158874511719,19.492769241333,25.5019073486328,0,0,18.0356502532959,0,0,7.76297760009766,1.18766868114471,0,0,19.677375793457,0,0,7.08294725418091,0,0,17.0191993713379,0,0,0,0,0,3.67297291755676,2.08360028266907,0,0,5.97629594802856,0,5.41214799880981,0,0,404.603607177734,0,15.7919998168945,1510.4599609375
10003013100,1044.43395996094,110.097831726074,89.8085784912109,0,0,70.0220565795898,0,0,52.0777969360352,0.410151541233063,0,0,70.3125152587891,0,0,28.443208694458,0,0,30.8672008514404,0,0,0.731540024280548,0,0,15.5631608963013,3.4993577003479,0,0,39.4726486206055,0,31.7844734191895,0,0,528.403503417969,0,20.3040008544922,2136.23193359375
10003013200,1149.66088867188,37.9055404663086,44.2771110534668,0,0,34.9593353271484,0,0,13.8958435058594,0.44567996263504,0,0,34.4256820678711,0,0,10.2224607467651,0,0,22.1314926147461,0,0,0,0,0,5.36218976974487,0.940726816654205,0,0,14.318172454834,0,10.5792455673218,0,0,497.010650634766,0,15.7919998168945,1891.9267578125
10003013300,1056.32849121094,69.1205749511719,63.6381454467773,0,0,46.4288330078125,0,0,29.5937118530273,0.481085956096649,0,0,49.6831474304199,0,0,13.6837863922119,0,0,23.0978870391846,0,0,0,0,0,8.54969596862793,1.26082015037537,0,0,17.3981304168701,0,12.6013994216919,0,0,497.890258789063,0,0,1889.75610351563
10003013400,1349.30236816406,22.882640838623,31.6847896575928,0,0,26.4567127227783,0,0,5.83831405639648,0.289745986461639,0,0,25.0813274383545,0,0,19.7607154846191,0,0,27.7991161346436,0,0,2.3167200088501,0,0,9.00348949432373,5.83846998214722,0,0,16.3471374511719,0,13.735785484314,0,0,576.448669433594,0,0,2132.7861328125
10003013501,3621.64208984375,96.6970977783203,107.047080993652,0,0,88.3991775512695,0,0,35.8463516235352,1.49497199058533,0,0,84.9813766479492,0,0,78.3431396484375,0,0,83.6679153442383,0,0,9.87292003631592,0,0,37.8212699890137,21.9877414703369,0,0,57.0467071533203,0,49.118293762207,0,0,1597.46411132813,0,16.9200019836426,5988.3505859375
10003013503,4019.33447265625,249.961410522461,206.59407043457,0,0,151.866088867188,0,0,77.4524993896484,1.76811027526855,0,0,162.050750732422,0,0,55.3497200012207,0,0,86.7583541870117,0,0,0.895099997520447,0,0,32.9096717834473,8.51332092285156,0,0,64.9301834106445,0,54.0795059204102,0,0,1868.45275878906,0,0,7040.916015625
10003013505,1799.13342285156,34.7048492431641,35.2819480895996,0,0,25.1673240661621,0,0,15.1058015823364,0.584747970104218,0,0,27.1506385803223,0,0,9.3024206161499,0,0,30.484203338623,0,0,0,0,0,5.15636491775513,2.21340036392212,0,0,10.3924961090088,0,9.12769317626953,0,0,755.960693359375,0,0,2759.76611328125
10003013506,2558.23583984375,45.2394104003906,35.3104286193848,0,0,25.5080528259277,0,0,15.6817684173584,0.334692001342773,0,0,27.9817142486572,0,0,8.6234655380249,0,0,40.8947448730469,0,0,0,0,0,5.53250551223755,0.741073191165924,0,0,10.2371511459351,0,8.582275390625,0,0,1058.45788574219,0,0,3841.361328125
10003013604,2150.7119140625,84.0945205688477,63.0450439453125,0,0,48.5340309143066,0,0,35.1291313171387,1.0327320098877,0,0,48.9165954589844,0,0,20.655876159668,0,0,41.7312469482422,0,0,0.089599996805191,0,0,11.8641166687012,2.78647756576538,0,0,27.7807178497314,0,24.1183528900146,0,0,941.720520019531,0,0,3502.21044921875
10003013607,3285.48852539063,117.525970458984,105.216384887695,0,0,105.859382629395,0,0,36.3877983093262,0.475419610738754,0,0,83.4919204711914,0,0,56.4623069763184,0,0,75.6160583496094,0,0,2.62080025672913,0,0,21.7264080047607,7.87088871002197,0,0,85.2018432617188,0,62.4976997375488,0,0,1420.39343261719,0,0,5466.83447265625
10003013608,820.49951171875,31.8883991241455,28.4368953704834,0,0,27.0689487457275,0,0,11.6024503707886,0.15361200273037,0,0,22.2980632781982,0,0,11.2113008499146,0,0,17.8924407958984,0,0,0.156800001859665,0,0,4.35963344573975,0.930184245109558,0,0,19.2069492340088,0,14.0981330871582,0,0,353.377685546875,0,11.2799987792969,1374.46118164063
10003013610,3163.81225585938,61.1427268981934,57.9135551452637,0,0,50.1317329406738,0,0,19.9698467254639,0.692351996898651,0,0,45.6253356933594,0,0,34.5765609741211,0,0,60.2947731018066,0,0,3.32807993888855,0,0,16.1145133972168,7.91059160232544,0,0,35.4742774963379,0,28.7336559295654,0,0,1337.11145019531,0,9.02400016784668,4931.85595703125
10003013611,2684.38671875,56.270809173584,41.6103096008301,0,0,53.2534408569336,0,0,18.4729919433594,0.699083983898163,0,0,32.7113838195801,0,0,26.8183975219727,0,0,52.4548377990723,0,0,0,0,0,6.71002435684204,1.62855958938599,0,0,55.6894874572754,0,39.7596664428711,0,0,1095.53735351563,0,15.7919998168945,4181.794921875
10003013612,3211.59057617188,95.1587142944336,83.1496887207031,0,0,66.104606628418,0,0,36.6513633728027,0.723912000656128,0,0,66.0851516723633,0,0,55.437442779541,0,0,69.0677871704102,0,0,6.75276041030884,0,0,28.0750923156738,14.5687522888184,0,0,40.3807525634766,0,35.2373580932617,0,0,1407.64892578125,0,0,5216.6328125
10003013613,2986.18896484375,67.3282012939453,66.5958023071289,0,0,55.8748397827148,0,0,22.9155349731445,0.889369189739227,0,0,52.5000762939453,0,0,31.559850692749,0,0,57.7246284484863,0,0,2.04800009727478,0,0,16.2164516448975,6.0483546257019,0,0,37.3349990844727,0,30.9770374298096,0,0,1281.29089355469,0,39.4800033569336,4754.97265625
10003013614,1076.39807128906,97.1909942626953,78.8463745117188,0,0,70.7907104492188,0,0,36.6863250732422,0.802907943725586,0,0,61.6174736022949,0,0,29.5071220397949,0,0,31.485502243042,0,0,0.447919994592667,0,0,13.5636053085327,2.2288601398468,0,0,48.8741302490234,0,36.3989334106445,0,0,521.757080078125,0,222.216003417969,2328.81201171875
10003013615,1241.21862792969,100.981719970703,84.3772125244141,0,0,65.1709976196289,0,0,30.8288955688477,0.514789164066315,0,0,67.1911697387695,0,0,23.4794540405273,0,0,30.3976497650146,0,0,0.58299994468689,0,0,12.8372259140015,2.63181900978088,0,0,29.9599876403809,0,23.9367656707764,0,0,592.441650390625,0,888.864013671875,3195.4150390625
10003013700,1576.9677734375,112.518531799316,113.398849487305,0,0,102.041580200195,0,0,43.595760345459,4.41075611114502,0,0,87.7348785400391,0,0,47.8597145080566,0,0,47.1655235290527,0,0,0.111999996006489,0,0,17.8147525787354,8.71572113037109,0,0,70.7831039428711,0,53.2497329711914,0,0,736.432312011719,0,0,3022.80126953125
10003013800,2474.24975585938,653.606079101563,538.574401855469,0,0,419.975250244141,0,0,215.690414428711,2.36926794052124,0,0,425.540100097656,0,0,185.436874389648,0,0,130.314727783203,0,0,8.45654010772705,0,0,106.985916137695,23.6284561157227,0,0,214.631652832031,0,166.127487182617,0,0,1704.21618652344,0,0,7269.8037109375
10003013901,1153.03881835938,34.1326179504395,35.5992584228516,0,0,36.7545127868652,0,0,11.0708894729614,0.357793182134628,0,0,28.3339443206787,0,0,19.4323253631592,0,0,26.5434551239014,0,0,0,0,0,6.39817142486572,2.86491966247559,0,0,30.5862846374512,0,22.6387062072754,0,0,481.073303222656,0,0,1888.82495117188
10003013903,2376.19897460938,34.8075714111328,36.6544418334961,0,0,26.5572528839111,0,0,13.8182621002197,0.9130859375,0,0,28.491678237915,0,0,8.46189594268799,0,0,38.0434532165527,0,0,0,0,0,5.08238697052002,1.31441235542297,0,0,8.91924285888672,0,7.27942609786987,0,0,979.160888671875,0,0,3565.70336914063
10003013904,3924.14453125,231.755279541016,202.671295166016,0,0,161.471099853516,0,0,107.66478729248,1.07700097560883,0,0,157.085647583008,0,0,73.7845230102539,0,0,96.388542175293,0,0,0.136959999799728,0,0,34.3477592468262,12.5515060424805,0,0,98.8891677856445,0,80.9051132202148,0,0,1808.31689453125,0,15.7919998168945,7006.98193359375
10003014000,2140.19506835938,274.712799072266,284.287780761719,0,0,237.546310424805,0,0,116.415481567383,2.12698793411255,0,0,221.872589111328,0,0,86.2375335693359,0,0,78.390510559082,0,0,0.35154002904892,0,0,41.9838905334473,6.28782415390015,0,0,124.729965209961,0,107.669967651367,0,0,1155.47473144531,0,0,4878.283203125
10003014100,2131.35620117188,40.8492431640625,41.2075271606445,0,0,39.6336898803711,0,0,12.1499853134155,0.967787981033325,0,0,31.9356098175049,0,0,17.1040172576904,0,0,39.3040885925293,0,0,0.089599996805191,0,0,5.75137567520142,2.49452018737793,0,0,29.0184917449951,0,21.9904956817627,0,0,883.865417480469,0,9.02400016784668,3306.74243164063
10003014200,884.567749023438,167.352905273438,175.892639160156,0,0,125.101692199707,0,0,86.676628112793,3.13002014160156,0,0,135.912521362305,0,0,46.9802856445313,0,0,38.1577949523926,0,0,0.812600016593933,0,0,25.6156978607178,11.6024503707886,0,0,47.6542129516602,0,37.7143173217773,0,0,575.908508300781,0,11.2799987792969,2374.35986328125
10003014300,2289.5791015625,60.2026481628418,144.146957397461,0,0,125.746734619141,0,0,20.077938079834,0.848645925521851,0,0,121.832313537598,0,0,227.454284667969,0,0,115.839431762695,0,0,39.8992042541504,0,0,108.188461303711,76.3545837402344,0,0,89.6987228393555,0,87.1870651245117,0,0,1236.93603515625,0,0,4743.9921875
10003014402,1392.72143554688,84.6073303222656,130.064849853516,0,0,108.483016967773,0,0,36.8727760314941,5.29100942611694,0,0,100.496696472168,0,0,47.3790588378906,0,0,43.839412689209,0,0,0.354399979114532,0,0,19.4513854980469,10.3558521270752,0,0,58.4433937072754,0,46.8579406738281,0,0,661.241394042969,0,0,2746.4599609375
10003014403,1615.44384765625,58.3703689575195,129.783218383789,0,0,121.676559448242,0,0,20.9188938140869,0.609890401363373,0,0,105.730895996094,0,0,151.879241943359,0,0,81.8843307495117,0,0,24.5937385559082,0,0,67.7200012207031,47.156852722168,0,0,93.9413146972656,0,79.5958862304688,0,0,860.904052734375,0,0,3460.208984375
10003014404,1850.12036132813,87.6050720214844,85.4518127441406,0,0,69.535774230957,0,0,30.8131866455078,0.320850014686584,0,0,66.0172653198242,0,0,27.1790561676025,0,0,41.8041801452637,0,0,0,0,0,12.0866527557373,4.85596752166748,0,0,38.4358978271484,0,31.8225059509277,0,0,833.417297363281,0,0,3179.4658203125
10003014501,679.597900390625,127.692428588867,110.852928161621,0,0,96.1645431518555,0,0,51.2738838195801,0.55715399980545,0,0,87.1342163085938,0,0,34.7658538818359,0,0,29.9069595336914,0,0,0,0,0,16.2794227600098,1.68996214866638,0,0,59.8395309448242,0,42.8682098388672,0,0,395.336975097656,0,0,1733.95971679688
10003014502,1139.25708007813,179.590072631836,246.634384155273,0,0,213.223129272461,0,0,59.4498710632324,0.308988004922867,0,0,201.281143188477,0,0,233.290618896484,0,0,110.409278869629,0,0,34.7748565673828,0,0,110.656127929688,68.3151245117188,0,0,143.402160644531,0,123.043060302734,0,0,880.049072265625,0,0,3743.68481445313
10003014702,993.543273925781,88.4162902832031,141.103851318359,0,0,99.4281463623047,0,0,48.7326469421387,1.8740519285202,0,0,108.63321685791,0,0,34.2797088623047,0,0,32.0996398925781,0,0,0.134399995207787,0,0,17.5425472259521,10.7451181411743,0,0,27.9605617523193,0,26.4588928222656,0,0,517.38671875,0,0,2148.3388671875
10003014703,1916.50268554688,51.6341514587402,43.3230590820313,0,0,51.5238571166992,0,0,19.6808280944824,0.658378005027771,0,0,33.7520179748535,0,0,27.4947071075439,0,0,41.7509155273438,0,0,0.734759986400604,0,0,8.67001914978027,2.47518754005432,0,0,52.0096626281738,0,37.8409004211426,0,0,805.296752929688,0,12.4079999923706,3105.75610351563
10003014705,2431.59619140625,169.711608886719,212.437149047852,0,0,161.592681884766,0,0,88.1670455932617,4.41457176208496,0,0,163.973907470703,0,0,70.3033676147461,0,0,70.7172088623047,0,0,2.43646025657654,0,0,34.439769744873,15.7704515457153,0,0,72.9430236816406,0,64.9709320068359,0,0,1202.49157714844,0,0,4765.96630859375
10003014706,1037.07702636719,157.787857055664,177.839065551758,0,0,141.097427368164,0,0,77.3382568359375,3.74167799949646,0,0,137.229949951172,0,0,51.2074089050293,0,0,42.4102516174316,0,0,0.254379987716675,0,0,24.0175361633301,8.46110439300537,0,0,66.6786956787109,0,55.9844169616699,0,0,606.671936035156,0,0,2587.79711914063
10003014803,1601.19689941406,119.56031036377,149.590469360352,0,0,121.767181396484,0,0,57.8719902038574,3.85313415527344,0,0,115.95059967041,0,0,48.5910148620605,0,0,48.129753112793,0,0,0.66514003276825,0,0,21.8968715667725,8.15073776245117,0,0,60.161865234375,0,51.7820014953613,0,0,780.711975097656,0,373.368011474609,3563.24755859375
10003014805,4970.22412109375,200.220642089844,169.302764892578,0,0,121.635444641113,0,0,78.6488494873047,4.22362422943115,0,0,132.90998840332,0,0,45.4860992431641,0,0,93.1190414428711,0,0,0,0,0,27.8616771697998,6.64368629455566,0,0,48.3047561645508,0,39.2620429992676,0,0,2172.95068359375,0,54.1440048217773,8164.93798828125
10003014807,3789.00415039063,197.013122558594,252.589996337891,0,0,200.095443725586,0,0,86.5109710693359,2.42078399658203,0,0,195.842819213867,0,0,72.8324432373047,0,0,92.973876953125,0,0,0.799239993095398,0,0,33.6891975402832,13.5277194976807,0,0,92.718017578125,0,76.2526092529297,0,0,1732.5595703125,0,0,6838.82958984375
10003014808,2709.95751953125,52.3705520629883,47.9057312011719,0,0,45.9432487487793,0,0,23.3777332305908,0.358847975730896,0,0,37.3964385986328,0,0,21.1960735321045,0,0,49.9884796142578,0,0,0.365900009870529,0,0,7.77125024795532,2.45887398719788,0,0,35.8465461730957,0,27.083080291748,0,0,1122.50659179688,0,339.528015136719,4524.05517578125
10003014809,4027.38134765625,173.008773803711,167.789596557617,0,0,129.738189697266,0,0,64.7944869995117,3.32274603843689,0,0,130.805053710938,0,0,48.0535583496094,0,0,82.6136627197266,0,0,0.356620013713837,0,0,24.56276512146,7.19801044464111,0,0,59.6850280761719,0,47.5703735351563,0,0,1782.95690917969,0,0,6749.837890625
10003014810,3348.41259765625,85.7340774536133,56.1463356018066,0,0,52.7829971313477,0,0,22.8056755065918,0.647874057292938,0,0,44.5707740783691,0,0,24.212854385376,0,0,60.2056198120117,0,0,0.111999996006489,0,0,10.6087579727173,1.56480824947357,0,0,41.3795280456543,0,30.8186130523682,0,0,1402.49255371094,0,0,5182.4951171875
10003014903,2301.47021484375,30.8734188079834,30.5695648193359,0,0,22.5351619720459,0,0,12.6307878494263,0.525581955909729,0,0,23.9358711242676,0,0,10.7807531356812,0,0,37.7562294006348,0,0,0.132400006055832,0,0,5.58241033554077,2.395423412323,0,0,9.45155239105225,0,8.32164096832275,0,0,943.080932617188,0,778.320007324219,4218.3623046875
10003014904,2273.69140625,42.1451110839844,38.2450904846191,0,0,50.7450904846191,0,0,15.4865188598633,0.883494019508362,0,0,29.9230346679688,0,0,26.6373825073242,0,0,46.3761329650879,0,0,0.124979995191097,0,0,6.41542530059814,2.23339867591858,0,0,54.6393547058105,0,38.8171768188477,0,0,925.232360839844,0,0,3551.59643554688
10003014906,2235.513671875,45.2625274658203,49.3360214233398,0,0,52.2847366333008,0,0,15.5321617126465,0.13986000418663,0,0,38.8338775634766,0,0,24.6169548034668,0,0,44.969654083252,0,0,0,0,0,7.90833377838135,2.54019713401794,0,0,42.2048721313477,0,29.1719341278076,0,0,915.491149902344,0,0,3503.80615234375
10003014907,2364.857421875,20.4075088500977,14.3908891677856,0,0,15.4295053482056,0,0,7.21031713485718,0.28889998793602,0,0,11.3377771377563,0,0,7.79548645019531,0,0,37.4436492919922,0,0,0.089599996805191,0,0,2.6471643447876,0.624469220638275,0,0,13.9290618896484,0,10.1893453598022,0,0,950.269897460938,0,32.7120018005371,3489.62255859375
10003014908,738.289611816406,7.71005964279175,9.64046001434326,0,0,34.7120475769043,0,0,3.12213277816772,0.237239986658096,0,0,7.46024084091187,0,0,21.1052055358887,0,0,22.2266139984131,0,0,4.47999984025955E-02,0,0,1.8114869594574,0.408351987600327,0,0,54.7728805541992,0,37.5340003967285,0,0,280.810882568359,0,0,1219.88598632813
10003014909,2321.90966796875,106.822219848633,112.412422180176,0,0,100.598152160645,0,0,42.9114379882813,1.045529961586,0,0,88.0405197143555,0,0,43.7693557739258,0,0,56.9629669189453,0,0,0.089599996805191,0,0,17.5857753753662,6.02989149093628,0,0,67.3104095458984,0,49.3930816650391,0,0,1029.74890136719,0,108.288009643555,4152.91748046875
10003015000,2060.9716796875,281.106018066406,254.231231689453,0,0,199.348709106445,0,0,131.804611206055,3.71014189720154,0,0,198.969329833984,0,0,86.8554229736328,0,0,76.7444381713867,0,0,0.321859985589981,0,0,40.859619140625,16.5056056976318,0,0,112.710250854492,0,86.9347305297852,0,0,1144.38317871094,0,22.5599975585938,4718.0166015625
10003015100,1476.59790039063,63.2588386535645,64.1632232666016,0,0,52.2460098266602,0,0,20.6835384368896,0.513558030128479,0,0,50.2188339233398,0,0,21.3574104309082,0,0,32.1407356262207,0,0,1.19711995124817,0,0,10.1586074829102,3.64259696006775,0,0,27.9533061981201,0,21.6951370239258,0,0,660.819152832031,0,20.3040008544922,2526.94995117188
10003015200,2106.04296875,210.875930786133,306.152221679688,0,0,233.244674682617,0,0,82.8643569946289,3.53720498085022,0,0,241.637878417969,0,0,108.875831604004,0,0,82.4074096679688,0,0,8.19260025024414,0,0,54.424976348877,25.2872200012207,0,0,91.5509414672852,0,79.865364074707,0,0,1143.50451660156,0,25.9440002441406,4804.408203125
10003015400,1210.58129882813,121.037811279297,151.71061706543,0,0,111.013732910156,0,0,55.9383201599121,1.54258191585541,0,0,118.793395996094,0,0,45.8122787475586,0,0,39.8891754150391,0,0,2.84479999542236,0,0,25.9836292266846,9.17057418823242,0,0,36.0233764648438,0,35.9673652648926,0,0,652.726928710938,0,56.4000015258789,2675.43603515625
10003015502,1214.44970703125,164.663177490234,151.566055297852,0,0,113.535675048828,0,0,70.7371520996094,1.64959192276001,0,0,117.805999755859,0,0,35.6604804992676,0,0,36.8575973510742,0,0,0.10700000077486,0,0,20.6201782226563,3.30239009857178,0,0,42.8896942138672,0,40.2459030151367,0,0,667.017395019531,0,16.9200019836426,2698.02783203125
10003015600,948.861999511719,14.2314405441284,14.161262512207,0,0,10.4143152236938,0,0,6.51146650314331,0.211751997470856,0,0,11.1110944747925,0,0,4.85928630828857,0,0,15.9080724716187,0,0,0.266079992055893,0,0,2.88331508636475,1.00399684906006,0,0,5.65441751480103,0,4.748046875,0,0,397.805450439453,0,51.8880004882813,1490.52001953125
10003015802,910.837890625,196.049468994141,218.28678894043,0,0,149.518585205078,0,0,127.327293395996,0.379368007183075,0,0,167.400085449219,0,0,55.6011543273926,0,0,45.4752731323242,0,0,0,0,0,30.7339534759521,12.8690948486328,0,0,53.8168869018555,0,56.6291427612305,0,0,624.763916015625,0,0,2649.68896484375
10003015900,1542.36291503906,21.8845901489258,22.3780632019043,0,0,16.4565334320068,0,0,6.24791860580444,0.280097991228104,0,0,17.3450260162354,0,0,5.54725933074951,0,0,24.8942184448242,0,0,0,0,0,3.10916376113892,1.12716782093048,0,0,6.1963906288147,0,5.54750108718872,0,0,637.138061523438,0,0,2310.51489257813
10003016000,1026.31848144531,254.546127319336,339.699493408203,0,0,257.626220703125,0,0,122.31974029541,2.95127987861633,0,0,264.19140625,0,0,71.2869338989258,0,0,55.8431015014648,0,0,0,0,0,40.8961486816406,5.73230123519897,0,0,81.183723449707,0,83.483512878418,0,0,738.413513183594,0,12.4079999923706,3356.90014648438
10003016100,1199.86096191406,76.525520324707,88.6588439941406,0,0,65.5565414428711,0,0,27.9831504821777,0.646146059036255,0,0,69.6154174804688,0,0,20.6996250152588,0,0,28.739185333252,0,0,0.374500006437302,0,0,12.59006690979,2.77028274536133,0,0,24.2313785552979,0,20.8397369384766,0,0,573.758728027344,0,0,2212.84985351563
10003016200,1225.98718261719,123.91820526123,134.182510375977,0,0,110.97940826416,0,0,51.3923492431641,1.10667598247528,0,0,104.371353149414,0,0,39.3278579711914,0,0,39.4742546081543,0,0,0.115559995174408,0,0,18.4552669525146,4.26413869857788,0,0,57.5202941894531,0,44.3181228637695,0,0,624.520874023438,0,29.3279991149902,2609.26196289063
10003016301,1515.26245117188,81.4863967895508,71.0260467529297,0,0,61.7174453735352,0,0,26.7683715820313,0.855809926986694,0,0,55.9222869873047,0,0,24.5694236755371,0,0,34.5592994689941,0,0,0.192319989204407,0,0,10.6746387481689,2.56427001953125,0,0,37.785530090332,0,28.3835964202881,0,0,674.834167480469,0,858.408081054688,3485.01025390625
10003016302,2885.27978515625,114.907127380371,155.400009155273,0,0,123.335304260254,0,0,53.4105834960938,1.10648155212402,0,0,119.577026367188,0,0,72.4768905639648,0,0,73.2737274169922,0,0,8.75024032592773,0,0,34.6457901000977,18.243143081665,0,0,68.0821762084961,0,55.5327796936035,0,0,1323.421875,0,294.408020019531,5401.8505859375
10003016305,2990.33520507813,225.41162109375,316.996246337891,0,0,262.812133789063,0,0,97.1852722167969,3.29565596580505,0,0,247.654083251953,0,0,93.5095672607422,0,0,95.0996475219727,0,0,0.447999984025955,0,0,38.3086204528809,13.9975891113281,0,0,132.704391479492,0,104.743530273438,0,0,1450.49560546875,0,0,6072.998046875
10003016401,2294.08227539063,61.7625007629395,85.3729629516602,0,0,62.1447334289551,0,0,22.1663284301758,1.55001604557037,0,0,66.3719177246094,0,0,21.5078754425049,0,0,42.9980010986328,0,0,0.694400012493134,0,0,11.9507074356079,5.63153696060181,0,0,19.6427459716797,0,16.1367340087891,0,0,991.902465820313,0,481.656005859375,4185.5712890625
10003016404,1424.90869140625,66.54296875,106.076187133789,0,0,78.3892974853516,0,0,21.6058902740479,1.07101798057556,0,0,82.7782440185547,0,0,34.5417442321777,0,0,36.0941696166992,0,0,2.55658006668091,0,0,17.1381912231445,11.2212562561035,0,0,27.0302886962891,0,22.958309173584,0,0,666.984130859375,0,121.823997497559,2721.72094726563
10003016601,5145.8154296875,188.112594604492,200.043670654297,0,0,152.252044677734,0,0,102.078094482422,3.00749039649963,0,0,155.044616699219,0,0,72.1202545166016,0,0,109.439170837402,0,0,3.01228022575378,0,0,32.9741401672363,16.9999198913574,0,0,75.4064331054688,0,65.8921890258789,0,0,2264.36572265625,0,0,8586.5625
10003016602,3355.45727539063,94.3293304443359,58.538402557373,0,0,42.4481239318848,0,0,30.3792133331299,1.32184791564941,0,0,45.9474334716797,0,0,16.0412616729736,0,0,55.0427703857422,0,0,4.50599975883961E-02,0,0,8.77012157440186,2.40942549705505,0,0,18.8934307098389,0,15.7584056854248,0,0,1409.09301757813,0,31.5839996337891,5186.05859375
10003016604,4464.810546875,159.578308105469,156.443542480469,0,0,121.004104614258,0,0,57.3093299865723,2.12291288375854,0,0,122.30558013916,0,0,46.1702575683594,0,0,88.2830657958984,0,0,0.796060025691986,0,0,24.2667198181152,7.81986236572266,0,0,59.519416809082,0,48.7467308044434,0,0,1952.04443359375,0,513.239990234375,7824.4609375
10003016608,2262.330078125,183.399322509766,106.626731872559,0,0,77.6356887817383,0,0,40.0804748535156,0.848483920097351,0,0,85.9262390136719,0,0,37.8767890930176,0,0,49.5499382019043,0,0,2.01308012008667,0,0,24.3790378570557,4.28144264221191,0,0,38.7653198242188,0,32.9173011779785,0,0,1078.36291503906,0,19.1760005950928,4044.16918945313
10003016801,2713.64111328125,57.0022201538086,55.7198944091797,0,0,40.3981857299805,0,0,20.8600769042969,1.9329479932785,0,0,43.482536315918,0,0,15.437050819397,0,0,45.6294136047363,0,0,0.330000013113022,0,0,8.07388496398926,3.31860494613647,0,0,13.8526306152344,0,12.9254360198975,0,0,1135.45178222656,0,119.568000793457,4287.62353515625
10003016804,3378.06079101563,39.544792175293,54.4233894348145,0,0,42.690113067627,0,0,16.2333946228027,0.613871991634369,0,0,44.1834526062012,0,0,47.2241325378418,0,0,65.8093185424805,0,0,7.36960029602051,0,0,23.3511600494385,14.7053050994873,0,0,20.5929069519043,0,20.8682270050049,0,0,1425.55187988281,0,4.51200008392334,5205.734375
10003016901,918.064147949219,110.197364807129,163.933731079102,0,0,121.152160644531,0,0,60.8419761657715,0.605988025665283,0,0,126.991584777832,0,0,27.2706661224365,0,0,29.3256015777588,0,0,6.71999976038933E-02,0,0,17.2837753295898,1.15809845924377,0,0,26.8534412384033,0,33.2204360961914,0,0,510.173889160156,0,153.408004760742,2300.5478515625
10003016904,792.4990234375,38.0608177185059,64.2124557495117,0,0,48.6466827392578,0,0,13.9386873245239,0.584208011627197,0,0,52.4038505554199,0,0,54.5015068054199,0,0,32.2372245788574,0,0,8.51200008392334,0,0,26.1979598999023,18.0854606628418,0,0,22.1932506561279,0,21.9316864013672,0,0,410.060180664063,0,27.0720024108887,1631.13684082031
10003980100,0,3.67843008041382,5.5349383354187,0,0,3.95994520187378,0,0,1.51280915737152,0.172061994671822,0,0,4.27992534637451,0,0,1.33737099170685,0,0,0.681158840656281,0,0,0,0,0,0.767896592617035,0.290593594312668,0,0,1.01076102256775,0,1.07346880435944,0,0,5.10563993453979,0,0,29.4050006866455
10005050101,1605.42456054688,27.7140808105469,23.1254329681396,0,0,16.5172481536865,0,0,10.9632596969604,0.626147985458374,0,0,17.9922103881836,0,0,6.18597841262817,0,0,25.9171657562256,0,0,0,0,0,3.8567168712616,1.02708041667938,0,0,6.80076599121094,0,6.20489740371704,0,0,665.315368652344,0,165.815994262695,2583.48681640625
10005050103,2696.31103515625,38.1424217224121,31.9645366668701,0,0,30.0695152282715,0,0,14.3262300491333,0.365525960922241,0,0,25.3751430511475,0,0,14.6239576339722,0,0,45.2562942504883,0,0,0.739200055599213,0,0,5.51630210876465,1.9550986289978,0,0,20.5633735656738,0,15.231538772583,0,0,1095.48388671875,0,181.608001708984,4217.5322265625
10005050104,2032.19396972656,222.86962890625,216.083969116211,0,0,156.914489746094,0,0,104.179313659668,3.51575994491577,0,0,167.286926269531,0,0,75.532096862793,0,0,67.1616058349609,0,0,2.97203993797302,0,0,40.957088470459,17.2351398468018,0,0,73.853515625,0,67.5130386352539,0,0,1105.11437988281,0,12.4079999923706,4365.79052734375
10005050105,1825.08764648438,44.5326194763184,32.6594924926758,0,0,23.8198394775391,0,0,14.1781148910522,0.833993971347809,0,0,25.5370082855225,0,0,8.98541355133057,0,0,30.3166084289551,0,0,0,0,0,5.23476076126099,1.34472894668579,0,0,10.7736320495605,0,9.26832962036133,0,0,769.663879394531,0,745.608032226563,3547.84423828125
10005050200,1022.27880859375,34.1140594482422,27.4386081695557,0,0,20.4361686706543,0,0,11.0541677474976,0.278063982725143,0,0,21.7531108856201,0,0,11.3122644424438,0,0,19.3012294769287,0,0,1.05369997024536,0,0,5.81977462768555,2.85254120826721,0,0,9.78850650787354,0,8.32602214813232,0,0,441.474975585938,0,477.143981933594,2114.42602539063
10005050301,2671.32861328125,253.896530151367,349.292053222656,0,0,260.421569824219,0,0,125.528816223145,6.79588174819946,0,0,269.477416992188,0,0,95.9189300537109,0,0,87.1564178466797,0,0,2.44969987869263,0,0,46.3873710632324,23.845947265625,0,0,94.8835754394531,0,86.3686676025391,0,0,1391.66955566406,0,548.2080078125,6313.62890625
10005050302,1487.75378417969,55.477710723877,65.2540130615234,0,0,46.9436302185059,0,0,22.4194869995117,2.39950799942017,0,0,50.4907760620117,0,0,16.6458702087402,0,0,29.08544921875,0,0,0.089599996805191,0,0,8.48318481445313,4.11291646957397,0,0,13.9039611816406,0,12.950891494751,0,0,651.549377441406,0,654.239990234375,3121.80004882813
10005050401,1582.12841796875,89.6624221801758,97.0439987182617,0,0,75.0628814697266,0,0,35.1561050415039,0.649655997753143,0,0,75.6603546142578,0,0,21.1623668670654,0,0,34.5146598815918,0,0,0.156800001859665,0,0,12.0683326721191,1.26969122886658,0,0,28.3291893005371,0,21.2775783538818,0,0,725.316650390625,0,236.880004882813,3036.33935546875
10005050403,1228.490234375,34.3849105834961,36.7063026428223,0,0,30.7753009796143,0,0,13.8854675292969,0.573606014251709,0,0,28.6064891815186,0,0,11.2618541717529,0,0,23.5349445343018,0,0,0.191280007362366,0,0,4.99798393249512,1.37624740600586,0,0,16.7729568481445,0,13.0314807891846,0,0,524.000854492188,0,270.720031738281,2239.30981445313
10005050405,1831.16259765625,209.393341064453,307.803375244141,0,0,222.652481079102,0,0,115.446929931641,10.2778196334839,0,0,235.894775390625,0,0,88.445671081543,0,0,70.4886016845703,0,0,0.406399995088577,0,0,40.7138595581055,27.0093307495117,0,0,79.6499862670898,0,72.1617736816406,0,0,1001.51995849609,0,21.431999206543,4334.458984375
10005050406,1790.07763671875,230.223785400391,242.007064819336,0,0,199.847915649414,0,0,91.1851577758789,2.2089204788208,0,0,190.389755249023,0,0,109.891418457031,0,0,78.3777465820313,0,0,8.36684036254883,0,0,54.0816535949707,22.196569442749,0,0,116.753761291504,0,93.1610336303711,0,0,1022.16180419922,0,83.4720001220703,4334.40283203125
10005050407,1637.89099121094,93.8564605712891,80.2292785644531,0,0,60.1009864807129,0,0,33.7051162719727,0.901756763458252,0,0,63.2291221618652,0,0,19.2764129638672,0,0,33.7742881774902,0,0,0,0,0,11.1603221893311,1.77757167816162,0,0,24.5227699279785,0,19.0436401367188,0,0,740.50634765625,0,501.9599609375,3321.93481445313
10005050408,1295.7041015625,37.8558502197266,42.6530265808105,0,0,31.2111892700195,0,0,14.8116245269775,0.636461973190308,0,0,32.9190483093262,0,0,10.6680841445923,0,0,24.0170707702637,0,0,0.363800019025803,0,0,5.92924928665161,2.19674587249756,0,0,11.5245962142944,0,10.1079034805298,0,0,563.924377441406,0,786.216003417969,2870.7392578125
10005050501,1276.04284667969,64.8939361572266,72.0404434204102,0,0,51.420051574707,0,0,31.5605812072754,0.468215972185135,0,0,56.0429611206055,0,0,17.4643249511719,0,0,27.9751319885254,0,0,0.302180022001266,0,0,10.1642608642578,3.19811177253723,0,0,18.2913379669189,0,16.2914886474609,0,0,588.902221679688,0,336.144012451172,2571.2021484375
10005050503,1322.34362792969,212.990463256836,227.436508178711,0,0,174.051300048828,0,0,71.7775955200195,2.32567167282104,0,0,179.317047119141,0,0,81.7109069824219,0,0,59.5268020629883,0,0,4.92319965362549,0,0,40.6588249206543,17.9271945953369,0,0,83.8275451660156,0,66.3829803466797,0,0,801.11328125,0,270.720031738281,3617.033203125
10005050504,1876.72778320313,180.174179077148,212.773941040039,0,0,159.112442016602,0,0,73.0079727172852,4.82564496994019,0,0,166.570358276367,0,0,88.3640823364258,0,0,66.9008865356445,0,0,7.17038011550903,0,0,44.194149017334,23.480619430542,0,0,71.280029296875,0,61.5960311889648,0,0,1001.77648925781,0,178.223999023438,4216.17919921875
10005050601,1543.95727539063,27.4891490936279,19.2919273376465,0,0,14.9907913208008,0,0,8.96671104431152,0.344951987266541,0,0,15.6113481521606,0,0,12.8839111328125,0,0,26.8800144195557,0,0,1.68583989143372,0,0,6.24822807312012,3.52316498756409,0,0,8.29259872436523,0,7.18020915985107,0,0,642.623840332031,0,671.159973144531,3011.12963867188
10005050602,2420.06567382813,137.893417358398,141.789794921875,0,0,116.044990539551,0,0,74.9431381225586,0.629697978496552,0,0,112.080009460449,0,0,70.0914688110352,0,0,69.7860336303711,0,0,4.49138021469116,0,0,31.9050540924072,17.4245834350586,0,0,79.2224349975586,0,58.697437286377,0,0,1168.43884277344,0,318.096008300781,4821.60009765625
10005050701,1226.88635253906,10.6429300308228,14.1433553695679,0,0,11.2543697357178,0,0,3.84606409072876,0.24906599521637,0,0,11.6730947494507,0,0,13.537558555603,0,0,22.47678565979,0,0,2.12800002098084,0,0,6.56480550765991,4.28093290328979,0,0,5.93154191970825,0,5.64974737167358,0,0,508.533447265625,0,771.552001953125,2619.35009765625
10005050703,1270.99475097656,22.7159690856934,19.50119972229,0,0,16.0364379882813,0,0,9.23357772827148,0.418878018856049,0,0,15.2423686981201,0,0,7.8474292755127,0,0,21.948263168335,0,0,0,0,0,3.62065672874451,1.36266994476318,0,0,9.93954849243164,0,7.90592861175537,0,0,525.681457519531,0,492.93603515625,2425.384765625
10005050704,1945.09790039063,21.3060493469238,26.5333786010742,0,0,26.2584533691406,0,0,7.73996925354004,0.392237961292267,0,0,20.5964603424072,0,0,10.9570560455322,0,0,33.252628326416,0,0,0,0,0,3.49583411216736,1.64302182197571,0,0,19.4542217254639,0,13.6922073364258,0,0,788.068664550781,0,1316.38012695313,4234.8681640625
10005050705,1670.82312011719,41.431640625,36.6763763427734,0,0,26.5545902252197,0,0,15.1007690429688,0.590058028697968,0,0,28.8976955413818,0,0,9.76366901397705,0,0,28.5701961517334,0,0,0.173339992761612,0,0,5.80273246765137,1.56324172019958,0,0,10.0542707443237,0,8.38007164001465,0,0,703.71533203125,0,2750.06005859375,5338.1572265625
10005050706,437.524230957031,264.214752197266,164.626846313477,0,0,120.046089172363,0,0,78.3458557128906,1.48413586616516,0,0,129.78157043457,0,0,36.278076171875,0,0,22.472599029541,0,0,0,0,0,17.7908191680908,5.73902559280396,0,0,41.8381233215332,0,32.1726913452148,0,0,353.002258300781,0,1801.419921875,3506.73706054688
10005050801,1566.42761230469,81.5180587768555,76.3461074829102,0,0,60.946102142334,0,0,31.8395862579346,0.956681966781616,0,0,59.4797706604004,0,0,23.8191604614258,0,0,34.7781372070313,0,0,0.291200011968613,0,0,11.4023666381836,3.8258056640625,0,0,32.1091041564941,0,26.0039539337158,0,0,708.409362792969,0,300.048004150391,3018.20092773438
10005050802,2381.58203125,45.1322402954102,37.5427589416504,0,0,27.0840854644775,0,0,17.5042686462402,1.01133000850677,0,0,29.4462814331055,0,0,10.0357065200806,0,0,38.3643112182617,0,0,0.242680013179779,0,0,5.15386056900024,1.9646407365799,0,0,9.51784420013428,0,8.40123462677002,0,0,983.672912597656,0,363.216003417969,3959.87158203125
10005050803,3079.1201171875,37.2363090515137,38.2640495300293,0,0,32.4812278747559,0,0,15.7621755599976,0.892781972885132,0,0,29.9113159179688,0,0,13.3899822235107,0,0,50.3288650512695,0,0,0.163359999656677,0,0,5.54340600967407,2.04577779769897,0,0,18.3624267578125,0,14.4209842681885,0,0,1251.81530761719,0,1794.64990234375,6384.38818359375
10005050901,2373.48828125,101.617248535156,96.2070846557617,0,0,75.4915237426758,0,0,38.1585235595703,1.84301996231079,0,0,75.2326278686523,0,0,26.2229709625244,0,0,47.5302543640137,0,0,6.84799998998642E-02,0,0,13.5712547302246,3.03760075569153,0,0,34.8531112670898,0,28.5924263000488,0,0,1045.07055664063,0,50.7599983215332,4011.74462890625
10005050902,4214.10205078125,242.176605224609,306.6005859375,0,0,235.401809692383,0,0,97.232536315918,2.60199356079102,0,0,241.759918212891,0,0,122.317291259766,0,0,117.11270904541,0,0,10.4838199615479,0,0,61.3933906555176,31.2596607208252,0,0,109.592979431152,0,87.9743881225586,0,0,1995.74645996094,0,118.440002441406,7994.19677734375
10005051003,2892.75439453125,102.204780578613,86.7345962524414,0,0,82.8161239624023,0,0,33.5881423950195,0.719027996063232,0,0,68.421028137207,0,0,38.1452407836914,0,0,61.2584915161133,0,0,0.368100017309189,0,0,15.1946315765381,3.69833636283875,0,0,62.0074195861816,0,45.1358299255371,0,0,1234.13879394531,0,1144.92004394531,5872.10498046875
10005051004,3258.9443359375,100.05590057373,104.586364746094,0,0,88.0800704956055,0,0,36.4306755065918,0.988001942634583,0,0,82.2289581298828,0,0,32.1558227539063,0,0,63.4785079956055,0,0,0.242680013179779,0,0,15.0916891098022,2.92694354057312,0,0,46.5371513366699,0,32.7929725646973,0,0,1387.3671875,0,28.2000007629395,5280.107421875
10005051005,2411.58813476563,26.9111003875732,25.1891250610352,0,0,18.662504196167,0,0,9.34575271606445,0.672407984733582,0,0,19.5063304901123,0,0,6.32763195037842,0,0,37.3016510009766,0,0,0,0,0,3.23125100135803,1.26456558704376,0,0,7.00472927093506,0,5.77272510528564,0,0,980.816162109375,0,889.992004394531,4443.58642578125
10005051006,1324.84521484375,54.9925193786621,47.248592376709,0,0,35.5678634643555,0,0,18.6669864654541,0.457758009433746,0,0,37.2177391052246,0,0,10.300256729126,0,0,24.2712287902832,0,0,0,0,0,5.65568780899048,0.842027604579926,0,0,12.7325239181519,0,9.08763313293457,0,0,571.458984375,0,1241.93005371094,3395.275390625
10005051007,3102.380859375,108.663780212402,122.679412841797,0,0,103.560859680176,0,0,40.7509956359863,0.570898771286011,0,0,97.0662002563477,0,0,39.6352462768555,0,0,65.6339340209961,0,0,0.089599996805191,0,0,17.8831329345703,4.73451137542725,0,0,54.480281829834,0,39.8658561706543,0,0,1330.58264160156,0,1928.8798828125,7057.4580078125
10005051101,2285.77490234375,121.320930480957,124.617073059082,0,0,108.190010070801,0,0,42.9233741760254,0.479286015033722,0,0,98.8543243408203,0,0,51.9010047912598,0,0,59.4541778564453,0,0,0.428000003099442,0,0,22.8473415374756,7.99186325073242,0,0,66.47509765625,0,49.7949676513672,0,0,1013.21569824219,0,0,4054.26806640625
10005051102,2717.24536132813,103.620384216309,119.031555175781,0,0,103.768760681152,0,0,38.8617515563965,1.0759859085083,0,0,94.0526275634766,0,0,50.8710823059082,0,0,64.8956680297852,0,0,0,0,0,21.0058250427246,9.33925819396973,0,0,63.8052444458008,0,47.8344383239746,0,0,1168.24011230469,0,7.89599990844727,4611.54443359375
10005051103,2511.69653320313,54.3738784790039,49.5219078063965,0,0,62.6321182250977,0,0,16.6303024291992,0.112824000418186,0,0,40.0343055725098,0,0,38.2690658569336,0,0,55.4616928100586,0,0,7.49000012874603E-02,0,0,10.9524869918823,4.71116590499878,0,0,64.987663269043,0,46.4947662353516,0,0,1015.60943603516,0,51.8880004882813,4023.45092773438
10005051201,2858.82373046875,8.7083797454834,6.82663106918335,0,0,15.9397325515747,0,0,3.24887442588806,7.75619968771935E-02,0,0,5.42295026779175,0,0,8.90983772277832,0,0,45.2920989990234,0,0,0,0,0,1.06242692470551,8.53182002902031E-02,0,0,22.2756175994873,0,15.240608215332,0,0,1126.16320800781,0,527.903991699219,4645.98095703125
10005051202,2201.2412109375,41.4402885437012,38.7033042907715,0,0,33.3919448852539,0,0,13.9414205551147,0.316205978393555,0,0,30.6432037353516,0,0,13.2199382781982,0,0,38.270378112793,0,0,0.090039998292923,0,0,6.03577041625977,1.30849540233612,0,0,20.3522510528564,0,14.9817390441895,0,0,909.692749023438,0,3.38400030136108,3367.01293945313
10005051203,2910.51416015625,58.0994911193848,52.3119201660156,0,0,53.456901550293,0,0,19.5840644836426,0.815039932727814,0,0,41.440113067627,0,0,24.398624420166,0,0,54.30029296875,0,0,0,0,0,8.26691150665283,2.18947339057922,0,0,42.7209663391113,0,30.7758388519287,0,0,1194.13623046875,0,13.5360012054443,4506.5458984375
10005051204,3239.28344726563,32.1513900756836,28.8694362640381,0,0,50.1209030151367,0,0,11.3308725357056,0.138546004891396,0,0,23.0957050323486,0,0,29.4191570281982,0,0,61.5477256774902,0,0,0.722559988498688,0,0,5.97307872772217,1.96592807769775,0,0,64.279899597168,0,45.242317199707,0,0,1291.06604003906,0,30.4559993743896,4915.66259765625
10005051205,1789.38110351563,50.3193702697754,60.4197006225586,0,0,58.9581451416016,0,0,17.8838901519775,0.159372001886368,0,0,47.7709541320801,0,0,22.9556045532227,0,0,38.1474914550781,0,0,0.38306000828743,0,0,8.00627422332764,1.65961110591888,0,0,40.352222442627,0,27.7085876464844,0,0,748.941528320313,0,239.136001586914,3152.18286132813
10005051301,3923.3701171875,43.0122680664063,36.7653274536133,0,0,32.2400131225586,0,0,16.0830307006836,1.15128004550934,0,0,28.8674011230469,0,0,13.614312171936,0,0,62.3157844543457,0,0,0,0,0,5.45564889907837,1.65339946746826,0,0,20.2064990997314,0,15.6258745193481,0,0,1586.96105957031,0,545.952026367188,6333.27392578125
10005051302,1093.8046875,2.64335989952087,2.62619042396545,0,0,1.8878026008606,0,0,1.08255326747894,9.29519906640053E-02,0,0,2.04595184326172,0,0,0.596461117267609,0,0,15.6966438293457,0,0,0,0,0,0.323257714509964,0.102247200906277,0,0,0.52517968416214,0,0.532163619995117,0,0,434.238525390625,0,825.695922851563,2381.8935546875
10005051303,4928.55126953125,144.465850830078,162.262985229492,0,0,124.600547790527,0,0,58.5580101013184,3.59435081481934,0,0,126.598556518555,0,0,41.8781814575195,0,0,91.9655532836914,0,0,9.96999964118004E-02,0,0,21.7246379852295,6.02029657363892,0,0,50.2551116943359,0,40.4958686828613,0,0,2110.01171875,0,507.600006103516,8418.6826171875
10005051305,2785.83081054688,49.7152900695801,53.4394454956055,0,0,44.0132751464844,0,0,22.6583290100098,1.03733992576599,0,0,41.5984878540039,0,0,15.7918338775635,0,0,47.9491996765137,0,0,0,0,0,7.12003469467163,1.79703426361084,0,0,22.9075260162354,0,19.0696620941162,0,0,1155.53686523438,0,190.631988525391,4459.0966796875
10005051306,2458.38354492188,83.1704635620117,90.3598327636719,0,0,71.8582763671875,0,0,33.6117401123047,1.18261790275574,0,0,70.1989822387695,0,0,23.6660652160645,0,0,47.6221923828125,0,0,0,0,0,10.8611841201782,3.75596833229065,0,0,32.1853637695313,0,24.5526885986328,0,0,1060.08203125,0,1122.35998535156,5133.8505859375
10005051400,1243.51477050781,73.9745788574219,89.9955444335938,0,0,68.9479675292969,0,0,32.6184463500977,1.15462803840637,0,0,69.7024383544922,0,0,23.6741065979004,0,0,30.8139591217041,0,0,4.92199994623661E-02,0,0,11.9083890914917,4.32589387893677,0,0,28.4235782623291,0,23.9790725708008,0,0,586.053527832031,0,298.920013427734,2588.05615234375
10005051500,2100.24975585938,77.0461807250977,73.1627655029297,0,0,53.6271057128906,0,0,29.9474945068359,1.52910006046295,0,0,56.9270210266113,0,0,21.0264759063721,0,0,40.219051361084,0,0,0.983520030975342,0,0,11.2268981933594,4.60924482345581,0,0,22.0910129547119,0,19.1112251281738,0,0,924.145202636719,0,372.239990234375,3808.14184570313
10005051701,1454.42468261719,39.9165420532227,30.5152072906494,0,0,22.3709754943848,0,0,14.8306484222412,0.864251971244812,0,0,23.813648223877,0,0,8.2997350692749,0,0,24.7034873962402,0,0,0,0,0,4.60788869857788,1.29744899272919,0,0,10.1435394287109,0,8.44706726074219,0,0,617.136901855469,0,393.671997070313,2655.0439453125
10005051702,1949.39343261719,71.2457275390625,63.1210517883301,0,0,46.3069763183594,0,0,26.5943012237549,1.24167597293854,0,0,49.0382766723633,0,0,13.3528442382813,0,0,34.4876518249512,0,0,0,0,0,7.2619252204895,1.83959758281708,0,0,15.5948629379272,0,12.708155632019,0,0,841.115661621094,0,909.168029785156,4042.47021484375
10005051801,2020.64392089844,49.1406478881836,40.924201965332,0,0,36.2160987854004,0,0,17.3423004150391,0.834480047225952,0,0,31.9296379089355,0,0,13.8849229812622,0,0,35.8756103515625,0,0,0,0,0,5.10019969940186,1.59321689605713,0,0,22.67799949646,0,16.758337020874,0,0,838.841491699219,0,391.415985107422,3523.17919921875
10005051802,1820.58264160156,180.788101196289,174.180969238281,0,0,134.379730224609,0,0,64.9999542236328,1.51169395446777,0,0,136.229522705078,0,0,43.9277534484863,0,0,50.1389617919922,0,0,0.381359994411469,0,0,23.9247627258301,5.04898118972778,0,0,57.6933631896973,0,46.974437713623,0,0,921.2978515625,0,34.9679985046387,3697.02807617188
10005051900,1606.83227539063,142.899566650391,159.996124267578,0,0,122.213272094727,0,0,49.2311782836914,3.18478298187256,0,0,125.099876403809,0,0,55.4430885314941,0,0,49.5634727478027,0,0,3.03579998016357,0,0,28.3322448730469,12.3417644500732,0,0,52.9729652404785,0,42.9514274597168,0,0,816.193176269531,0,400.440002441406,3670.73095703125

