Tract,RES1F,RES2F,RES3AF,RES3BF,RES3CF,RES3DF,RES3EF,RES3FF,RES4F,RES5F,RES6F,COM1F,COM2F,COM3F,COM4F,COM5F,COM6F,COM7F,COM8F,COM9F,COM10F,IND1F,IND2F,IND3F,IND4F,IND5F,IND6F,AGR1F,REL1F,GOV1F,GOV2F,EDU1F,EDU2F,TotalSqft
10001040100,3365.37,705,0,0,0,0,0,0,0,0,0,35.384,63.451,38.341,47.035,0,0,3.67,26.068,0,0,49.9,9.9,8.4,90,0,67.911,63.849,51.633,0.889,7.811,28.744,0,4663.356
10001040201,2631.95,155.664,35.91,64.26,6.412,76.944,0,0,5.136,1.4,4.708,122.885,63.31,69.283,51.919,7.703,0,22.604,41.484,0,0,675,13.399,51.6,1.1,0,34.377,8.615,63.49,7.78,0,57.385,0,4274.318
10001040202,6986.4,584.304,11.34,15.12,57.708,89.768,0,0,14.124,233.8,0,86.028,42.165,63.176,101.572,2.675,1169.43,40.777,23.442,0,0,35,53.099,11,0,0,41.318,23.529,49.123,11.856,2.033,34.197,0,9782.985
10001040203,2460.5,309.072,0,18.9,121.828,89.768,0,0,5.564,0,0,25.807,23.434,37.824,52.025,0,0,6.613,46.002,0,0,6.2,3.795,0,0,1.1,32.704,26.655,8.249,0.931,0,18.233,0,3295.204
10001040501,2245.9,260.568,17.01,34.02,83.356,192.36,62.288,0,38.948,0,15.194,588.085,215.015,126.889,192.829,5.951,0,6.623,177.663,2.394,0,6.2,15.931,5.04,4.412,0,69.216,20.196,41.5,13.949,3.133,21.187,6.741,4472.598
10001040502,1040.89,305.688,0,0,0,0,0,0,0,0,0,52.964,9.5,9.918,30.084,4.173,0,0,17.248,0.067,0,0,0.368,0.06,0.099,0,19.17,11.824,8.158,0.025,0.089,50.052,7.169,1567.546
10001040700,3499.87,0,0,26.46,57.708,128.24,0,0,0,84,0,82.978,18.459,103.631,105.975,10.593,0,31.707,22.643,0,0,0,3,0,1.2,0,9.9,7.62,89.064,0,0,21.893,0,4304.941
10001040900,938.784,0,32.13,41.58,128.24,115.416,124.576,137.4,64.962,253.1,13.589,54.534,16.478,37.567,70.034,0,7.276,5.592,340.474,0,0,134.8,0,10,1.567,0,4.43,5.1,15.657,30.78,0,27.713,107,2718.779
10001041000,2305.81,640.704,5.67,52.92,160.3,320.6,31.144,68.7,5.564,43.4,4.494,156.29,142.579,88.859,235.929,56.068,1.82,10.193,67.388,1.154,0,15.7,64.314,8.9,11.499,0,89.261,19.933,53.951,28.413,0,25.146,0,4716.703
10001041100,1520.48,0,102.06,75.6,12.824,0,0,0,0,226.4,0,19.902,0,18.939,10.284,15.194,0,30.388,9.309,0,0,0,10,0,0,0,6.5,8.901,2.782,41.099,0,23.433,0,2134.095
10001041200,1784.98,385.776,0,11.34,25.648,141.064,93.432,0,19.26,11.2,0,237.671,51.046,77.096,120.282,4.708,2.568,14.896,68.477,0,0,10,0.949,0,4.151,0,24.751,7.001,18.735,105.428,0,0,21.828,3242.286
10001041300,967.74,24.816,26.46,189,64.12,12.824,62.288,68.7,44.512,4.9,4.973,186.493,824.698,163.054,346.285,31.137,0,151.172,82.173,6.42,0,6.992,34.594,0,10.587,0,37.229,26.466,104.35,379.313,10.486,88.493,10.165,3970.44
10001041400,1115.76,0,79.38,68.04,185.948,192.36,155.72,68.7,1.926,39.8,0,262.15,140.204,137.109,180.91,9.844,9.309,154.141,42.88,1.391,0,68.9,11.896,108.6,0,0,29.673,12.712,59.919,57.945,17.323,7.007,22.898,3242.445
10001041500,1891.28,11.28,24.57,0,179.536,179.536,0,0,0,15.4,0,105.22,8.386,32.472,50.718,0,0,24.718,20.744,0,0,2,23.9,2.9,0,0,18.422,13.45,6.098,0,0,20.437,0,2631.066
10001041600,1588.77,34.968,0,0,19.236,12.824,0,0,0,2.1,0,96.426,65.27,31.625,97.189,0,0,36.722,61.632,0,0,2.999,2.118,0,0,0,34.937,3.363,19.903,15.919,0,8.773,0,2134.774
10001041701,3552.63,152.28,11.34,45.36,12.824,25.648,0,0,4.711,14,12.733,261.722,118.539,60.047,76.142,5.35,0,8.903,26.504,7.491,0,69.174,9.196,80.983,43.6,0,72.55,19.26,80.717,21.428,7.597,98.761,0,4899.489
10001041702,2640.33,127.464,39.69,0,25.648,0,0,0,0,2.8,1.712,55.551,36.527,29.272,55.75,0,0,6.955,17.399,0,0,4.2,2.5,0,0,0,52.23,6.019,26.215,0,0,21.102,0,3151.364
10001041801,4250.63,972.336,0,0,96.18,205.184,0,0,0,0,0,271.278,65.382,70.905,139.637,10.38,0,26.427,46.739,13.888,0,26.989,4.8,33.5,0,0,95.03,80.071,54.714,15.844,11.449,18.982,56.282,6566.626
10001041802,3516.63,92.496,0,0,12.824,64.12,31.144,0,0,0,0,47.76,8.422,21.379,20.029,0,0,5.407,22.108,0,0,5.3,5.096,0,0,0,27.675,29.155,12.509,0,0,0,0,3922.054
10001041900,2307.43,681.312,0,7.56,0,0,0,0,0,9.1,0,34.154,18.552,71.19,34.332,0,0,2.197,24.179,0,0,6.86,2.2,0,1.8,0,78.971,37.542,19.827,2.667,48.756,20.651,0,3409.28
10001042000,1368.27,423,0,0,0,0,0,0,0,14.7,0,15.283,24.685,15.429,91.453,0,0,0,10.573,0,0,0,3,1.965,0,0,21.75,38.843,5.253,0,0,0,0,2034.204
10001042100,2112.84,430.896,5.67,11.34,32.06,0,0,0,0,0,0,54.939,13.142,38.393,70.477,5.992,0,6.034,24.661,0,0,8.3,0.88,3.1,0,0,57.141,26.67,32.186,6.882,12.518,35.952,0,2990.073
10001042201,5304.66,627.168,64.26,0,32.06,25.648,0,0,2.996,5.6,0,49.737,22.505,38.619,60.376,0,0,2.675,28.425,0,0,4.001,8.347,1.965,0.98,0,70.833,38.6,8.249,4.602,0,51.253,0,6453.559
10001042202,5057.77,745.608,32.13,22.68,12.824,12.824,0,0,0,0,0,45.547,21.308,34.504,33.277,1.082,0,4.392,10.553,0,0,2.4,18.534,0.982,0.579,0,42.921,233.905,4.533,5.211,0,7.597,0,6351.162
10001042500,1177.48,43.992,77.49,90.72,115.416,179.536,31.144,137.4,14.874,2.5,12.091,214.785,48.558,157.773,112.029,12.841,1.712,47.989,71.257,1.391,0,21.084,3.8,411.699,0,0,88.29,5.409,75.46,26.953,5.456,41.776,0,3230.905
10001042800,3505.49,632.808,41.58,49.14,44.884,0,0,0,0,2.8,2.568,134.764,81.407,95.891,77.791,12.84,0,3.694,22.261,0,0,9.092,9.22,0,0,0,69.625,55.541,16.05,7.41,0,27.503,0,4902.359
10001042900,2852.17,307.944,43.47,0,0,0,0,0,5.671,2.8,0,80.213,39.805,15.026,57.8,1.498,0,4.173,39.029,0,0,5.901,1.4,0,0,0,34.194,60.65,23.433,1.482,40.63,0.781,0,3618.07
10001043000,2404.01,272.976,49.14,166.32,83.356,25.648,62.288,0,44.511,0,0,217.368,337.023,96.482,84.353,5.136,0,14.658,134.469,0,0,99.441,43.874,44.6,1.7,0,98.325,29.995,86.438,11.993,13.91,37.664,0,4465.679
10001043100,1331.88,318.096,0,0,0,0,0,0,0,0,0,8.752,23.267,24.867,28.126,0,0,1.605,5.671,0,0,34.1,2.149,0,0,0,47.467,50.73,2.782,0,0,0,0,1879.492
10001043202,2416.68,503.088,17.01,0,0,12.824,0,0,1.715,0,0,86.83,22.545,52.867,41.993,3.103,0,0.942,30.696,0,0,0,57.849,0,0,0,31.498,59.374,18.297,246.84,53.935,0,0,3658.086
10001043300,1585.06,18.048,35.91,45.36,109.004,269.304,124.576,68.7,183.184,1017.7,49.434,305.645,160.328,108.132,215.628,5.409,0,88.328,37.741,0,0,2.9,92.4,5,0,0,11.606,13.269,104.464,168.536,0,89.559,93.732,5008.958
10001043400,2486.41,85.728,13.23,113.4,19.236,51.296,0,0,62.01,77.7,0,413.602,74.855,107.905,138.373,13.268,0,42.211,90.91,0,0,74.384,25.599,0,0,0,84.834,45.01,30.623,5.631,1.625,34.026,0,4091.866
10003000200,2859.31,32.712,151.2,11.34,83.356,256.48,62.288,0,0,4.9,32.207,68.48,17.927,114.208,266.959,32.355,8.132,49.937,32.638,1.498,0,0,0.949,0,0,0,11.891,3.365,141.667,147.842,0,117.434,0,4509.075
10003000300,1738.69,0,41.58,113.4,64.12,12.824,0,0,0,2.8,0,15.408,42.841,18.933,41.981,1.284,0,7.704,27.238,0,0,0,18.6,0,0,0,13.161,2.7,62.989,0,0,38.008,0,2264.261
10003000400,1165.86,0,111.51,136.08,25.648,102.592,31.144,343.5,0,16.1,0,27.179,6.634,88.368,67.034,0,0,50.411,17.569,3.531,0,0,0.8,0,0,0,15.83,2.855,84.287,12.225,0,33.384,0,2342.541
10003000500,1980.91,0,130.41,147.42,32.06,12.824,0,0,0,14,0,28.516,2.501,39.108,44.421,1.284,4.387,47.629,19.816,0,0,6.5,3.998,0,6.6,0,34.285,0.62,67.731,0,0,16.264,0,2641.284
10003000601,1421.89,0,0,0,0,89.768,0,0,0,51.6,0,37.058,46.279,112.082,50.614,0,3.638,0,10.155,0,0,0,37.957,46.5,0,0,5.08,0.865,64.57,15.301,0,15.515,0,2008.872
10003000602,1233.39,12.408,117.18,71.82,0,12.824,93.432,137.4,0,0,0,36.277,41.804,87.934,72.396,2.247,0,1.712,53.446,0,0,10.1,107.388,0,0,0,16.883,2.594,45.25,38.413,0,1.027,0,2195.925
10003000900,1320.55,0,39.69,18.9,0,0,0,0,0,0,0,18.544,9.777,40.698,105.573,1.605,0,25.359,70.941,2.355,0,1,0,0,0,0,19.297,0,35.602,0,0,31.137,2.567,1743.595
10003001100,545.973,0,60.48,241.92,128.24,166.712,249.152,1167.9,0,77.7,0,23.486,11.342,125.208,109.722,0,0,76.375,12.412,0,0,0,5.047,3.2,1.7,0,4.957,0,73.937,0,0,15.26,0,3100.723
10003001200,1331.59,0,30.24,64.26,32.06,12.824,31.144,0,53.5,70,21.614,108.994,41.877,86.956,163.87,1.819,0,71.236,88.81,0,0,10.72,13.28,3.5,0,0,11.779,8.485,51.745,0,0,9.737,0,2320.041
10003001300,2839.21,0,0,7.56,19.236,25.648,155.72,274.8,5.565,12.6,40.019,163.157,36.313,62.249,493.126,4.494,0,64.05,135.595,0,0,10.7,5.047,15.4,3.135,0,21.658,11.8,48.471,5.252,0,34.989,2.568,4498.362
10003001400,1098.9,9.024,137.97,83.16,6.412,25.648,0,68.7,0,77.7,20.758,120.763,11.168,117.882,104.3,3.317,31.565,18.067,36.049,0,0,2.8,13.296,0,0,1.3,31.303,17.329,67.945,0,0,548.505,0,2653.861
10003001500,623.125,19.176,109.62,154.98,173.124,12.824,31.144,206.1,0,34.3,23.005,13.193,2.501,14.693,42.757,0,0,10.7,5.992,0,0,0,7.798,0,0,0,7.624,0,64.221,0,0,101.575,0,1658.452
10003001600,607.695,0,151.2,181.44,96.18,38.472,62.288,137.4,3.429,54.5,0,68.851,23.112,46.951,333.022,10.7,3.852,27.286,5.875,0,0,12.7,11.7,5.5,2.4,0,9.957,7.7,48.261,0,0,14.445,0,1964.916
10003001902,897.445,6.768,20.79,18.9,0,38.472,31.144,274.8,3.43,46.2,0,155.792,406.326,203.248,794.555,17.346,0,48.61,30.12,0,0,455.1,15.749,58.9,0,0,192.929,9.901,93.055,19.128,0,21.753,0,3860.461
10003002100,674.942,0,79.38,139.86,70.532,51.296,31.144,68.7,0,9.8,4.173,47.911,30.963,20.341,91.651,0,3.089,10.721,13.228,0,0,0,50,3.1,0,0,9.603,0.91,62.893,0,0,8.132,0,1482.369
10003002200,1152.33,0,183.33,64.26,6.412,0,31.144,0,9.095,125.3,0,30.585,10.633,46.816,5.289,0,0,0,5.735,0,0,0,0,0.983,0,0,1.1,0,22.587,0,0,14.518,0,1710.117
10003002300,1364.08,16.92,194.67,41.58,57.708,25.648,0,0,3.429,10.5,24.61,50.201,12.566,80.248,42.465,3.424,0,4.376,51.068,0,0,2.392,1.8,0,0,0,28.735,4.11,41.123,0,0,0,0,2061.653
10003002400,2468.88,18.048,281.61,102.06,64.12,141.064,62.288,68.7,10.7,102.9,0,86.454,102.888,221.24,111.713,3.317,0,21.614,38.78,0,0,17.2,2.898,1.965,6.4,0,45.881,27.295,40.621,2.29,0,40.36,0,4091.286
10003002500,1849.18,13.536,98.28,34.02,25.648,0,0,0,0,5.6,16.799,35.638,19.902,40.074,34.845,0,0,19.688,23.112,0,0,0,0,0,0,0,29.007,3.484,15.447,28.749,0,42.158,0,2335.167
10003002600,2274.95,0,7.56,3.78,12.824,38.472,0,0,0,82.6,0.856,25.176,1.251,29.599,27.994,4.922,0,9.22,25.035,0,0,0,0,2.948,0,0,13.252,0.86,168.707,17.334,0,29.532,0,2776.872
10003002700,1103.57,0,37.8,41.58,0,12.824,0,68.7,0,5.6,0,37.52,46.875,32.599,422.767,1.926,0,3.852,52.28,12.198,0,32.63,10.2,14,0,0,31.734,6.253,25.885,12.819,0,0,0,2013.612
10003002800,705.707,14.664,60.48,143.64,44.884,153.888,93.432,480.9,411.206,66.5,15.617,519.463,616.595,688.103,5035.58,1507.71,1385.31,148.576,624.972,7.207,0,444.988,285.068,2663,63.103,4.7,99.857,28.376,349.299,754.696,27.169,124.371,67.656,17636.72
10003002900,1092.9,0,37.8,83.16,102.592,153.888,93.432,343.5,0,140,0,24.604,283.015,94.418,199.582,1.081,0,0,11.77,2.675,0,75.8,6.843,41.3,42,0,33.773,0,98.226,14.98,7.811,20.437,0,3005.587
10003003002,838.962,13.536,22.68,45.36,25.648,0,0,0,3.429,171.2,0,41.682,174.203,160.102,75.275,4.173,0,6.368,24.045,0,0,32.8,25.282,65,0,0,43.011,8,32.162,70.877,0,36.909,0,1920.704
10003010101,1030.22,27.072,0,11.34,147.476,654.024,62.288,480.9,39.272,2.1,0,321.653,107.801,75.888,362.303,9.951,0,14.97,43.81,0,0,34.001,16.527,4.966,15,0,51.233,17.361,15.684,63.466,138.142,28.057,0,3775.505
10003010104,1080.04,0,128.52,18.9,128.24,512.96,0,206.1,10.065,3.5,0,39.379,66.276,50.363,49.087,4.012,0,12.155,15.573,0,0,0,7.88,42.866,0,0,17.296,0,39.163,8.002,0,23.646,0,2464.023
10003010200,1434.46,0,0,0,12.824,0,0,0,3.424,0,0,7.508,1.07,9.941,14.289,0,0,0,10.162,0,0,0,2.4,0,0,0,10.25,0.86,1.751,0,0,0,0,1508.939
10003010300,2068.83,0,0,15.12,25.648,0,0,0,0,0,0,63.755,23.404,78.93,24.797,0,5.457,7.383,19.153,0,0,5.3,9.5,0,0,0,18.813,4.065,29.949,0,8.667,34.24,0,2443.011
10003010400,2712.43,0,85.05,30.24,269.304,38.472,0,0,0,2.1,0,89.377,20.832,39.088,194.798,32.421,0,3.424,22.699,1.498,0,20.9,14.464,29.7,0,0,27.256,14.755,19.688,1.482,0,13.291,0,3683.269
10003010502,3134.58,19.176,94.5,181.44,205.184,166.712,93.432,68.7,3.21,70.1,86.609,75.712,166.689,158.266,158.81,0,0,18.296,43.763,24.233,0,235.883,9.547,13.2,0.4,2.4,66.252,20.265,60.689,4.708,30.908,23.713,0,5237.377
10003010702,2272.09,67.68,39.69,124.74,250.068,320.6,124.576,274.8,6.858,0,0,122.731,98.025,104.094,210.409,0,0,19.211,72.377,0,0,6.625,4.016,126.4,1.9,0,73.1,0.59,36.222,35.566,0,0.558,0,4392.926
10003010800,2836.54,0,15.12,0,19.236,38.472,155.72,274.8,0,137.2,32.314,65.979,36.328,114.398,86.759,19.26,0,45.489,52.871,0,0,0,26.798,2.6,1.567,0,15.674,19.078,24.931,0,0,27.285,0,4048.419
10003010900,2307.05,0,0,0,0,0,0,0,0,15.4,0,7.062,9.383,21.833,31.785,3.21,0,0.889,3.21,0,0,0,0.949,0,6.751,0,9.049,2.69,25.651,0,0,1.006,0,2445.918
10003011000,2521.46,0,9.45,11.34,0,0,0,0,0,2.8,0,81.59,23.474,54.394,197.083,153.451,0,29.288,41.072,1.498,0,29.902,11.248,119.2,0,0,43.357,28.945,8.831,11.846,8.132,31.918,0,3420.28
10003011100,2225.04,0,11.34,22.68,6.412,0,0,0,2.033,5.6,0,40.589,8.68,62.278,81.022,0,0,19.484,31.068,0,0,5,5.397,3,0,0,32.024,11.2,7.004,3.531,0,14.552,0,2597.934
10003011201,1312.26,27.072,0,0,51.296,128.24,62.288,0,67.839,57.7,4.708,555.262,85.707,88.265,387.446,14.766,1.544,122.13,84.092,0,0,9.6,34.643,87.1,50.9,0,29.04,6.5,26.429,0,0,9.95,27.927,3332.704
10003011202,2438.4,266.208,0,7.56,12.824,12.824,0,0,22.362,0,0,42.059,84.635,31.341,23.425,0,0,3.759,1.925,1.154,0,0,0,3.5,0,0,23.735,3.591,41.629,0,0,16.585,0,3037.516
10003011203,2301.05,45.12,86.94,60.48,25.648,410.368,31.144,137.4,0,0,0,41.077,8.46,31.094,42.568,5.992,0,3.977,14.609,0,0,1.701,0,0,5.3,0,23.374,16.967,18.482,0,0,25.038,0,3336.789
10003011204,2139.31,0,0,98.28,83.356,38.472,0,68.7,0,0,0,125.366,20.628,25.9,52.771,11.342,0,12.519,39.409,5.778,0,1.7,3.796,3.1,0,0,14.724,5.12,20.544,0,0,12.733,0,2783.548
10003011205,1568.67,0,0,0,0,12.824,0,0,0,2.8,0,49.256,9.63,11.759,36.547,11.556,0,29.917,0,0,0,5.8,2.28,0,0,0,17.86,1.775,18.123,0,0,12.947,0,1791.744
10003011206,3183.83,0,0,11.34,0,0,0,68.7,53.928,55.3,0,38.795,16.163,9.699,80.901,0,0,32.235,26.613,0,0,3.4,4.5,6.2,0,0,6.814,0.95,29.767,0,0,23.583,0,3652.718
10003011300,1792.51,0,0,0,0,0,31.144,68.7,0,42.7,0,88.435,19.695,52.911,67.545,6.955,0,41.762,36.059,0,0,0,7.047,2.4,0,0,39.992,3.9,4.387,0,0,2.247,0,2308.389
10003011400,3003.52,0,0,0,0,0,0,68.7,1.926,26.6,21.721,45.55,56.389,29.731,164.84,10.914,4.387,69.657,25.466,0,0,7.396,22.3,411.5,10.188,0,21.588,10.95,68.48,0,0,27.713,0,4109.516
10003011500,2275.05,0,0,0,64.12,25.648,31.144,0,3.43,0,0,192.704,22.383,60.163,124.472,0,0,32.186,30.038,18.939,0,2.392,6.837,0,4.167,0,41.025,12.965,10.176,2.668,10.7,14.82,0,2986.027
10003011600,2444.11,13.536,0,90.72,0,0,0,0,81.855,50.4,12.049,256.745,157.739,81.084,340.054,13.911,1.059,49.08,47.08,0,0,23.373,15.294,15.983,9.7,0,25.59,12.695,26.964,481.395,0,2.743,0,4253.159
10003011700,3288.32,0,0,0,0,51.296,124.576,137.4,103.897,2.1,15.943,357.537,86.991,120.966,500.947,26.131,61.954,262.282,139.042,5.029,0,0,16.243,220.798,4.4,0,40.966,12,175.909,41.515,0,61.525,3.103,5860.87
10003011800,3244.5,20.304,3.78,472.5,12.824,0,62.288,206.1,55.011,39.9,20.972,202.422,55.324,61.921,443.723,11.555,0,44.958,369.194,2.247,0,3,36.885,7.2,0,0,30.671,38.484,93.256,13.635,0,19.731,0,5572.385
10003011900,2648.62,0,0,0,19.236,89.768,0,0,0,0,0,63.772,24.437,20.116,155.878,0,14.231,35.48,67.304,0,0,10.596,18.949,200.199,0,1.2,4.352,7,26.987,0,5.896,227.267,0.46,3641.748
10003012000,2646.43,0,64.26,49.14,76.944,89.768,0,0,10.288,6.5,0.56,344.26,107.328,154.147,397.354,17.988,0,23.019,109.849,2.247,0,59.9,22.84,91.214,10.68,3.159,81.805,18.403,71.661,32.426,5.671,169.768,0,4667.609
10003012100,2083.88,0,0,34.02,12.824,12.824,0,68.7,0,29.7,0,81.926,5.711,30.976,216.759,46.01,6.178,14.307,19.132,0,0,8,17.34,7,0,0,18.336,4.119,16.982,94.003,0,8.881,0,2837.608
10003012200,2278.95,11.28,20.79,291.06,102.592,102.592,0,0,0,34.3,0,181.024,41.032,84.318,52.749,13.172,27.606,63.129,17.381,0,0,7.196,4.2,38.321,1.1,0,50.605,7.77,26.215,46.545,0,38.265,0,3542.192
10003012300,1219.3,0,173.88,52.92,83.356,102.592,0,0,0,1.4,0,115.682,69.36,18.693,21.043,4.173,0,1.048,35.534,0,0,2.392,21.899,5,0,0,52.66,3.467,22.333,48.15,0,38.361,0,2093.243
10003012400,2457.55,0,69.93,219.24,57.708,0,0,0,0,2.1,11.877,104.963,66.671,114.258,109.423,0,0,7.062,24.139,0,0,85.005,18.999,166.351,1.7,78.981,105.918,11.165,24.231,3.638,0,0,0,3740.909
10003012500,3188.97,0,28.35,128.52,19.236,102.592,0,0,6.206,2.1,0,31.378,19.127,35.563,50.049,0.748,0,16.886,11.885,0,0,0,6.4,0,0,0.79,60.233,7.925,28.997,0,8.132,0,0,3754.087
10003012600,1842.14,0,0,15.12,6.412,0,0,0,0,3.5,0,18.532,2.502,14.789,41.317,0,0,2.889,14.659,0,0,211,5.8,0,1.8,0,26.7,4.065,32.314,0,0,31.82,0,2275.359
10003012700,2766.35,34.968,64.26,11.34,25.648,102.592,0,0,0,2.1,0,237.694,292.859,162.342,154.638,21.037,0,6.013,75.935,20.33,0,166.591,94.096,166.2,2.3,0,185.375,7.41,32.498,14.98,6.206,11.77,7.383,4672.916
10003012900,1700.12,63.168,298.62,162.54,211.596,153.888,0,0,122.483,0,0,258.612,277.665,257.825,370.37,0,0,8.858,46.545,0,0,175.484,156.845,9.2,6.27,0,400.605,31.179,78.052,2.577,0,46.588,0,4839.09
10003013000,1342.74,15.792,0,0,0,0,0,0,0,0,0,9.395,5.002,15.53,15.14,0,0,2.033,12.84,1.154,0,46.299,0,0,0,0,18.067,1.965,10.593,0,0,13.91,0,1510.46
10003013100,1245.2,20.304,28.35,98.28,57.708,64.12,0,0,1.284,0,2.889,102.421,21.159,56.795,68.815,23.54,0,161.602,39.526,1.498,0,0,16.498,0,0,0,20.689,4.349,14.017,40.232,10.7,13.268,22.988,2136.232
10003013200,1544.38,15.792,9.45,7.56,0,64.12,0,0,0,0,0,109.461,7.383,17.366,24.376,0,0,8.453,11.877,0,0,2,2.9,5.3,15.674,0,22.76,2.21,7.918,0,0,12.947,0,1891.927
10003013300,1482.09,0,0,0,0,0,0,0,0,0,0,168.899,13.342,73.584,32.357,17.976,0,8.485,32.228,0,0,0,17.888,0,0,0,26.727,4.945,11.235,0,0,0,0,1889.756
10003013400,1796.42,0,0,0,19.236,76.944,0,0,0,51.8,4.173,5.885,4.173,9.918,15.836,0,28.783,7.543,5.607,0,0,0,1.4,0,2.4,0,16.097,5.465,26.857,0,0,54.249,0,2132.786
10003013501,4761.45,16.92,0,15.12,12.824,0,124.576,137.4,17.763,257.6,72.547,36.127,21.475,48.911,147.594,0,0,53.968,29.49,0,0,34.349,24.676,33.9,2.5,0,48.705,12.115,52.065,0.889,8.939,16.447,0,5988.351
10003013503,5569.65,0,11.34,26.46,0,0,0,0,3.429,4.9,16.906,221.734,83.158,107.809,321.395,19.153,14.873,63.007,104.675,3.852,0,12.1,19.878,13.799,0,1.58,77.795,56.943,99.274,12.197,5.136,169.873,0,7040.915
10003013505,2521.55,0,0,0,0,0,0,0,0,0,0,30.192,7.275,23.822,31.983,2.782,0,5.439,4.815,0,0,12.196,31.026,15.078,0,0,20.29,6.74,24.536,0,0,22.042,0,2759.765
10003013506,3599.4,0,0,0,0,0,0,0,0,0,0,31.971,23.901,34.931,67.852,4.868,0,4.416,32.132,0,0,0,4.7,0,0,0,18.594,2.49,7.394,7.597,0,1.115,0,3841.361
10003013604,2892.93,0,0,0,0,128.24,0,0,3.429,2.8,0,31.671,12.519,38.14,91.875,0,0,108.83,12.166,0,0,9.599,17.66,0,10.852,0,47.775,6.121,42.725,0,0,44.879,0,3502.211
10003013607,3785.81,0,0,49.14,307.776,256.48,186.864,137.4,0,81.9,0,137.175,17.951,45.417,149.032,19.474,0,37.791,98.272,3.103,0,2,3.7,8,0,0,20.068,3.46,29.115,0,0,86.907,0,5466.835
10003013608,969.55,11.28,0,0,25.648,153.888,31.144,0,1.715,4.9,0,44.691,8.172,21.014,18.543,0,0,20.692,25.22,0,0,0,0,0,6,0,8.534,2.22,0.92,0,0,20.33,0,1374.461
10003013610,4205.76,9.024,0,15.12,12.824,76.944,62.288,68.7,0,80.5,36.059,34.382,19.818,31.134,96.006,3.959,1.545,7.061,21.4,0,0,11.569,17.324,0,0,0,26.895,13.464,49.755,1.819,0,28.506,0,4931.855
10003013611,3094.01,15.792,11.34,71.82,115.416,551.432,31.144,0,0,0,0,25.761,22.938,18.834,98.969,3.21,0,11.784,11.332,0,0,7.8,14.447,1.8,0,0,31.038,15.03,9.237,2.889,0,15.772,0,4181.794
10003013612,4347.31,0,0,0,19.236,141.064,0,0,0,182,46.438,49.006,20.905,50.281,129.652,8.132,0,76.647,31.287,0,0,5.98,26.124,0,0,3,28.654,8.413,7.384,0,0,35.12,0,5216.632
10003013613,3963.54,39.48,39.69,0,57.708,102.592,0,0,5.136,64,0,50.739,25.514,30.889,82.196,0,0,34.272,47.661,3.616,0,10.091,1.898,0,0,0,34.256,2.38,114.268,0,0,45.047,0,4754.973
10003013614,1099.85,222.216,0,0,250.068,205.184,0,0,0,5.6,13.436,130.469,21.881,55.135,107.892,1.082,0,80.22,26.88,0,0,11.409,1.1,3,7.053,0,33.197,6.956,27.501,1.177,0,17.506,0,2328.812
10003013615,1624.77,888.864,0,18.9,96.18,12.824,0,0,8.565,0,1.972,58.788,22.799,57.719,105.363,3.852,0,15.601,151.224,1.391,0,4.763,0,0,10.066,0,21.889,13.134,10.518,0,0,39.055,27.178,3195.415
10003013700,1559.43,0,18.9,26.46,153.888,538.608,0,0,0,3.5,0,50.685,19.44,87.741,110.872,1.082,0,27.596,50.71,0,0,220.001,21.879,0,0,0,25.041,31.64,33.491,0,0,41.837,0,3022.801
10003013800,2554.6,0,0,22.68,442.428,205.184,186.864,0,109.142,146.3,94.48,997.677,180.743,175.062,1139.4,61.419,43.656,376.951,160.544,0,0,55.4,10.745,1.2,0,0,76.226,16.335,126.756,0,0,35.4,50.611,7269.803
10003013901,1258.54,0,0,0,89.768,269.304,0,0,61.846,0,0,27.203,8.099,13.521,30.893,0,0,5.125,52.944,1.391,0,0,1.898,0,0,0,17.93,4.139,19.902,10.807,0,15.515,0,1888.825
10003013903,3341.56,0,0,0,0,0,0,0,0,0,0,66.098,18.918,26.252,29.139,0,0,8.667,8.734,0,0,26.237,0,0,0,0,24.49,3.79,10.254,0,0,1.564,0,3565.703
10003013904,4877.94,15.792,39.69,11.34,288.54,230.832,93.432,0,68.16,0,6.848,206.339,55.146,100.087,374.094,6.117,0,59.243,31.065,0,0,20.1,326.199,10.4,1,3.158,33.856,12.991,41.685,35.526,0,57.402,0,7006.983
10003014000,2082.17,0,37.8,7.56,153.888,782.264,0,68.7,3.43,4.9,0,99.439,704.75,41.988,544.681,0,9.737,44.247,15.804,0,0,47,128.799,1.7,0,0,71.166,4,24.26,0,0,0,0,4878.283
10003014100,2712.82,9.024,0,117.18,57.708,141.064,0,0,0,2.8,0,33.99,6.452,19.219,34.483,0,0,2.696,13.59,0,0,1.196,1.95,0,5.1,0,52.57,10.145,25.466,0,0,59.289,0,3306.742
10003014200,1245.87,11.28,0,0,0,0,0,0,0,0,0,142.739,142.203,261.176,75.339,143.059,0,5.885,5.137,0,0,160.087,31.7,82.9,0,0,13.803,11.546,0,0,40.63,1.006,0,2374.36
10003014300,2858.93,0,0,7.56,32.06,64.12,62.288,68.7,5.136,1230.8,25.68,53.611,37.206,19.423,91.685,2.675,0,1.016,42.994,0,0,0,8.899,8.9,0,0,47.147,8.44,55.379,3.853,0,7.49,0,4743.992
10003014402,1456.85,0,13.23,22.68,237.244,230.832,31.144,0,16.478,8.4,0,49.18,113.661,41.149,91.71,1.819,0,2.675,46.514,0,0,262,3.95,0,0,0,31.945,5.78,50.222,5.671,0,19.046,4.28,2746.46
10003014403,1568.1,0,0,154.98,192.36,269.304,0,68.7,50.042,622.7,5.029,37.628,50.825,30.811,69.971,0.963,0,18.917,11.61,13.482,0,2.5,16.8,0,0,0,12.508,2.695,23.511,0,0,8.435,228.338,3460.209
10003014404,2369.82,0,0,0,89.768,141.064,31.144,0,0,0,0,57.637,57.245,18.085,105.609,10.956,0,13.71,29.201,0,0,1.8,65.28,1.5,5.1,0,16.025,9.196,14.231,0,0,142.095,0,3179.466
10003014501,482.727,0,81.27,71.82,19.236,205.184,0,137.4,7.811,0,0,260.577,26.042,83.546,88.125,18.19,0,62.596,88.282,4.815,0,2.5,17.081,0,0,0,21.712,12.549,38.523,2.301,0,1.673,0,1733.96
10003014502,786.765,0,17.01,177.66,147.476,153.888,124.576,137.4,6.634,1027.7,4.387,256.408,66.554,72.247,262.017,21.079,0,39.14,95.828,0,0,0.499,30.799,0,0,0,16.667,4.279,96.109,69.227,3.21,39.3,86.826,3743.685
10003014702,1367.79,0,0,0,6.412,0,0,0,33.063,4.2,0,52.642,96.233,28.736,71.416,4.387,0,9.416,28.356,0,0,61.802,132.28,179.5,0,0,42.312,4.519,6.313,4.922,0,14.04,0,2148.339
10003014703,2095.88,12.408,0,0,57.708,307.776,93.432,206.1,0,11.9,17.698,34.739,28.611,45.499,67.101,0,0,21.829,14.147,0,0,4.892,11.396,0,0,5.9,20.704,3.66,31.643,0,0,12.733,0,3105.756
10003014705,3080.39,0,0,234.36,12.824,89.768,0,0,0,63.7,19.903,141.672,236.364,105.737,150.244,4.173,0,8.627,58.067,0,0,172.1,179.9,2.9,0,0,73.154,15.66,74.365,0,0,42.058,0,4765.966
10003014706,1046.99,0,43.47,7.56,327.012,64.12,0,0,15.836,2.8,3.103,79.073,242.402,215.085,93.864,0,5.136,19.577,16.247,0,0,39,56.3,83.383,10,0,168.871,9.085,30.816,0,0,8.067,0,2587.797
10003014803,1805.94,373.368,0,0,25.648,256.48,218.008,0,1.715,14.7,0,54.983,251.77,49.673,159.265,4.173,9.737,24.076,13.294,0,0,113.499,55.599,0,0,0,100.564,3.06,19.564,0,0,8.132,0,3563.248
10003014805,6938.68,54.144,0,22.68,12.824,12.824,0,0,5.457,0,0,226.145,58.54,56.658,301.777,9.63,0,128.935,38.991,80.777,0,69.296,8.981,3,0,0,52.262,29.131,31.051,5.927,0,17.227,0,8164.938
10003014807,4708.68,0,0,0,198.772,423.192,0,68.7,1.07,11.2,22.042,135.897,183.258,49.92,271.641,0,0,33.016,64.276,0,0,82.4,168.3,195,59.953,0,52.088,14.19,31.897,43.864,0,19.474,0,6838.83
10003014808,3463.67,339.528,0,18.9,109.004,269.304,0,0,0,5.6,0.561,56.678,14.807,29.518,57.572,2.473,0,14.351,34.103,0,0,2.9,49.992,0,0,0,17.036,1.25,11.021,0,8.774,17.013,0,4524.056
10003014809,5386.39,0,0,15.12,128.24,102.592,62.288,0,1.07,7.6,0,177.608,76.462,149.634,187.313,5.564,0,32.955,41.112,0,0,109.699,9.943,2.2,47.404,0,74.898,29.11,30.25,43.281,5.671,23.433,0,6749.836
10003014810,4363.21,0,35.91,0,224.42,128.24,0,0,0,3.5,0,41.768,19.256,45.518,189.408,0,0,4.978,25.555,0,0,3.1,4.598,0,0,0,32.893,8.83,26.042,2.371,0,22.898,0,5182.496
10003014903,3200.4,778.32,0,7.56,0,0,0,0,44.94,0,0,31.917,26.477,29.887,34.771,0,3.089,0.888,5.318,0,0,0,9.396,0,0,0,29.199,3.509,8.133,0,3.531,1.027,0,4218.361
10003014904,2501.26,0,0,11.34,179.536,538.608,31.144,0,21.08,2.1,2.889,41.356,9.021,24.887,35.278,0,0,8.057,22.105,0,0,9.392,6.642,2,0,0,39.691,16.379,42.518,0,0,6.313,0,3551.596
10003014906,2646.43,0,73.71,34.02,282.128,128.24,0,0,69.43,0,0,139.504,8.32,23.275,28.695,0,0,7.585,34.578,0,0,0,1.497,0,0,0,7.77,1.729,5.559,0,0,11.336,0,3503.806
10003014907,3181.73,32.712,0,0,32.06,38.472,31.144,68.7,0,2.8,0,11.287,6.253,15.683,38.708,0,0,2.582,3.16,0,0,0,6.798,0,0,0,16.05,1.484,0,0,0,0,0,3489.623
10003014908,227.076,0,164.43,52.92,70.532,397.544,93.432,137.4,0,1.4,0,1.605,17.274,4.634,13.771,0,0,0,0,0,0,5.98,0,0,0,0,7.2,0,24.688,0,0,0,0,1219.886
10003014909,2643.19,108.288,13.23,75.6,378.308,141.064,31.144,0,67.541,2.8,0,192.087,41.724,59.192,99.97,40.874,0,29.642,37.058,0,0,15,14.42,1,1.799,0,43.085,5.215,45.096,37.129,0,28.462,0,4152.918
10003015000,2272.86,22.56,0,0,141.064,423.192,93.432,0,38.521,2.1,4.708,153.519,136.678,172.284,362.941,307.038,0,47.249,63.974,0,0,88.701,87.28,30.601,9.499,0,117.418,23.418,55.005,24.114,0,31.836,8.025,4718.017
10003015100,1915.57,20.304,0,56.7,38.472,89.768,0,0,0,2.1,0,61.743,22.966,45.07,58.286,5.35,0,13.696,50.825,0,0,0,5.647,0,0,0,28.531,0,4.815,0,0,50.611,56.496,2526.95
10003015200,2555.56,25.944,30.24,317.52,19.236,51.296,0,0,11.449,185.8,0,256.554,397.758,65.507,274.272,8.603,99.831,5.207,30.806,1.391,0,98.101,8.4,0,0,0,96.463,10.845,38.202,179.471,12.519,23.433,0,4804.409
10003015400,1671.45,56.4,0,0,0,0,0,0,11.127,88.9,0,133.465,271.886,37.88,139.816,0,0,7.49,47.146,0,0,9.999,62.79,12.299,1.199,0,75.7,5.601,34.133,7.597,0,0.558,0,2675.436
10003015502,1610.11,16.92,60.48,0,19.236,0,0,0,15.087,0,0,52.394,383.249,161.499,127.036,0,0,3.317,19.615,0,0,35,18.038,4.699,3.3,0,56.644,63.878,40.572,0,5.35,1.604,0,2698.028
10003015600,1322.26,51.888,0,0,0,0,0,0,1.07,3.5,0,14.338,5.778,11.857,16.11,14.569,0,1.498,2.354,0,0,0,0,0,0,0,11.764,0,25.83,0,7.704,0,0,1490.52
10003015802,1279.21,0,0,0,0,0,0,0,0,0,0,106.242,241.737,36.234,270.999,5.35,0,28.062,48.578,0,0,5.696,528.1,61.7,1.7,0,15.38,0,7.219,0,0,13.482,0,2649.689
10003015900,2168.65,0,0,0,0,0,0,0,0,0,0,18.823,14.394,11.303,25.182,0,0,0,9.17,0,0,0,2.7,0,0,0,15.561,0,7.282,0,0,37.45,0,2310.515
10003016000,1165.86,12.408,0,11.34,19.236,282.128,0,0,0,0,0,64.408,1072.33,87.54,289.898,0,0,0,71.111,0,0,57.4,34.3,7.7,0,0,106.56,11.494,13.004,33.491,0,16.692,0,3356.9
10003016100,1634.49,0,0,0,6.412,25.648,0,0,0,0,0,99.145,97.812,34.07,77.039,0,18.725,13.91,57.118,0,0,18.2,2.998,5.895,0,0,17.697,3.529,54.155,21.932,0,24.075,0,2212.85
10003016200,1318.55,29.328,98.28,34.02,147.476,166.712,0,0,13.91,0,0,216.432,154.227,65.825,146.724,12.198,0,8.667,14.98,0,0,38.5,48.149,27.4,0,0,22.982,8.8,17.548,3.745,5.778,9.031,0,2609.262
10003016301,1821.85,858.408,0,26.46,269.304,51.296,0,0,3.221,2.8,5.136,89.609,21.274,21.305,127.529,0,0,13.541,45.165,0,0,5.3,22.103,21,0,0,42.245,13.699,10.277,0,0,13.488,0,3485.01
10003016302,3630.93,294.408,0,37.8,76.944,218.008,31.144,0,5.457,81.9,280.364,167.009,89.724,62.76,107.956,0,26.108,5.992,58.317,1.498,0,11.961,112.349,0,0,0,47.413,18.071,32.421,0,0,3.317,0,5401.851
10003016305,3097.43,0,98.28,56.7,32.06,884.856,62.288,68.7,43.228,14,0,370.801,360.754,111.856,129.301,19.926,0,5.35,79.142,0,0,22.6,32.949,12.2,0,0,160.492,18.559,65.673,261.112,0,64.74,0,6072.998
10003016401,3205.45,481.656,0,0,0,0,0,0,0,21.7,0,92.733,16.692,29.195,50.918,0,0,7.839,18.126,0,0,26.9,2.1,103.2,1.7,0,59.212,10.38,46.371,0.592,0,10.807,0,4185.571
10003016404,1932.43,121.824,9.45,37.8,6.412,0,0,0,0,60.2,1.121,18.19,32.782,26.976,52.14,0,27.606,8.067,9.277,0,0,10,9.042,176.021,0,0,49.501,19.435,42.09,16.249,2.782,52.326,0,2721.721
10003016601,6853.9,0,49.14,75.6,70.532,218.008,0,0,0,83.3,0,182.078,93.16,77.862,126.38,11.663,2.889,32.978,59.199,5.457,0,57.092,289.799,7.9,2.35,0,102.351,62.15,48.56,26.215,14.445,33.556,0,8586.563
10003016602,4703.54,31.584,0,0,0,0,0,0,3.21,1.4,0,48.542,18.51,56.018,89.637,0,0,5.489,10.758,0,0,11.399,13.018,2.948,0,0,62.037,72.17,39.736,0,0.013,16.05,0,5186.059
10003016604,5998.27,513.24,30.24,105.84,19.236,76.944,31.144,0,8.239,0,0,162.763,53.368,68.722,133.741,8.132,26.642,74.664,93.195,2.354,0,41.9,20.639,2.6,0,0,72.744,27.429,107.705,12.801,13.161,118.748,0,7824.461
10003016608,3174.4,19.176,0,0,0,0,0,0,0,9.1,19.065,47.756,20.863,25.722,558.631,0,0,0,13.129,0,0,4.999,5.569,0,3.919,0,42.139,19.881,10.208,1.299,67.029,1.284,0,4044.169
10003016801,3803.52,119.568,0,15.12,0,0,0,0,0,6.3,0,28.005,44.542,35.715,70.485,0,0,0,2.782,0,0,21.6,0,0,1.7,0,85.786,17.585,9.241,6.521,6.42,12.734,0,4287.625
10003016804,4716.49,4.512,0,0,12.824,0,0,0,3.429,230.3,0,23.843,78.146,27.775,28.705,0,0,2.921,13.024,0,0,0,0,2.3,0,0,34.104,14.268,10.097,0,0,2.996,0,5205.734
10003016901,1284.92,153.408,0,0,0,0,0,0,5.136,2.1,0,34.453,663.293,22.69,31.333,0,0,6.057,8.393,0,0,4.296,0,0,0,0,29.37,38.344,8.774,6.954,0,1.027,0,2300.548
10003016904,1074.42,27.072,11.34,0,0,0,0,0,0,266,0,41.391,29.251,12.582,20.33,0,0,0,10.829,0,0,8.1,0,0,2.9,0,24.356,22.948,11.139,68.479,0,0,0,1631.137
10003980100,0,0,0,0,0,0,0,0,0,0,0,0,10.228,0,7.918,0,0,0,0,0,0,9.559,0,0,1.7,0,0,0,0,0,0,0,0,29.405
10005050101,2254,165.816,0,0,0,0,0,0,0,0,0,13.953,10.065,17.023,28.504,0,0,23.369,7.875,0,0,12.148,0,0,0,0,22.638,3.7,14.124,0,0,10.272,0,2583.486
10005050103,3598.54,181.608,7.56,83.16,32.06,102.592,0,0,0,23.1,0,52.639,15.492,14.756,16.957,0,0,10.106,29.84,0,0,1.9,7.2,0,0,0,18.407,21.615,0,0,0,0,0,4217.532
10005050104,2671.76,12.408,96.39,18.9,19.236,0,0,0,4.922,79.1,22.042,105.449,106.413,130.366,333.467,5.029,0,71.719,16.769,0,0,87.188,239.924,33.6,19.593,0,108.132,15.16,108.582,13.311,0,46.331,0,4365.792
10005050105,2556.8,745.608,0,0,0,0,0,0,0,0,0,20.063,17.012,34.962,62.716,1.284,0,0,1.391,0,0,3,1.1,0,0,0,43.333,16.46,27.11,2.667,0,14.338,0,3547.844
10005050200,1410.37,477.144,1.89,0,0,0,0,0,14.98,18.2,0,30.442,5.036,20.016,16.809,0,0,0,5.982,0,0,3.5,0,11.1,0,0,11.948,30.629,31.333,1.482,23.565,0,0,2114.426
10005050301,3387.95,548.208,103.95,86.94,128.24,12.824,31.144,0,8.133,44.1,5.607,169.02,450.575,113.769,99.852,10.165,0,10.422,56.601,0,0,288.4,173.8,165.2,1.567,0,89.149,102.881,90.386,12.95,46.318,75.478,0,6313.629
10005050302,2080.83,654.24,0,3.78,0,0,0,0,6.955,2.8,0,50.769,64.956,29.093,33.915,0,0,0,5.933,0,0,72.396,0,0,0,0,60.91,26.818,12.462,0,0,15.943,0,3121.801
10005050401,2123.6,236.88,0,0,109.004,0,0,0,0,4.9,0,263.811,97.551,38.487,55.849,3.424,0,10.906,11.767,0,0,6.3,6.1,0,0,0,29.792,20.06,17.908,0,0,0,0,3036.339
10005050403,1604.68,270.72,45.36,41.58,19.236,0,31.144,0,0,0,0,52.809,31.017,29.671,20.971,0,0,3.331,13.616,0,0,8.5,3.5,0,0,0,23.367,4.5,11.192,4.922,9.564,9.63,0,2239.31
10005050405,2279.14,21.432,68.04,105.84,83.356,25.648,31.144,0,0,12.7,0,98.387,152.456,52.484,164.25,8.132,0,23.326,36.915,0,0,471.5,282.1,169.699,0,0,99.49,69.284,48.297,0,0,30.839,0,4334.459
10005050406,1751.65,83.472,103.95,120.96,320.6,102.592,0,68.7,60.463,198.4,44.084,295.455,168.668,194.244,204.626,4.387,50.184,108.83,71.009,2.782,0,39.15,11.673,32.9,0,0,79.673,19.369,137.167,19.649,6.634,33.132,0,4334.402
10005050407,2235.61,501.96,9.45,0,0,51.296,0,0,6.634,0,0,152.296,25.1,45.718,80.506,1.284,0,18.83,66.661,1.154,0,13.4,14.3,0,0,0,35.082,29.655,27.114,5.885,0,0,0,3321.935
10005050408,1813.56,786.216,0,0,0,0,0,0,1.177,0,0,49.718,39.161,32.693,18.243,0,0,0,6.293,0,0,7.4,10.723,0,0,0,27.959,8.26,20.865,0,0,30.281,18.19,2870.739
10005050501,1784.41,336.144,0,0,0,0,0,0,0,6.3,5.029,86.458,79.286,36.432,43.867,25.144,0,23.113,13.013,0,0,5.393,31.096,0,0,0,20.619,7.33,21.012,32.539,0,14.017,0,2571.202
10005050503,1492.38,270.72,24.57,18.9,179.536,76.944,0,68.7,10.272,105.7,0,256.055,34.462,152.081,274.419,23.861,8.346,28.257,31.362,0,0,10.6,10.849,20.365,0.7,0,118.604,20.409,60.726,193.56,0,55.961,68.694,3617.033
10005050504,2378.39,178.224,62.37,45.36,25.648,76.944,0,0,8.565,170,64.2,150.129,60.919,119.931,198.411,10.605,11.021,24.139,56.144,1.391,0,141.6,58.2,22,22.1,0,124.544,36.342,76.489,66.368,11.298,14.847,0,4216.179
10005050601,2151.98,671.16,0,18.9,0,0,0,0,0,47.6,0,13.232,1.284,25.849,22.178,0,0,0,7.811,0,0,0,0,0,0,0,19.164,18.913,2.782,2.14,8.132,0.005,0,3011.13
10005050602,2922.75,318.096,45.36,45.36,160.3,38.472,155.72,0,18.725,122.5,26.429,144.917,37.097,56.792,92.36,333.305,0,26.065,42.306,0,0,5.196,0,0,0,1.1,27.74,18.329,126.401,17.263,2.14,36.877,0,4821.601
10005050701,1711.55,771.552,0,11.34,0,0,0,0,0,66.5,0,8.025,1.284,8.946,7.597,0,0,0,17.619,0,0,1.6,0,0,0,0,12.237,1.1,0,0,0,0,0,2619.35
10005050703,1714.79,492.936,9.45,15.12,38.472,0,0,0,21.079,0,0,16.121,12.626,20.325,27.542,4.387,0,4.494,3.511,0,0,6.4,4.88,0,0,0,16.871,4.465,11.916,0,0,0,0,2425.385
10005050704,2522.79,1316.38,0,34.02,57.708,76.944,62.288,0,10.7,0,0,24.128,1.872,22.477,13.306,0,0,1.498,5.95,0,0,1.9,0,43.2,0,0,19.891,4.3,15.516,0,0,0,0,4234.869
10005050705,2336.29,2750.06,0,0,0,0,0,0,12.198,0,0,48.392,13.133,24.05,41.749,0,8.667,14.316,19.674,0,0,1.8,2.998,5.7,0,0,30.981,10.921,17.228,0,0,0,0,5338.157
10005050706,572.262,1801.42,0,0,12.824,0,0,0,13.696,0,0,157.418,92.395,56.266,123.845,3.959,0,17.013,35.708,0,0,25.492,5.7,145.86,0,0,56.96,324.7,46.37,4.149,0,10.7,0,3506.737
10005050801,2009.49,300.048,5.67,60.48,51.296,0,0,68.7,9.416,9.1,0,69.868,57.352,43.596,65.841,1.284,0,10.778,29.169,0,0,20.084,34.8,26,0,0,33.065,35.991,53.118,3.26,0,19.795,0,3018.201
10005050802,3342.7,363.216,0,0,6.412,0,0,0,4.922,2.1,0,39.816,18.592,27.009,33.258,4.173,0,0.888,10.486,0,0,0,9,0,0,0,56.185,25.259,4.944,1.186,8.774,0.952,0,3959.873
10005050803,4178.24,1794.65,0,45.36,89.768,0,31.144,0,11.455,3.5,2.568,39.04,23.646,22.435,26.257,0,0,8.398,22.875,0,0,7.177,10.396,6.9,0,0,42.422,9.344,8.813,0,0,0,0,6384.388
10005050901,3152.77,50.76,0,0,38.472,128.24,31.144,0,0,0,0,114.122,81.189,37.626,122.111,0,0,31.05,25.659,0,0,17.791,10.377,9.801,0,0,84.599,23.044,34.308,5.885,3.424,9.373,0,4011.745
10005050902,5340.48,118.44,30.24,98.28,166.712,102.592,62.288,68.7,87.138,128.8,69.55,224.713,90.52,140.101,221.168,11.716,219.243,162.816,100.419,11.983,0,19.399,47.802,170,0.84,0,108.38,14.18,78.762,21.519,4.708,48.097,24.61,7994.195
10005051003,3457.77,1144.92,15.12,15.12,38.472,448.84,124.576,0,57.887,0,15.088,132.69,38.413,58.948,146.16,3.638,3.317,24.181,54.085,0,0,7.177,2.83,0,0,0,32.769,9.656,23.648,5.137,0,11.663,0,5872.106
10005051004,4232.24,28.2,9.45,113.4,147.476,38.472,62.288,0,42.372,2.1,0,291.811,35.845,41.218,103.95,1.713,0,12.572,43.603,19.26,0,0,3.7,0,0,0,27.925,4.03,9.708,0,8.774,0,0,5280.107
10005051005,3383.18,889.992,0,0,0,12.824,0,0,0,0,0,35.455,6.848,20.525,14.513,0,0,3.531,3.253,0,0,7.1,0,0,0,0,30.256,9.68,4.387,0,0,22.042,0,4443.586
10005051006,1833.66,1241.93,7.56,7.56,19.236,0,0,0,3.429,0,0,128.328,8.207,13.164,37.063,3.638,0,4.484,26.487,0,0,1.7,6.115,0,0,0,23.731,28.17,0,0,0,0.813,0,3395.275
10005051007,3905.73,1928.88,0,11.34,128.24,179.536,124.576,0,97.359,2.8,0,263.433,64.223,21.333,81.611,29.853,0,16.629,131.899,2.354,0,2.8,2.499,8.5,0,0,25.621,3.355,20.264,0,0,4.623,0,7057.458
10005051101,2582.7,0,13.23,68.04,32.06,25.648,62.288,343.5,208.062,0,0,250.636,21.428,39.972,119.67,0.296,0,42.453,126.754,0,0,3.6,13.327,0,4.702,0,23.027,4.526,40.092,4.15,21.4,2.707,0,4054.267
10005051102,3181.35,7.896,109.62,64.26,109.004,89.768,31.144,137.4,222.888,0,0,207.696,7.971,48.808,60.335,3.449,0,25.685,140.256,0,0,10,19.668,17.4,0,0,49.777,2.754,44.331,0,0,20.084,0,4611.544
10005051103,2671.95,51.888,102.06,170.1,256.48,282.128,62.288,0,140.289,0,0,39.449,3.595,18.88,73.878,0,0,12.198,101.133,0,0,0,3.4,0,0,0,6.268,1.6,16.607,5.515,3.745,0,0,4023.451
10005051201,3705.23,527.904,0,79.38,83.356,205.184,0,0,0,0,0,5.923,4.826,4.815,10.5,0,0,5.333,9.221,0,0,0,0,0,0,0,4.309,0,0,0,0,0,0,4645.981
10005051202,2931.03,3.384,18.9,52.92,96.18,0,0,0,17.548,0,0,70.705,1.006,19.621,46.861,0,0,4.831,42.862,0,0,0,6.6,7.7,0,0,17.567,3.61,21.186,0,4.502,0,0,3367.013
10005051203,3623.79,13.536,18.9,162.54,262.892,76.944,0,0,26.215,0,0,72.503,4.601,21.571,77.691,2.889,0,15.407,58.958,0,0,8.996,5.9,0,0,0,36.284,1.2,5.136,0,0,10.593,0,4506.546
10005051204,3685.22,30.456,0,75.6,38.472,38.472,0,824.4,13.482,0,0,20.235,2.354,0.952,52.475,9.356,0,15.205,27.794,0,0,0,2.049,0,0,0,7.697,1.729,29.446,2.964,36.128,1.177,0,4915.662
10005051205,2080.26,239.136,30.24,41.58,185.948,166.712,0,68.7,13.802,0,0,165.104,15.16,6.87,37.829,0,19.153,4.815,53.518,0,0,0,11.399,0,0,0,8.854,0,0,0,0,3.103,0,3152.183
10005051301,5345.72,545.952,0,34.02,51.296,115.416,0,0,5.885,0,0,29.731,15.176,26.26,59.106,1.082,0,9.02,14.445,0,0,3.196,4.848,0,0,0,60.764,7.054,1.751,1.482,0,1.07,0,6333.273
10005051302,1540.57,825.696,0,0,0,0,0,0,0,0,0,1.391,3.752,1.674,2.782,0,0,0,0,0,0,0,0,0,0,0,5.164,0.865,0,0,0,0,0,2381.894
10005051303,6690.65,507.6,7.56,139.86,89.768,0,0,0,27.071,2.1,0,315.327,72.006,49.379,124.361,2.889,0,45.839,34.691,1.154,0,3.4,16.778,0,0,3.2,188.715,13.155,49.979,16.894,1.625,14.682,0,8418.682
10005051305,3751.8,190.632,0,0,38.472,115.416,31.144,0,0,0,0,43.067,71.69,23.363,53.317,4.28,0,3.531,17.869,0,0,3.897,24.699,0,3.067,0,53.733,7.6,20.369,0.593,0,0.558,0,4459.096
10005051306,3267.46,1122.36,0,37.8,76.944,102.592,0,0,5.992,0,0,114.277,53.761,76.204,47.552,0,0,2.033,30.816,0,0,4.3,24.823,71.8,0,0,61.401,17.43,2.396,0,0,13.91,0,5133.851
10005051400,1621.35,298.92,17.01,15.12,32.06,25.648,31.144,0,17.763,0,0,94.352,102.51,51.699,43.485,10.272,0,2.354,32.703,0,0,29.784,30.6,22.1,0,0,34.362,6.34,24.503,0,2.461,41.516,0,2588.056
10005051500,2917.89,372.24,13.23,7.56,6.412,0,0,0,0,2.8,0,72.653,28.93,76.352,49.915,4.815,0,8.345,6.635,0,0,15.4,7.7,10.8,0,0,69.55,21.89,31.907,5.038,44.696,33.384,0,3808.142
10005051701,2025.68,393.672,7.56,0,0,0,0,0,1.819,0,0,33.333,10.593,30.708,37.72,5.136,0,1.284,2.528,0,0,4.8,5.678,0,0,0,43.214,20.825,29.532,0,0,0.962,0,2655.044
10005051702,2731.77,909.168,0,0,0,0,0,0,0,0,0,122.66,47.453,46.371,13.987,0,0,0,3.511,0,0,4.5,4.3,0,0,0,64.482,50.359,27.324,0,0,16.585,0,4042.47
10005051801,2646.43,391.416,24.57,56.7,141.064,0,0,0,0,0,0,57.03,21.719,31.725,23.381,0,0,5.992,8.722,0,0,14.3,1.3,0,0,0,32.06,31.755,10.643,9.713,0,14.659,0,3523.179
10005051802,2328.1,34.968,68.04,18.9,70.532,51.296,0,0,14.98,6.3,0,249.702,182.762,96.825,133.692,8.132,2.889,23.561,76.227,0,0,12.692,5.1,15.5,0,0,71.291,59.21,84.9,12.093,6.099,63.237,0,3697.028
10005051900,2049.97,400.44,28.35,49.14,70.532,25.648,31.144,0,0,72.8,32.1,203.703,65.536,48.461,179.442,7.169,0,26.089,46.204,4.616,0,119.265,5.8,20.1,0,0,51.205,23.834,33.919,21.34,3.21,50.714,0,3670.731

