Tract,W1F,W2F,S1LF,S1MF,S1HF,S2LF,S2MF,S2HF,S3F,S4LF,S4MF,S4HF,S5LF,S5MF,S5HF,C1LF,C1MF,C1HF,C2LF,C2MF,C2HF,C3LF,C3MF,C3HF,PC1F,PC2LF,PC2MF,PC2HF,RM1LF,RM1MF,RM2LF,RM2MF,RM2HF,URMLF,URMMF,MHF,TotalSqft
11001000100,1660.70812988281,775.345092773438,526.871215820313,0,0,427.503570556641,0,0,201.9990234375,3.31340408325195,0,0,420.260284423828,0,0,185.603759765625,0,0,204.03874206543,0,0,0.416279971599579,0,0,105.967491149902,12.7407655715942,0,0,258.577545166016,0,212.674377441406,0,0,3505.64208984375,0,0,8501.662109375
11001000201,119.593765258789,65.5235595703125,229.116973876953,0,0,179.577438354492,0,0,21.3175811767578,6.15600012242794E-02,0,0,193.593765258789,0,0,316.018005371094,0,0,117.003753662109,0,0,58.6778793334961,0,0,153.636657714844,112.20384979248,0,0,102.61882019043,0,102.376167297363,0,0,506.546234130859,0,0,2277.8662109375
11001000202,1150.79565429688,491.498260498047,491.304565429688,0,0,380.188598632813,0,0,156.341278076172,6.34771060943604,0,0,389.653961181641,0,0,211.835525512695,0,0,197.440795898438,0,0,17.32785987854,0,0,110.90030670166,46.7949562072754,0,0,183.687927246094,0,155.937454223633,0,0,3175.76000976563,0,0,7165.81494140625
11001000300,1452.99755859375,87.3846588134766,66.8059921264648,0,0,77.2934646606445,0,0,24.2617263793945,0.300733208656311,0,0,52.9742317199707,0,0,37.4189033508301,0,0,150.734100341797,0,0,0,0,0,11.7648372650146,2.07954049110413,0,0,68.3143310546875,0,55.317684173584,0,0,3384.40014648438,0,0,5472.0478515625
11001000400,418.408966064453,119.994255065918,123.248199462891,0,0,97.4388656616211,0,0,37.5449066162109,1.26897478103638,0,0,97.1165161132813,0,0,43.5396347045898,0,0,50.330005645752,0,0,1.04175996780396,0,0,22.9540920257568,7.47200393676758,0,0,57.561164855957,0,48.0626411437988,0,0,862.011962890625,0,0,1987.99389648438
11001000501,1338.16088867188,129.743072509766,131.673477172852,0,0,151.604797363281,0,0,43.8717346191406,0.191577613353729,0,0,105.612281799316,0,0,89.6067504882813,0,0,75.0655822753906,0,0,1.72780013084412,0,0,28.3602905273438,12.4096899032593,0,0,130.751388549805,0,107.169631958008,0,0,863.823059082031,0,0,3209.77197265625
11001000502,952.686706542969,82.9143218994141,57.1135406494141,0,0,74.566047668457,0,0,24.634521484375,0.100101597607136,0,0,44.7357711791992,0,0,40.5428619384766,0,0,67.7940521240234,0,0,0.134399995207787,0,0,11.2425327301025,3.22106671333313,0,0,75.6817474365234,0,62.5980682373047,0,0,1235.37133789063,0,0,2733.3369140625
11001000600,1157.09606933594,84.34375,77.5531921386719,0,0,91.0024490356445,0,0,26.9496765136719,0.73608124256134,0,0,61.9439125061035,0,0,61.9500961303711,0,0,104.279197692871,0,0,4.18166017532349,0,0,21.1583080291748,10.4686241149902,0,0,81.5847320556641,0,68.7587966918945,0,0,2001.80053710938,0,0,3853.80712890625
11001000701,1835.43298339844,53.9844398498535,39.2477149963379,0,0,109.646713256836,0,0,14.2941055297852,5.93999959528446E-02,0,0,30.8402481079102,0,0,66.2402038574219,0,0,81.6817016601563,0,0,4.47999984025955E-02,0,0,8.26420402526855,1.64983141422272,0,0,150.198287963867,0,123.006278991699,0,0,1191.57104492188,0,0,3706.162109375
11001000702,1335.70703125,24.6976089477539,16.3247661590576,0,0,75.4848480224609,0,0,5.31044340133667,3.20399962365627E-02,0,0,12.8838481903076,0,0,47.2085342407227,0,0,47.7976913452148,0,0,0,0,0,3.16444683074951,0.581576406955719,0,0,111.327545166016,0,90.5728073120117,0,0,564.882690429688,0,0,2335.9755859375
11001000801,2159.8779296875,153.553817749023,157.348449707031,0,0,180.616607666016,0,0,50.4710464477539,0.160667985677719,0,0,125.560111999512,0,0,138.551071166992,0,0,172.719192504883,0,0,4.83256006240845,0,0,48.9551315307617,27.6418056488037,0,0,166.018371582031,0,139.505584716797,0,0,2871.6806640625,0,0,6397.49267578125
11001000802,691.728759765625,95.8771057128906,129.954467773438,0,0,107.209609985352,0,0,22.9043636322021,2.89634418487549,0,0,100.916984558105,0,0,51.1914939880371,0,0,84.3733520507813,0,0,1.71200001239777,0,0,20.9247531890869,13.660005569458,0,0,56.9180107116699,0,48.6414451599121,0,0,1606.26733398438,0,0,3035.17626953125
11001000901,932.167297363281,231.725112915039,647.349609375,0,0,485.755615234375,0,0,46.5597381591797,0.697247982025146,0,0,514.308654785156,0,0,460.599517822266,0,0,278.188323974609,0,0,92.3548049926758,0,0,227.497604370117,161.568756103516,0,0,225.533889770508,0,201.267822265625,0,0,3628.99584960938,0,0,8134.5703125
11001000902,406.851165771484,85.784553527832,66.1281585693359,0,0,49.2835464477539,0,0,25.8258781433105,0.653219997882843,0,0,52.1036529541016,0,0,18.4941387176514,0,0,63.377498626709,0,0,0,0,0,10.9138307571411,2.24341201782227,0,0,22.4556255340576,0,20.050651550293,0,0,1446.71166992188,0,0,2270.876953125
11001001001,1400.41430664063,312.724731445313,304.683807373047,0,0,233.426330566406,0,0,105.26953125,1.34033393859863,0,0,241.358123779297,0,0,122.335601806641,0,0,214.489929199219,0,0,7.67876005172729,0,0,63.5437812805176,26.521541595459,0,0,118.874954223633,0,101.286720275879,0,0,4305.99072265625,0,0,7559.939453125
11001001002,1382.54516601563,112.330902099609,108.271560668945,0,0,140.980804443359,0,0,35.587028503418,0.675727128982544,0,0,85.6848373413086,0,0,74.9042739868164,0,0,65.4393463134766,0,0,2.01373982429504,0,0,20.5996322631836,5.59985303878784,0,0,138.659103393555,0,113.155815124512,0,0,784.01416015625,0,0,3070.46215820313
11001001100,1209.40148925781,710.484558105469,437.766357421875,0,0,340.584136962891,0,0,165.094879150391,0.776643574237823,0,0,351.567626953125,0,0,160.694671630859,0,0,187.716354370117,0,0,3.02794003486633,0,0,97.5006866455078,13.7774887084961,0,0,199.03874206543,0,162.753662109375,0,0,3407.32861328125,0,0,7447.513671875
11001001200,1420.75952148438,479.0693359375,472.210418701172,0,0,384.908203125,0,0,93.2411041259766,2.40782403945923,0,0,373.569366455078,0,0,210.902297973633,0,0,179.764221191406,0,0,24.591480255127,0,0,104.807266235352,44.7670707702637,0,0,224.615966796875,0,184.489242553711,0,0,2833.18383789063,0,0,7033.287109375
11001001301,1189.81945800781,63.695930480957,67.7657852172852,0,0,90.6397933959961,0,0,24.5327491760254,5.37119954824448E-02,0,0,53.3070068359375,0,0,60.6972274780273,0,0,82.4504013061523,0,0,3.80520009994507,0,0,17.5517158508301,8.9744930267334,0,0,92.9946136474609,0,78.1363830566406,0,0,1410.1875,0,0,3244.61181640625
11001001302,3027.09326171875,185.096405029297,154.739212036133,0,0,249.824279785156,0,0,51.309440612793,0.410831987857819,0,0,121.742721557617,0,0,133.886260986328,0,0,135.502960205078,0,0,0.530719995498657,0,0,28.6089458465576,5.33970022201538,0,0,283.684173583984,0,231.776504516602,0,0,1755.74475097656,0,0,6365.28955078125
11001001401,718.246520996094,65.5650863647461,77.2163009643555,0,0,75.5830993652344,0,0,20.8332290649414,0.310499995946884,0,0,59.8519477844238,0,0,28.7111873626709,0,0,67.492919921875,0,0,0.089599996805191,0,0,10.7614059448242,1.33062958717346,0,0,48.6109352111816,0,41.9734268188477,0,0,1380.21826171875,0,0,2596.794921875
11001001402,789.130310058594,86.4202346801758,47.6701736450195,0,0,52.211311340332,0,0,24.4389781951904,0.128358006477356,0,0,37.8332443237305,0,0,27.3588714599609,0,0,79.1754531860352,0,0,0.162640005350113,0,0,10.8849277496338,1.16029977798462,0,0,48.7121391296387,0,40.1690940856934,0,0,1716.77587890625,0,0,2962.23168945313
11001001500,1031.48645019531,214.175918579102,152.083786010742,0,0,118.636528015137,0,0,39.401927947998,0.300240010023117,0,0,121.476982116699,0,0,81.1751403808594,0,0,169.769195556641,0,0,6.84781980514526,0,0,43.5352439880371,18.8219738006592,0,0,67.9942932128906,0,59.5173721313477,0,0,3635.01684570313,0,0,5760.23974609375
11001001600,821.898681640625,159.995254516602,103.903007507324,0,0,79.1390991210938,0,0,52.1635932922363,0.643791913986206,0,0,81.7400283813477,0,0,36.0007209777832,0,0,122.599594116211,0,0,0.714919984340668,0,0,22.8945598602295,3.75167179107666,0,0,49.7982635498047,0,41.2633590698242,0,0,2810.2294921875,0,0,4386.73583984375
11001001702,693.289978027344,100.205421447754,101.330932617188,0,0,89.5016937255859,0,0,43.2103729248047,0.835297226905823,0,0,78.8624725341797,0,0,38.6233825683594,0,0,74.4167175292969,0,0,0.954940021038055,0,0,16.6990413665771,4.99566221237183,0,0,56.7821159362793,0,48.7001304626465,0,0,1488.95190429688,0,0,2837.36010742188
11001001803,859.390808105469,33.2364883422852,17.0556812286377,0,0,48.238597869873,0,0,9.9897518157959,3.04379984736443E-02,0,0,13.3757629394531,0,0,29.6333045959473,0,0,43.4580154418945,0,0,0,0,0,3.94187235832214,0.475447773933411,0,0,67.6059036254883,0,55.0741729736328,0,0,716.348815917969,0,0,1897.85522460938
11001001804,1021.26403808594,56.9885101318359,42.6518592834473,0,0,73.0644226074219,0,0,19.0418510437012,0.144971996545792,0,0,33.8059501647949,0,0,41.3133163452148,0,0,56.2787780761719,0,0,0.537599980831146,0,0,8.621506690979,1.78057837486267,0,0,84.8279571533203,0,69.0120315551758,0,0,914.875610351563,0,0,2424.208984375
11001001901,647.817321777344,112.246955871582,136.090087890625,0,0,104.271957397461,0,0,33.8998107910156,1.24450552463531,0,0,105.268783569336,0,0,39.5143966674805,0,0,97.4257354736328,0,0,0.809080004692078,0,0,19.3550186157227,9.28362083435059,0,0,46.306468963623,0,38.1043586730957,0,0,2065,0,0,3456.63818359375
11001001902,376.354248046875,54.7769317626953,49.7083702087402,0,0,38.468994140625,0,0,23.5785255432129,0.236915990710258,0,0,38.4161682128906,0,0,16.4428749084473,0,0,53.6401443481445,0,0,0.223999992012978,0,0,8.44106674194336,2.96580982208252,0,0,21.6443748474121,0,19.4036140441895,0,0,1197.21203613281,0,0,1901.51403808594
11001002001,565.424377441406,24.0042896270752,26.0784683227539,0,0,36.4503631591797,0,0,7.75120210647583,0.219636008143425,0,0,20.5660305023193,0,0,22.5739479064941,0,0,43.7344703674316,0,0,0.694400012493134,0,0,5.91088438034058,2.86694884300232,0,0,37.9019203186035,0,31.6408786773682,0,0,845.625183105469,0,0,1671.44311523438
11001002002,674.26953125,80.5973815917969,68.9991989135742,0,0,64.7661819458008,0,0,31.5645046234131,0.648169159889221,0,0,54.0159721374512,0,0,33.6303672790527,0,0,72.0182723999023,0,0,0.854400038719177,0,0,14.8943767547607,4.53124761581421,0,0,51.6636657714844,0,42.168815612793,0,0,1484.85498046875,0,0,2679.47705078125
11001002101,995.000061035156,75.9005661010742,64.5153045654297,0,0,73.9816055297852,0,0,30.55930519104,0.827485144138336,0,0,50.2441024780273,0,0,34.0336990356445,0,0,86.8647842407227,0,0,0,0,0,11.3991918563843,1.29766118526459,0,0,68.0770416259766,0,55.9123382568359,0,0,1811.41674804688,0,0,3360.02978515625
11001002102,946.859252929688,56.2348518371582,42.188892364502,0,0,52.8941955566406,0,0,19.9522342681885,0.286577999591827,0,0,32.8778610229492,0,0,26.9394836425781,0,0,89.5644607543945,0,0,0.166400000452995,0,0,8.5002269744873,1.31322658061981,0,0,54.0462417602539,0,44.51513671875,0,0,1959.61682128906,0,0,3335.95581054688
11001002201,491.193328857422,30.7395286560059,26.1648445129395,0,0,22.1181983947754,0,0,12.2283582687378,0.309978008270264,0,0,20.426721572876,0,0,9.36805534362793,0,0,66.7091674804688,0,0,0.246540009975433,0,0,4.6082878112793,1.01005136966705,0,0,13.4253787994385,0,11.2491273880005,0,0,1601.03247070313,0,0,2310.830078125
11001002202,632.658935546875,27.4212608337402,25.4858684539795,0,0,37.4268913269043,0,0,8.13911628723145,0.138024002313614,0,0,19.786018371582,0,0,20.4702243804932,0,0,51.2732276916504,0,0,0.336000025272369,0,0,4.87023401260376,1.64631712436676,0,0,39.9169769287109,0,33.229061126709,0,0,1053.03479003906,0,0,1955.83288574219
11001002301,465.139984130859,18.0088386535645,12.9901580810547,0,0,12.9747543334961,0,0,6.31085920333862,0.121427997946739,0,0,10.2229909896851,0,0,6.91618490219116,0,0,60.1839141845703,0,0,0.223999992012978,0,0,2.99562525749207,0.716166377067566,0,0,11.6077070236206,0,9.440842628479,0,0,1456.27954101563,0,0,2074.13305664063
11001002302,818.087219238281,255.38459777832,305.246948242188,0,0,243.166015625,0,0,81.9125366210938,0.010152000002563,0,0,249.085739135742,0,0,165.001373291016,0,0,103.235885620117,0,0,20.1854400634766,0,0,80.9771957397461,42.1889877319336,0,0,131.05126953125,0,109.638931274414,0,0,1099.66467285156,0,0,3704.8369140625
11001002400,626.77783203125,57.120418548584,44.471866607666,0,0,43.7811889648438,0,0,20.1426105499268,0.568386018276215,0,0,35.0279350280762,0,0,27.017017364502,0,0,71.6272048950195,0,0,1.5644199848175,0,0,11.9047117233276,4.14060306549072,0,0,37.6542015075684,0,31.248628616333,0,0,1557.97485351563,0,0,2571.02197265625
11001002501,484.486846923828,68.2226791381836,71.0749664306641,0,0,63.5571784973145,0,0,18.4054279327393,0.280169993638992,0,0,55.0375328063965,0,0,28.3349056243896,0,0,53.4129638671875,0,0,0.569599986076355,0,0,11.7397413253784,5.20801210403442,0,0,40.8124580383301,0,34.6944160461426,0,0,1054.01708984375,0,0,1989.85400390625
11001002502,1170.79516601563,78.7498779296875,67.4322204589844,0,0,89.8056488037109,0,0,26.2558765411377,0.524843990802765,0,0,52.8363304138184,0,0,49.8123245239258,0,0,84.7338256835938,0,0,1.1871999502182,0,0,13.7880601882935,4.33045196533203,0,0,91.6892166137695,0,74.993522644043,0,0,1570.26440429688,0,0,3377.19921875
11001002600,483.309722900391,74.9424514770508,46.4697532653809,0,0,38.5014915466309,0,0,16.2756366729736,0.206351980566978,0,0,37.1562652587891,0,0,17.631872177124,0,0,64.3497467041016,0,0,6.71999976038933E-02,0,0,10.4472761154175,1.12925350666046,0,0,26.9357872009277,0,22.3142032623291,0,0,1477.7080078125,0,0,2317.44506835938
11001002701,1513.07922363281,46.9355278015137,40.0509567260742,0,0,89.9280090332031,0,0,13.4845209121704,6.59520030021667E-02,0,0,31.9941921234131,0,0,69.4852523803711,0,0,90.1024322509766,0,0,4.14995956420898,0,0,16.1070022583008,8.35721588134766,0,0,117.295379638672,0,96.7408752441406,0,0,1486.23547363281,0,0,3624.01171875
11001002702,1354.58862304688,73.0598602294922,53.5592231750488,0,0,82.6236114501953,0,0,22.5217113494873,0.288846015930176,0,0,42.4097175598145,0,0,45.1654968261719,0,0,101.84521484375,0,0,0.42560002207756,0,0,10.435115814209,2.04108476638794,0,0,90.6863784790039,0,73.7248001098633,0,0,2030.60363769531,0,0,3983.97900390625
11001002801,940.026489257813,30.0904006958008,27.7364273071289,0,0,59.968677520752,0,0,10.3660316467285,0.035351999104023,0,0,22.0056018829346,0,0,37.3071136474609,0,0,48.2847366333008,0,0,0.963199973106384,0,0,7.16782665252686,1.95184433460236,0,0,76.2733001708984,0,62.8620147705078,0,0,758.941955566406,0,0,2083.9814453125
11001002802,1200.04260253906,73.577278137207,67.3504638671875,0,0,103.074081420898,0,0,28.6529560089111,0.717994809150696,0,0,53.3470687866211,0,0,74.3450546264648,0,0,64.3534545898438,0,0,4.55868005752563,0,0,21.6108226776123,10.446268081665,0,0,116.007919311523,0,95.8831176757813,0,0,818.016174316406,0,0,2731.98388671875
11001002900,773.875549316406,50.946590423584,35.9583358764648,0,0,49.6613807678223,0,0,16.5912075042725,0.155591994524002,0,0,28.2775936126709,0,0,26.5443687438965,0,0,62.7629699707031,0,0,0.31360000371933,0,0,7.18853044509888,1.36913156509399,0,0,52.1116065979004,0,42.094783782959,0,0,1276.54870605469,0,0,2424.39990234375
11001003000,807.970458984375,28.6996688842773,26.4639453887939,0,0,47.549991607666,0,0,10.0078086853027,0.221597999334335,0,0,20.7607593536377,0,0,28.5109786987305,0,0,55.5287780761719,0,0,0.672000050544739,0,0,5.84216785430908,2.02086424827576,0,0,55.3897247314453,0,45.8597564697266,0,0,1059.11254882813,0,0,2194.61108398438
11001003100,515.402282714844,69.5029602050781,45.7740440368652,0,0,43.5056533813477,0,0,30.4492149353027,0.532296001911163,0,0,35.586067199707,0,0,22.752140045166,0,0,58.4030265808105,0,0,0.780139982700348,0,0,9.64605617523193,2.58641266822815,0,0,35.1934776306152,0,27.9033107757568,0,0,1254.60693359375,0,0,2152.6240234375
11001003200,766.526245117188,67.8605270385742,53.1918144226074,0,0,53.0387916564941,0,0,21.8050785064697,0.192077994346619,0,0,42.4869079589844,0,0,23.0690593719482,0,0,84.2984466552734,0,0,0.303999990224838,0,0,8.77830696105957,1.24807059764862,0,0,39.006649017334,0,31.8181457519531,0,0,1878.62194824219,0,11.2799997329712,3083.52612304688
11001003301,734.219970703125,33.1551780700684,25.3608913421631,0,0,31.9635906219482,0,0,10.1717710494995,0.236491188406944,0,0,19.9502429962158,0,0,16.5925350189209,0,0,76.4900283813477,0,0,0,0,0,5.06319379806519,0.947810590267181,0,0,32.12744140625,0,26.2099571228027,0,0,1746.30383300781,0,0,2758.79296875
11001003302,457.356872558594,33.1657485961914,31.405948638916,0,0,31.6707515716553,0,0,14.0634469985962,0.814233541488647,0,0,24.7537574768066,0,0,16.96510887146,0,0,48.3482131958008,0,0,0.470400005578995,0,0,6.35327434539795,2.22767281532288,0,0,25.6849460601807,0,20.8098125457764,0,0,1052.1748046875,0,0,1766.26501464844
11001003400,653.933715820313,205.475769042969,339.690368652344,0,0,268.326629638672,0,0,63.7238922119141,0.789188385009766,0,0,271.604095458984,0,0,252.69384765625,0,0,141.549545288086,0,0,41.3468818664551,0,0,122.269142150879,80.0293502807617,0,0,150.491088867188,0,134.536895751953,0,0,1560.88354492188,0,0,4287.34375
11001003500,653.67431640625,57.7291603088379,92.7469100952148,0,0,96.054084777832,0,0,19.0864753723145,0.485423982143402,0,0,77.1943817138672,0,0,130.393447875977,0,0,79.2607421875,0,0,19.6244010925293,0,0,57.4368629455566,38.3154716491699,0,0,80.6059799194336,0,73.8650512695313,0,0,904.324279785156,0,0,2380.796875
11001003600,1250.25268554688,65.7855682373047,41.3825149536133,0,0,84.7599105834961,0,0,24.0948963165283,0.250451982021332,0,0,32.7119750976563,0,0,57.6001815795898,0,0,65.3174057006836,0,0,2.06400012969971,0,0,12.2717380523682,4.70922040939331,0,0,107.716873168945,0,87.8659896850586,0,0,972.989685058594,0,0,2809.77319335938
11001003700,1457.95202636719,40.7178802490234,51.4607582092285,0,0,107.393760681152,0,0,13.747766494751,0.170819982886314,0,0,42.5583839416504,0,0,102.365234375,0,0,73.6249084472656,0,0,9.39840030670166,0,0,29.2237529754639,18.4169254302979,0,0,135.802886962891,0,113.905181884766,0,0,778.290405273438,0,0,2975.029296875
11001003800,1611.02941894531,242.346420288086,185.309799194336,0,0,205.997451782227,0,0,75.4602355957031,0.53873997926712,0,0,147.112777709961,0,0,100.105606079102,0,0,94.6339645385742,0,0,1.52319991588593,0,0,34.4850578308105,5.85257053375244,0,0,174.473220825195,0,144.618026733398,0,0,1277.73547363281,0,0,4301.22216796875
11001003900,1657.81909179688,69.0930099487305,48.7441673278809,0,0,109.524742126465,0,0,21.311767578125,0.272339999675751,0,0,38.6935882568359,0,0,67.2037124633789,0,0,75.9118881225586,0,0,0.963199973106384,0,0,11.2280569076538,2.90118908882141,0,0,140.831420898438,0,114.237823486328,0,0,1076.27099609375,0,0,3435.0068359375
11001004001,1424.265625,53.9775199890137,41.9715805053711,0,0,87.6531143188477,0,0,16.1814403533936,0.102599993348122,0,0,33.4627456665039,0,0,54.800968170166,0,0,75.8861923217773,0,0,0,0,0,9.48918437957764,3.46197891235352,0,0,110.225494384766,0,90.0647048950195,0,0,1220.99682617188,0,0,3222.5400390625
11001004002,1114.83288574219,222.973434448242,122.680267333984,0,0,138.31266784668,0,0,53.7384147644043,0.146242797374725,0,0,98.7390365600586,0,0,70.1084365844727,0,0,66.0206909179688,0,0,0,0,0,26.3003177642822,1.45214450359344,0,0,129.818786621094,0,104.66877746582,0,0,924.831848144531,0,0,3074.62377929688
11001004100,1043.55627441406,99.1235961914063,132.907669067383,0,0,128.12516784668,0,0,33.8548889160156,9.46800038218498E-02,0,0,105.794082641602,0,0,71.6972885131836,0,0,78.6973419189453,0,0,1.54590010643005,0,0,24.3801422119141,13.598349571228,0,0,97.3814697265625,0,82.9530563354492,0,0,1173.68518066406,0,0,3087.39501953125
11001004201,1226.74279785156,96.6984329223633,66.8252334594727,0,0,99.2975082397461,0,0,27.5577945709229,0.346716016530991,0,0,53.6994438171387,0,0,54.4952964782715,0,0,67.4713973999023,0,0,0.864560008049011,0,0,13.1448736190796,2.42262530326843,0,0,106.750839233398,0,87.8399200439453,0,0,1059.83447265625,0,0,2963.99169921875
11001004202,1119.81420898438,170.220016479492,122.27855682373,0,0,136.009719848633,0,0,50.4086647033691,0.550080001354218,0,0,97.2914047241211,0,0,76.8875732421875,0,0,67.5518188476563,0,0,1.69280016422272,0,0,29.3422813415527,7.22127819061279,0,0,127.786674499512,0,104.671524047852,0,0,895.064392089844,0,0,3006.791015625
11001004300,1136.18286132813,154.791000366211,101.037902832031,0,0,117.162208557129,0,0,72.2285232543945,0.222875997424126,0,0,79.1321258544922,0,0,61.6933059692383,0,0,69.2664260864258,0,0,0.582400023937225,0,0,21.72092628479,3.46123194694519,0,0,113.49649810791,0,96.1752014160156,0,0,1034.14147949219,0,0,3061.294921875
11001004400,1385.23193359375,168.097915649414,147.693313598633,0,0,146.341018676758,0,0,57.5580673217773,0.78656393289566,0,0,116.331642150879,0,0,69.48486328125,0,0,128.923583984375,0,0,2.56278014183044,0,0,27.3000354766846,7.30567646026611,0,0,113.255828857422,0,92.7866134643555,0,0,2526.84008789063,0,0,4990.5
11001004600,729.085754394531,59.5126609802246,48.5286560058594,0,0,53.603199005127,0,0,18.4438419342041,0.646045207977295,0,0,37.8326683044434,0,0,27.2008743286133,0,0,68.8806076049805,0,0,0.268799990415573,0,0,9.38237571716309,2.70952486991882,0,0,48.8814010620117,0,40.414608001709,0,0,1446.50988769531,0,0,2591.90063476563
11001004701,1141.98583984375,124.46102142334,70.7421569824219,0,0,102.419555664063,0,0,31.4605979919434,0.577033162117004,0,0,56.3537902832031,0,0,59.8710556030273,0,0,58.6070976257324,0,0,0.780719995498657,0,0,17.0667705535889,3.05159449577332,0,0,114.667617797852,0,93.1904602050781,0,0,810.613708496094,0,0,2685.84912109375
11001004702,722.818481445313,99.6167297363281,150.533279418945,0,0,140.398498535156,0,0,19.3188457489014,0.264402002096176,0,0,117.934326171875,0,0,95.2434005737305,0,0,59.3358383178711,0,0,7.61087989807129,0,0,41.2761878967285,23.670747756958,0,0,112.690162658691,0,97.7640609741211,0,0,571.468994140625,0,0,2259.94482421875
11001004801,616.836608886719,41.5509185791016,35.3000411987305,0,0,42.8226089477539,0,0,13.7691221237183,0.255214780569077,0,0,27.7245922088623,0,0,23.4519367218018,0,0,54.764705657959,0,0,0.713599979877472,0,0,7.82422685623169,2.12058043479919,0,0,41.6391525268555,0,34.1031227111816,0,0,1130.79248046875,0,0,2073.6689453125
11001004802,856.123046875,43.0661087036133,43.483642578125,0,0,65.7938919067383,0,0,13.3893251419067,2.91599985212088E-02,0,0,34.6343078613281,0,0,39.0429000854492,0,0,48.4603805541992,0,0,0.94080001115799,0,0,9.36147403717041,3.50263810157776,0,0,73.3625717163086,0,60.2787704467773,0,0,754.552978515625,0,0,2046.02197265625
11001004901,577.981994628906,59.8927917480469,52.4532051086426,0,0,61.283878326416,0,0,19.2565593719482,0.333467960357666,0,0,41.2566680908203,0,0,33.5740203857422,0,0,38.4350662231445,0,0,1.40774011611938,0,0,11.3101654052734,3.52738928794861,0,0,56.829044342041,0,46.6269912719727,0,0,608.809020996094,0,0,1612.97802734375
11001004902,981.2041015625,285.053558349609,159.792526245117,0,0,158.472732543945,0,0,56.1031265258789,0.977360427379608,0,0,128.842483520508,0,0,88.359748840332,0,0,65.968620300293,0,0,0,0,0,39.9345207214355,6.50320911407471,0,0,135.399002075195,0,110.297073364258,0,0,806.48193359375,0,0,3023.39013671875
11001005001,568.107971191406,72.8882064819336,49.9890670776367,0,0,59.9573020935059,0,0,27.1109027862549,0.154378801584244,0,0,39.1943435668945,0,0,40.9180297851563,0,0,40.3213157653809,0,0,2.44160008430481,0,0,15.2620601654053,5.66424798965454,0,0,62.1456489562988,0,50.5044403076172,0,0,606.558532714844,0,0,1641.21801757813
11001005002,2262.650390625,106.090217590332,76.4703826904297,0,0,160.281356811523,0,0,27.2723159790039,0.160343989729881,0,0,61.4538192749023,0,0,101.425895690918,0,0,94.5848922729492,0,0,1.31669998168945,0,0,19.9000453948975,5.41893768310547,0,0,203.272583007813,0,166.091354370117,0,0,1138.41198730469,0,0,4424.80126953125
11001005201,2661.23608398438,124.519584655762,88.0869293212891,0,0,183.429321289063,0,0,36.6178779602051,0.741459131240845,0,0,69.9889907836914,0,0,111.628997802734,0,0,115.089767456055,0,0,0.227439999580383,0,0,19.8763313293457,5.06103897094727,0,0,232.074432373047,0,189.309448242188,0,0,1505.93725585938,0,0,5343.8251953125
11001005301,2345.34741210938,262.722717285156,200.792709350586,0,0,248.313201904297,0,0,69.4342575073242,0.391926765441895,0,0,159.859283447266,0,0,127.966026306152,0,0,117.904762268066,0,0,0.284740000963211,0,0,42.6961212158203,5.42312669754028,0,0,254.398056030273,0,209.449584960938,0,0,1516.53820800781,0,0,5561.52197265625
11001005500,3198.95678710938,848.507507324219,672.960510253906,0,0,606.504272460938,0,0,301.219573974609,1.96851444244385,0,0,535.130126953125,0,0,357.789001464844,0,0,249.039947509766,0,0,13.3452405929565,0,0,166.311889648438,54.3689613342285,0,0,475.150848388672,0,409.750274658203,0,0,2754.32348632813,0,0,10645.328125
11001005600,2524.62646484375,501.192321777344,411.031036376953,0,0,414.903228759766,0,0,123.987411499023,0.674351930618286,0,0,332.005920410156,0,0,340.336883544922,0,0,202.976165771484,0,0,33.6058006286621,0,0,154.336334228516,67.6080474853516,0,0,365.023742675781,0,313.691650390625,0,0,2094.34985351563,0,14.6639995574951,7895.013671875
11001005800,2297.87182617188,2532.92895507813,1901.40087890625,0,0,1417.99792480469,0,0,780.964477539063,5.8948450088501,0,0,1510.96557617188,0,0,707.765075683594,0,0,404.418670654297,0,0,12.0028009414673,0,0,402.467956542969,114.92310333252,0,0,800.170166015625,0,696.737365722656,0,0,3906.26440429688,0,45.1199989318848,17537.892578125
11001005900,1547.72705078125,425.319488525391,606.529235839844,0,0,478.884857177734,0,0,123.027114868164,0.703115940093994,0,0,484.878570556641,0,0,279.863708496094,0,0,160.511428833008,0,0,18.0575199127197,0,0,129.475891113281,71.6989898681641,0,0,279.791687011719,0,245.951477050781,0,0,1294.45690917969,0,0,6146.87744140625
11001006202,84.1563949584961,855.963684082031,1671.44128417969,0,0,1109.50939941406,0,0,308.840698242188,1.49300992488861,0,0,1334.56530761719,0,0,356.820343017578,0,0,213.615753173828,0,0,2.93156003952026,0,0,171.796951293945,114.612968444824,0,0,269.206878662109,0,260.039031982422,0,0,1211.64587402344,0,0,7966.63916015625
11001006400,480.911193847656,38.2545013427734,41.4014358520508,0,0,46.4888229370117,0,0,13.9754667282104,0.206153988838196,0,0,32.4337310791016,0,0,19.8330841064453,0,0,36.0740242004395,0,0,0.109139993786812,0,0,6.46601724624634,0.592045783996582,0,0,38.5799598693848,0,32.6851463317871,0,0,680.649291992188,0,0,1468.65991210938
11001006500,898.302307128906,140.112731933594,115.289405822754,0,0,107.503356933594,0,0,44.4629707336426,0.309492021799088,0,0,92.1418151855469,0,0,58.9284477233887,0,0,89.6716079711914,0,0,2.507159948349,0,0,27.344388961792,7.57049608230591,0,0,84.311882019043,0,70.6545944213867,0,0,1684.61730957031,0,0,3423.72802734375
11001006600,641.012268066406,119.60693359375,93.6121215820313,0,0,88.3919067382813,0,0,47.214241027832,0.289897203445435,0,0,73.7220001220703,0,0,39.9926452636719,0,0,54.6095886230469,0,0,0,0,0,17.6203517913818,2.89181756973267,0,0,67.8917236328125,0,54.5611000061035,0,0,951.965393066406,0,0,2253.38208007813
11001006700,989.230102539063,83.1291656494141,63.5181694030762,0,0,63.7028465270996,0,0,22.8825378417969,0.460403978824615,0,0,51.763427734375,0,0,26.9329776763916,0,0,107.931228637695,0,0,6.71999976038933E-02,0,0,9.86404418945313,0.932773172855377,0,0,46.0233154296875,0,38.4360809326172,0,0,2429.31079101563,0,0,3934.18505859375
11001006801,495.695037841797,20.7590007781982,13.9900808334351,0,0,25.7695732116699,0,0,7.36866331100464,0.18163800239563,0,0,11.04514503479,0,0,17.9745712280273,0,0,38.6469993591309,0,0,0.761599957942963,0,0,4.55847406387329,1.73208618164063,0,0,32.5017051696777,0,26.5508403778076,0,0,775.459594726563,0,0,1472.99487304688
11001006802,447.743377685547,20.730640411377,12.9245386123657,0,0,16.1953620910645,0,0,5.92374849319458,0,0,0,10.293249130249,0,0,9.58594703674316,0,0,50.7770347595215,0,0,0.434440016746521,0,0,3.24186086654663,0.836595594882965,0,0,16.7127876281738,0,13.5832462310791,0,0,1186.78515625,0,0,1795.76806640625
11001006804,50.961009979248,13.1344003677368,67.6260833740234,0,0,54.9194145202637,0,0,5.02350044250488,0,0,0,57.9842071533203,0,0,116.084312438965,0,0,43.2254486083984,0,0,21.1734390258789,0,0,55.3441429138184,41.2695465087891,0,0,35.7166061401367,0,37.4538269042969,0,0,192.028533935547,0,0,791.944458007813
11001006900,582.332885742188,73.9404602050781,57.1271934509277,0,0,50.9101905822754,0,0,19.6481647491455,0.451871991157532,0,0,44.3733139038086,0,0,23.1638088226318,0,0,71.1007766723633,0,0,0.237980008125305,0,0,10.3204393386841,3.22154951095581,0,0,35.7565879821777,0,29.7869281768799,0,0,1569.44799804688,0,6.76800012588501,2578.58813476563
11001007000,664.315979003906,135.581939697266,145.542251586914,0,0,121.348251342773,0,0,46.8722534179688,0.806418001651764,0,0,118.156448364258,0,0,121.266792297363,0,0,106.156745910645,0,0,16.1293811798096,0,0,58.8528938293457,34.2196083068848,0,0,79.4958419799805,0,71.6750793457031,0,0,1677.78125,0,0,3398.201171875
11001007100,713.998168945313,90.7235870361328,74.4770126342773,0,0,79.4614334106445,0,0,29.9163837432861,0.898577988147736,0,0,58.2291259765625,0,0,38.0113143920898,0,0,53.2898330688477,0,0,0.134399995207787,0,0,12.6020345687866,3.71513867378235,0,0,66.4097290039063,0,54.4372940063477,0,0,925.992919921875,0,0,2202.296875
11001007200,1333.60473632813,257.462249755859,232.387603759766,0,0,223.836517333984,0,0,87.5541305541992,1.91275191307068,0,0,185.841156005859,0,0,91.0095520019531,0,0,86.7119827270508,0,0,0,0,0,32.2285308837891,6.29476356506348,0,0,153.396636962891,0,127.366683959961,0,0,1138.20666503906,0,0,3957.81396484375
11001007301,476.800018310547,68.8022994995117,119.424522399902,0,0,93.7159881591797,0,0,26.6426124572754,0.483119994401932,0,0,96.4822082519531,0,0,87.2628784179688,0,0,87.6762771606445,0,0,12.4354190826416,0,0,43.9691543579102,26.2079315185547,0,0,50.2262687683105,0,48.1069984436035,0,0,1496.87634277344,0,0,2735.11206054688
11001007304,668.102600097656,88.1666793823242,61.6394195556641,0,0,70.2572784423828,0,0,22.6647319793701,0.205686002969742,0,0,49.996639251709,0,0,60.6377372741699,0,0,57.7188186645508,0,0,5.63480043411255,0,0,24.6818733215332,11.7814788818359,0,0,66.6256713867188,0,56.6928901672363,0,0,892.327697753906,0,0,2137.13403320313
11001007401,408.405914306641,67.1663055419922,56.3455543518066,0,0,53.4844436645508,0,0,16.9347076416016,0.312281996011734,0,0,44.2884101867676,0,0,25.4903373718262,0,0,37.8837432861328,0,0,0.406399995088577,0,0,10.3089847564697,3.11150336265564,0,0,39.6323509216309,0,33.2123222351074,0,0,693.003723144531,0,0,1489.98681640625
11001007403,663.042907714844,14.2627096176147,10.8675622940063,0,0,38.7297401428223,0,0,4.20817422866821,0.178019985556602,0,0,8.55868434906006,0,0,23.6150989532471,0,0,25.3510837554932,0,0,0,0,0,2.2278413772583,0.257297188043594,0,0,55.4393730163574,0,45.1791725158691,0,0,324.723358154297,0,0,1216.64111328125
11001007404,588.9267578125,11.7025899887085,7.37613773345947,0,0,23.1587028503418,0,0,3.53725719451904,2.43719983845949E-02,0,0,5.72959041595459,0,0,14.7634429931641,0,0,45.0689926147461,0,0,0.134399995207787,0,0,1.83331680297852,0.560390412807465,0,0,32.8404235839844,0,26.6635284423828,0,0,949.05712890625,0,0,1711.376953125
11001007406,582.925415039063,7.55729007720947,5.35314655303955,0,0,29.7012119293213,0,0,2.61208653450012,0.020304000005126,0,0,4.19428157806396,0,0,19.0187950134277,0,0,24.8645076751709,0,0,0,0,0,1.28005921840668,0.258028388023376,0,0,45.5759963989258,0,37.0148162841797,0,0,369.041046142578,0,0,1129.4169921875
11001007407,571.904602050781,20.2313690185547,20.8886413574219,0,0,33.1563110351563,0,0,6.22093343734741,0.127332001924515,0,0,16.4094009399414,0,0,18.7712707519531,0,0,42.5385780334473,0,0,0.402319997549057,0,0,4.28850173950195,1.41150951385498,0,0,37.829288482666,0,31.0211791992188,0,0,849.2177734375,0,0,1654.41918945313
11001007408,651.094360351563,16.3569488525391,10.0668172836304,0,0,36.0995979309082,0,0,5.22691488265991,0,0,0,7.97926712036133,0,0,26.5857563018799,0,0,31.00217628479,0,0,0.972019970417023,0,0,4.18838262557983,2.07179403305054,0,0,52.9881477355957,0,43.2723197937012,0,0,456.789489746094,0,0,1344.69409179688
11001007409,774.43408203125,15.8083200454712,8.05860710144043,0,0,37.9349632263184,0,0,4.79719638824463,8.72243940830231E-02,0,0,6.41000843048096,0,0,23.9742870330811,0,0,38.6872100830078,0,0,0,0,0,1.74672615528107,0.146908804774284,0,0,56.4290008544922,0,45.6950759887695,0,0,654.967468261719,0,0,1669.17700195313
11001007502,967.748962402344,36.6148681640625,52.5521926879883,0,0,76.9770050048828,0,0,13.6183977127075,0.11158199608326,0,0,41.7021675109863,0,0,83.3852767944336,0,0,71.5907821655273,0,0,10.8012008666992,0,0,29.9061584472656,19.7258071899414,0,0,88.2947845458984,0,74.5369567871094,0,0,1026.19287109375,0,12.4079999923706,2606.1669921875
11001007503,502.168121337891,84.8045120239258,80.370964050293,0,0,76.6692810058594,0,0,34.2335891723633,0.615113973617554,0,0,62.7174682617188,0,0,35.7972106933594,0,0,41.113582611084,0,0,1.0304000377655,0,0,14.7163009643555,4.27462768554688,0,0,54.3619117736816,0,45.8300094604492,0,0,666.787902832031,0,0,1705.49096679688
11001007504,624.138549804688,22.7913208007813,15.894172668457,0,0,38.9175567626953,0,0,7.64563226699829,3.95999997854233E-02,0,0,12.4613485336304,0,0,24.942346572876,0,0,29.6720161437988,0,0,0.49847999215126,0,0,3.96156096458435,1.34270524978638,0,0,51.9609870910645,0,42.3779792785645,0,0,437.594757080078,0,0,1314.23901367188
11001007601,1001.56231689453,68.2507095336914,51.1643943786621,0,0,68.8001708984375,0,0,18.6311721801758,0.421001970767975,0,0,40.3874244689941,0,0,44.6537704467773,0,0,82.2653121948242,0,0,1.99702000617981,0,0,13.9978790283203,5.53759241104126,0,0,72.5947113037109,0,59.7695960998535,0,0,1601.26892089844,0,0,3131.30224609375
11001007603,1187.89013671875,39.6057281494141,31.5674724578857,0,0,67.7842254638672,0,0,11.1434154510498,0.138365998864174,0,0,24.927827835083,0,0,38.6562309265137,0,0,71.5999298095703,0,0,7.06200003623962E-02,0,0,5.64935731887817,1.20204055309296,0,0,84.5343322753906,0,68.5030746459961,0,0,1309.76818847656,0,0,2943.041015625
11001007604,970.29052734375,72.905029296875,68.2517471313477,0,0,85.1653289794922,0,0,27.2886848449707,0.140489995479584,0,0,53.2514419555664,0,0,41.071849822998,0,0,67.6530303955078,0,0,0.678700029850006,0,0,11.6738500595093,2.25211381912231,0,0,79.2205352783203,0,64.1914672851563,0,0,1224.81225585938,0,12.4079999923706,2781.25512695313
11001007605,934.138305664063,27.2102012634277,20.4333686828613,0,0,53.4571838378906,0,0,8.73618602752686,2.15819999575615E-02,0,0,16.5248699188232,0,0,41.3772888183594,0,0,52.6646957397461,0,0,2.18880009651184,0,0,8.97672462463379,4.30891275405884,0,0,72.9904632568359,0,60.1228332519531,0,0,849.178588867188,0,0,2152.330078125
11001007703,1152.84826660156,20.3601913452148,27.823314666748,0,0,62.4966583251953,0,0,4.46709585189819,2.75939982384443E-02,0,0,21.4802284240723,0,0,38.3677444458008,0,0,71.2110366821289,0,0,0.560000002384186,0,0,6.71482467651367,2.62322568893433,0,0,83.2750778198242,0,68.7468414306641,0,0,1311.87194824219,0,0,2872.8740234375
11001007707,743.351257324219,23.235559463501,19.8668079376221,0,0,32.8532981872559,0,0,6.06779813766479,0.125819995999336,0,0,15.626015663147,0,0,19.5307674407959,0,0,67.3625411987305,0,0,0.380799978971481,0,0,4.81231641769409,1.33516991138458,0,0,38.3740310668945,0,31.4742183685303,0,0,1473.50866699219,0,0,2477.90502929688
11001007708,652.550537109375,16.9954795837402,9.38746929168701,0,0,34.1705055236816,0,0,5.29550695419312,2.78999973088503E-02,0,0,7.36126661300659,0,0,21.2996044158936,0,0,31.884744644165,0,0,0,0,0,2.51364421844482,6.56148046255112E-02,0,0,50.4297981262207,0,41.1226234436035,0,0,525.2802734375,0,0,1398.38500976563
11001007709,561.098510742188,29.1913509368896,22.0217895507813,0,0,38.5110816955566,0,0,9.3391809463501,6.41519948840141E-02,0,0,17.2484455108643,0,0,21.6922378540039,0,0,32.8438110351563,0,0,0.265600025653839,0,0,4.52346849441528,0.806492447853088,0,0,44.7300224304199,0,36.7101707458496,0,0,565.3486328125,0,0,1384.39501953125
11001007803,782.057922363281,48.1214790344238,40.6358489990234,0,0,56.5289421081543,0,0,18.1992015838623,0.268703997135162,0,0,32.0636520385742,0,0,32.9886779785156,0,0,55.8990592956543,0,0,1.07703995704651,0,0,9.59924793243408,2.79842448234558,0,0,59.976203918457,0,49.5502967834473,0,0,1034.95532226563,0,0,2224.71997070313
11001007804,681.527709960938,36.5784492492676,38.1962356567383,0,0,51.7343215942383,0,0,14.8195829391479,0.424907982349396,0,0,30.6734218597412,0,0,49.651668548584,0,0,55.891544342041,0,0,5.26639986038208,0,0,18.3855628967285,10.5564317703247,0,0,57.2626190185547,0,48.9649353027344,0,0,936.149169921875,0,0,2036.0830078125
11001007806,492.432159423828,32.2947006225586,32.8547859191895,0,0,37.6573448181152,0,0,6.71717500686646,4.21199984848499E-02,0,0,25.0390644073486,0,0,19.2348918914795,0,0,44.5774307250977,0,0,0.223999992012978,0,0,6.39343118667603,2.64694905281067,0,0,36.3477630615234,0,30.3913669586182,0,0,908.335815429688,0,13.53600025177,1688.72497558594
11001007807,417.727630615234,15.9701700210571,21.8861446380615,0,0,29.788911819458,0,0,3.57521867752075,7.10100010037422E-02,0,0,16.8142929077148,0,0,18.9207630157471,0,0,32.563232421875,0,0,0.873600006103516,0,0,5.74970674514771,2.99555826187134,0,0,31.8057537078857,0,26.8238410949707,0,0,611.0341796875,0,0,1236.59997558594
11001007808,669.634399414063,37.1911087036133,32.6392669677734,0,0,39.6785430908203,0,0,12.3951091766357,0.509652018547058,0,0,25.4590892791748,0,0,21.8087310791016,0,0,63.4317436218262,0,0,0.582400023937225,0,0,7.23822546005249,2.10643076896667,0,0,39.7341194152832,0,32.7157020568848,0,0,1370.88549804688,0,0,2356.01000976563
11001007809,552.557983398438,19.5375995635986,17.5016994476318,0,0,26.7667427062988,0,0,5.70053625106812,0.154458001255989,0,0,13.670521736145,0,0,15.9217414855957,0,0,49.3858757019043,0,0,0.452560007572174,0,0,4.39101123809814,1.29563093185425,0,0,31.1208419799805,0,25.6295585632324,0,0,1068.1591796875,0,0,1832.24609375
11001007901,834.473388671875,40.181282043457,28.8788738250732,0,0,47.4516944885254,0,0,14.9775228500366,0.230849996209145,0,0,22.4280967712402,0,0,25.8766613006592,0,0,62.200382232666,0,0,0,0,0,5.52204084396362,1.1035133600235,0,0,55.6262397766113,0,45.5567970275879,0,0,1252.181640625,0,0,2436.68896484375
11001007903,362.869995117188,22.4350414276123,17.8195266723633,0,0,20.274938583374,0,0,7.75433254241943,0.214056015014648,0,0,14.0119466781616,0,0,9.45393848419189,0,0,37.4079551696777,0,0,0,0,0,2.74375438690186,0.696243584156036,0,0,17.8962745666504,0,14.4953985214233,0,0,836.930603027344,0,0,1365.00402832031
11001008001,634.131286621094,27.9426708221436,22.1554737091064,0,0,25.1288299560547,0,0,8.12231540679932,0.126791998744011,0,0,17.3635082244873,0,0,13.023907661438,0,0,73.7334365844727,0,0,0.275200009346008,0,0,4.49442625045776,1.18409645557404,0,0,22.889139175415,0,18.822057723999,0,0,1725.02282714844,0,0,2594.416015625
11001008002,842.098876953125,128.562347412109,77.8686294555664,0,0,76.1752548217773,0,0,28.274564743042,0.166931986808777,0,0,62.4972076416016,0,0,42.7198638916016,0,0,90.5746765136719,0,0,1.50834000110626,0,0,19.8673686981201,3.78583812713623,0,0,63.3827705383301,0,52.100227355957,0,0,1892.12915039063,0,0,3381.71215820313
11001008100,852.189025878906,42.795768737793,39.7429656982422,0,0,50.0367317199707,0,0,15.0685749053955,0.294389992952347,0,0,30.9444561004639,0,0,25.4120407104492,0,0,75.5171661376953,0,0,0,0,0,8.14011096954346,1.38972890377045,0,0,53.2640838623047,0,43.6943626403809,0,0,1617.13256835938,0,0,2855.6220703125
11001008200,997.014892578125,92.2329330444336,82.3548202514648,0,0,92.9711456298828,0,0,28.2985382080078,0.273959964513779,0,0,65.0993881225586,0,0,62.4003982543945,0,0,79.3991394042969,0,0,3.40560007095337,0,0,26.6728973388672,8.73257923126221,0,0,96.740348815918,0,81.5948944091797,0,0,1384.67260742188,0,0,3101.8642578125
11001008301,663.039978027344,201.385620117188,123.024673461914,0,0,102.51749420166,0,0,46.6513862609863,0.6158087849617,0,0,98.1372680664063,0,0,53.6762046813965,0,0,83.6390838623047,0,0,1.11680006980896,0,0,31.2915840148926,5.04816722869873,0,0,76.4612503051758,0,64.2367248535156,0,0,1660.91589355469,0,0,3211.75805664063
11001008302,524.843627929688,33.4852294921875,35.5204391479492,0,0,35.2789077758789,0,0,11.3303871154785,0.436013996601105,0,0,28.3216896057129,0,0,28.129810333252,0,0,62.9575462341309,0,0,2.80320000648499,0,0,12.3378305435181,6.29061508178711,0,0,29.5262584686279,0,25.5086669921875,0,0,1337.9697265625,0,0,2174.73999023438
11001008402,606.296081542969,58.0940780639648,40.4923782348633,0,0,48.8974609375,0,0,20.2017841339111,0.186983987689018,0,0,31.9932193756104,0,0,24.9015026092529,0,0,48.4183044433594,0,0,0.358399987220764,0,0,7.91590642929077,1.19455552101135,0,0,46.3994064331055,0,37.0397262573242,0,0,944.76220703125,0,0,1917.15209960938
11001008410,337.220184326172,41.9322891235352,36.4870262145996,0,0,28.6931285858154,0,0,16.4076538085938,0.223045200109482,0,0,28.6360282897949,0,0,10.5662126541138,0,0,47.3998489379883,0,0,4.47999984025955E-02,0,0,6.1709451675415,0.836963951587677,0,0,15.7857704162598,0,12.7590866088867,0,0,1101.25402832031,0,0,1684.4169921875
11001008701,410.555847167969,80.723762512207,72.3836441040039,0,0,59.0458908081055,0,0,24.8520336151123,0.40201199054718,0,0,58.7028312683105,0,0,31.7986335754395,0,0,57.1905555725098,0,0,2.51938009262085,0,0,15.8573427200317,5.83131694793701,0,0,30.49049949646,0,26.7007522583008,0,0,1154.78039550781,0,0,2031.8349609375
11001008702,423.168518066406,90.4197692871094,89.1457061767578,0,0,78.5558319091797,0,0,30.6341094970703,1.52204394340515,0,0,69.8225326538086,0,0,37.8399085998535,0,0,39.022533416748,0,0,1.42641997337341,0,0,16.2287158966064,6.05187034606934,0,0,51.12353515625,0,43.4249305725098,0,0,617.945556640625,0,0,1596.33178710938
11001008802,876.252014160156,60.5539817810059,47.4070014953613,0,0,60.0201301574707,0,0,18.8551273345947,0.218771994113922,0,0,36.4318885803223,0,0,31.0215148925781,0,0,75.5222549438477,0,0,0.260179996490479,0,0,8.33260917663574,3.01061844825745,0,0,59.5628623962402,0,48.6127243041992,0,0,1545.47131347656,0,7.89599990844727,2879.4287109375
11001008803,407.808776855469,185.710800170898,316.152191162109,0,0,250.129119873047,0,0,94.4806823730469,0.735192000865936,0,0,248.749526977539,0,0,156.596954345703,0,0,80.196159362793,0,0,19.1006603240967,0,0,77.8398132324219,40.4523811340332,0,0,108.7294921875,0,108.821319580078,0,0,666.866943359375,0,0,2762.3701171875
11001008804,736.179565429688,50.0634918212891,44.969669342041,0,0,63.2804985046387,0,0,19.2015552520752,1.07269597053528,0,0,35.0009307861328,0,0,32.541088104248,0,0,40.0879096984863,0,0,3.20000015199184E-03,0,0,7.29985189437866,1.94659781455994,0,0,64.5357360839844,0,53.2068901062012,0,0,617.687316894531,0,0,1767.07690429688
11001008903,715.792175292969,14.8725996017456,11.901083946228,0,0,37.8010215759277,0,0,4.58748960494995,0.091619998216629,0,0,9.40514469146729,0,0,22.341926574707,0,0,36.8226928710938,0,0,0,0,0,2.28527140617371,0.100782006978989,0,0,52.8931541442871,0,42.925609588623,0,0,631.716430664063,0,0,1583.53686523438
11001008904,933.967224121094,43.0642013549805,33.6851081848145,0,0,64.835334777832,0,0,12.5796709060669,0.248054400086403,0,0,26.0942764282227,0,0,35.8464508056641,0,0,46.8473472595215,0,0,3.63800004124641E-02,0,0,5.34793710708618,1.62941539287567,0,0,77.438346862793,0,62.7912712097168,0,0,722.754943847656,0,0,2067.16577148438
11001009000,791.388671875,36.0653991699219,50.3766479492188,0,0,66.5186004638672,0,0,17.9442291259766,0.131400004029274,0,0,39.6053771972656,0,0,40.361988067627,0,0,56.5715217590332,0,0,2.44160008430481,0,0,11.7102336883545,5.04977655410767,0,0,60.2653694152832,0,52.7540054321289,0,0,980.092163085938,0,0,2211.27709960938
11001009102,915.634582519531,1457.47607421875,1751.21240234375,0,0,1209.00634765625,0,0,423.922637939453,2.36066389083862,0,0,1396.72595214844,0,0,462.538696289063,0,0,303.243377685547,0,0,5.66381978988647,0,0,239.892425537109,110.644706726074,0,0,436.025787353516,0,385.773468017578,0,0,2927.15283203125,0,0,12027.2734375
11001009201,476.803527832031,48.8018913269043,78.1165161132813,0,0,77.6449813842773,0,0,17.4800910949707,0.456616759300232,0,0,63.4425849914551,0,0,93.9005508422852,0,0,52.1580390930176,0,0,13.5843992233276,0,0,43.8337364196777,26.6979370117188,0,0,75.4442749023438,0,66.689079284668,0,0,542.619750976563,0,0,1677.67395019531
11001009203,625.702209472656,30.3773593902588,21.8440456390381,0,0,35.010139465332,0,0,9.69186878204346,0.116819992661476,0,0,17.2446670532227,0,0,21.0537548065186,0,0,50.1804809570313,0,0,0.537599980831146,0,0,5.05594825744629,1.50600719451904,0,0,39.4567031860352,0,32.3737144470215,0,0,1023.26171875,0,0,1913.4130859375
11001009204,735.871398925781,28.5331211090088,33.1765289306641,0,0,57.0243988037109,0,0,12.5845975875854,0.288018018007278,0,0,25.8258380889893,0,0,28.6581039428711,0,0,33.9355888366699,0,0,9.87999979406595E-03,0,0,4.43444538116455,0.666301190853119,0,0,62.4029083251953,0,51.605712890625,0,0,483.624145507813,0,0,1558.64099121094
11001009301,592.153198242188,95.6578903198242,82.3344268798828,0,0,67.0795211791992,0,0,35.159294128418,0.305877596139908,0,0,64.7623291015625,0,0,35.5092124938965,0,0,79.5905380249023,0,0,2.39048004150391,0,0,20.6869354248047,5.32539367675781,0,0,46.9612617492676,0,40.5681419372559,0,0,1706.50659179688,0,0,2874.9912109375
11001009302,235.63020324707,58.6677780151367,43.5737457275391,0,0,34.7725372314453,0,0,20.5652904510498,0.22265999019146,0,0,34.5437316894531,0,0,13.4481859207153,0,0,32.1858825683594,0,0,0.230699986219406,0,0,8.06441402435303,0.66538679599762,0,0,19.5825176239014,0,16.7284145355225,0,0,693.011535644531,0,0,1211.89294433594
11001009400,782.184997558594,84.8699569702148,68.4894561767578,0,0,58.914794921875,0,0,28.0190448760986,0.657032370567322,0,0,53.8498573303223,0,0,37.5994873046875,0,0,104.525947570801,0,0,2.80543994903564,0,0,19.2978210449219,7.03367853164673,0,0,43.8818130493164,0,37.0729064941406,0,0,2321.51782226563,0,0,3650.72021484375
11001009501,1109.55163574219,71.8423309326172,166.627319335938,0,0,175.185928344727,0,0,14.7326917648315,0.105371996760368,0,0,135.69743347168,0,0,213.256652832031,0,0,116.510261535645,0,0,33.5558815002441,0,0,89.6641998291016,64.0583953857422,0,0,148.400970458984,0,132.675918579102,0,0,1124.291015625,0,0,3596.15600585938
11001009503,534.223266601563,43.502498626709,47.403263092041,0,0,37.2175025939941,0,0,13.2282772064209,5.60519993305206E-02,0,0,37.8955192565918,0,0,32.0600700378418,0,0,83.8209915161133,0,0,4.33718013763428,0,0,16.9501419067383,8.95079517364502,0,0,22.7786178588867,0,19.5666427612305,0,0,1863.7783203125,0,0,2765.76904296875
11001009504,660.536010742188,153.040069580078,213.591217041016,0,0,166.718185424805,0,0,65.5183639526367,0.363171577453613,0,0,172.615921020508,0,0,121.849143981934,0,0,100.37516784668,0,0,16.9722995758057,0,0,60.037239074707,35.1970176696777,0,0,88.1758728027344,0,73.3672714233398,0,0,1453.21398925781,0,0,3381.57080078125
11001009505,516.675415039063,83.1732864379883,74.5032043457031,0,0,56.3024406433105,0,0,35.3261756896973,0.426463186740875,0,0,57.7561416625977,0,0,22.1268615722656,0,0,79.9636154174805,0,0,0.688719987869263,0,0,13.3715295791626,2.95409822463989,0,0,28.162712097168,0,25.4081974029541,0,0,1831.21105957031,0,0,2828.05004882813
11001009507,275.254119873047,29.4586296081543,24.6377220153809,0,0,20.5945167541504,0,0,7.98842239379883,0.102060005068779,0,0,19.0854091644287,0,0,8.44054412841797,0,0,36.9392852783203,0,0,0.102719999849796,0,0,4.32463932037354,1.19344437122345,0,0,13.5114107131958,0,11.1543283462524,0,0,853.36279296875,0,0,1306.15014648438
11001009508,844.362426757813,23.2624397277832,17.9719219207764,0,0,39.0247230529785,0,0,7.43975305557251,0.126716390252113,0,0,13.9713745117188,0,0,22.6793365478516,0,0,63.6494293212891,0,0,6.71999976038933E-02,0,0,3.74508166313171,0.798013150691986,0,0,50.9171028137207,0,41.6783447265625,0,0,1320.14318847656,0,0,2449.83715820313
11001009509,495.101989746094,22.4999694824219,18.1402397155762,0,0,13.2719135284424,0,0,9.24275779724121,6.92459940910339E-02,0,0,14.2058038711548,0,0,5.29853868484497,0,0,73.2616958618164,0,0,0.201600015163422,0,0,3.33798718452454,0.6391242146492,0,0,5.7106351852417,0,5.08096837997437,0,0,1811.11657714844,0,0,2477.17919921875
11001009601,333.584777832031,28.7200813293457,23.2712535858154,0,0,21.3469657897949,0,0,10.8918428421021,0.350523501634598,0,0,18.3385162353516,0,0,13.1333141326904,0,0,41.7017250061035,0,0,0.926339983940125,0,0,6.27075099945068,2.1144437789917,0,0,16.4628601074219,0,14.0282688140869,0,0,935.383361816406,0,0,1466.52502441406
11001009602,856.34912109375,14.6029691696167,10.9006795883179,0,0,47.638069152832,0,0,3.58693361282349,0.120779998600483,0,0,8.5665168762207,0,0,29.4481201171875,0,0,33.2636108398438,0,0,0,0,0,1.87878751754761,0.409339189529419,0,0,69.1595840454102,0,56.180606842041,0,0,439.075836181641,0,0,1571.18103027344
11001009603,880.936279296875,51.5457878112793,50.1216201782227,0,0,68.4663467407227,0,0,18.593376159668,0.226331979036331,0,0,39.463695526123,0,0,37.0036506652832,0,0,60.5095825195313,0,0,0.985599994659424,0,0,10.1194353103638,2.64274072647095,0,0,69.303840637207,0,55.9391021728516,0,0,1095.34655761719,0,0,2441.20385742188
11001009604,368.877655029297,42.5603675842285,22.837230682373,0,0,21.4840183258057,0,0,15.1167049407959,5.07239997386932E-02,0,0,17.8195705413818,0,0,11.3470811843872,0,0,46.9658851623535,0,0,0.31360000371933,0,0,5.11206388473511,1.09229040145874,0,0,18.1494655609131,0,14.0478477478027,0,0,1080.40051269531,0,0,1666.17504882813
11001009700,652.7998046875,18.1337985992432,16.3266677856445,0,0,36.1557807922363,0,0,5.39142656326294,4.68179993331432E-02,0,0,13.434045791626,0,0,32.5156478881836,0,0,45.2720642089844,0,0,2.59839987754822,0,0,8.97010326385498,5.03700542449951,0,0,47.5539131164551,0,39.6837387084961,0,0,794.975769042969,0,0,1718.89477539063
11001009801,308.223876953125,14.1448707580566,9.26166725158691,0,0,15.1589756011963,0,0,4.77145719528198,5.75999990105629E-02,0,0,7.21972131729126,0,0,8.82841110229492,0,0,26.5961952209473,0,0,0.134399995207787,0,0,2.01264119148254,0.566381990909576,0,0,17.9125080108643,0,14.4948110580444,0,0,567.6875,0,0,997.070922851563
11001009802,347.297241210938,10.2672996520996,7.63334321975708,0,0,16.7423267364502,0,0,2.22926068305969,3.41999977827072E-02,0,0,5.89994955062866,0,0,9.82391262054443,0,0,25.3847351074219,0,0,0,0,0,1.35594379901886,0.53546679019928,0,0,21.354923248291,0,17.4225044250488,0,0,514.992858886719,0,0,980.973999023438
11001009803,748.513549804688,15.2548503875732,14.0769538879395,0,0,43.0756416320801,0,0,3.54602742195129,0.260953187942505,0,0,10.8949747085571,0,0,27.1619529724121,0,0,34.2676048278809,0,0,0.227199986577034,0,0,2.95045614242554,1.45843625068665,0,0,59.6030654907227,0,48.7582550048828,0,0,512.294128417969,0,0,1522.34387207031
11001009804,546.162170410156,21.5684700012207,18.4711818695068,0,0,35.0712890625,0,0,4.72702980041504,6.10200017690659E-02,0,0,14.343918800354,0,0,21.8072032928467,0,0,32.7752876281738,0,0,0.470400005578995,0,0,4.1191143989563,2.0937659740448,0,0,42.2919158935547,0,34.9516334533691,0,0,559.980651855469,0,0,1338.89514160156
11001009807,739.41552734375,34.9666213989258,80.7658386230469,0,0,80.7653503417969,0,0,9.91225910186768,0.114785999059677,0,0,65.6678771972656,0,0,54.4424247741699,0,0,65.9294586181641,0,0,6.32480001449585,0,0,20.2069549560547,13.0195112228394,0,0,58.2527809143066,0,47.008056640625,0,0,1114.11779785156,0,0,2390.91015625
11001009810,664.138854980469,7.05057001113892,5.67900228500366,0,0,35.4509124755859,0,0,2.39430165290833,0,0,0,4.58358287811279,0,0,24.8269081115723,0,0,25.0115756988525,0,0,0.566699981689453,0,0,2.26938605308533,1.06520998477936,0,0,54.4075584411621,0,44.4194183349609,0,0,305.343017578125,0,0,1177.20703125
11001009811,1032.59069824219,35.3736991882324,25.1078300476074,0,0,63.4243774414063,0,0,10.185772895813,7.73999989032745E-02,0,0,19.5748481750488,0,0,37.3790626525879,0,0,48.087646484375,0,0,0,0,0,4.43308305740356,1.16148483753204,0,0,84.294075012207,0,68.425407409668,0,0,722.78564453125,0,0,2152.90087890625
11001009901,455.700256347656,54.257999420166,51.7583923339844,0,0,39.7801399230957,0,0,17.396354675293,0.12483000010252,0,0,40.5872840881348,0,0,15.0628423690796,0,0,65.6812973022461,0,0,0.246399998664856,0,0,8.79495906829834,2.44733715057373,0,0,20.1364784240723,0,16.7776165008545,0,0,1525.6298828125,0,0,2314.38208007813
11001009902,456.600128173828,19.5070095062256,15.6283197402954,0,0,13.8907957077026,0,0,6.46505498886108,9.00000035762787E-02,0,0,12.3796186447144,0,0,7.82252025604248,0,0,62.6447257995605,0,0,0.486400008201599,0,0,3.84812164306641,1.1673047542572,0,0,9.90882873535156,0,8.24940013885498,0,0,1515.14074707031,0,0,2133.8291015625
11001009903,309.781555175781,9.71777057647705,7.58884048461914,0,0,10.2510967254639,0,0,2.5551290512085,1.43999997526407E-02,0,0,5.88462352752686,0,0,5.13799428939819,0,0,34.4999961853027,0,0,0,0,0,1.43437922000885,0.242851197719574,0,0,10.9641704559326,0,8.96048545837402,0,0,813.149658203125,0,0,1220.18298339844
11001009904,616.209350585938,10.5191993713379,7.35910797119141,0,0,32.5420417785645,0,0,3.18441772460938,3.99600006639957E-02,0,0,5.77403259277344,0,0,22.2998466491699,0,0,27.0326023101807,0,0,0.2432000041008,0,0,2.63732600212097,0.956875205039978,0,0,49.3270950317383,0,40.2384757995605,0,0,392.486480712891,0,0,1210.85009765625
11001009905,654.735595703125,9.94909000396729,9.11219596862793,0,0,29.896541595459,0,0,2.38382697105408,7.21260011196136E-02,0,0,7.05927801132202,0,0,19.7816886901855,0,0,41.5354690551758,0,0,0.246399998664856,0,0,2.87398433685303,1.00954914093018,0,0,43.8221664428711,0,35.9561882019043,0,0,797.603881835938,0,0,1656.03784179688
11001009906,362.723388671875,15.4352207183838,11.0601100921631,0,0,21.7177658081055,0,0,4.28449201583862,0.010152000002563,0,0,8.66545867919922,0,0,13.574426651001,0,0,22.7846221923828,0,0,0.268799990415573,0,0,2.81063723564148,0.940813183784485,0,0,27.2818183898926,0,22.4594116210938,0,0,410.199890136719,0,0,924.217102050781
11001009907,818.977905273438,11.0471696853638,41.8148727416992,0,0,56.068717956543,0,0,3.76797223091125,5.51519952714443E-02,0,0,31.0184459686279,0,0,30.0098705291748,0,0,52.6266250610352,0,0,0,0,0,17.0862770080566,0.112768799066544,0,0,88.010368347168,0,74.2337036132813,0,0,1017.46215820313,0,0,2242.2919921875
11001010100,2678.88842773438,1715.50695800781,1354.91748046875,0,0,1050.00549316406,0,0,507.820434570313,3.32166075706482,0,0,1071.09680175781,0,0,536.651916503906,0,0,327.150787353516,0,0,7.01036024093628,0,0,316.115203857422,77.9660415649414,0,0,717.332214355469,0,618.849304199219,0,0,3460.90600585938,0,0,14443.5400390625
11001010200,924.932067871094,761.104797363281,766.205505371094,0,0,563.724426269531,0,0,205.233612060547,1.80654466152191,0,0,612.131958007813,0,0,227.778274536133,0,0,151.965484619141,0,0,2.80053997039795,0,0,117.450462341309,42.5074729919434,0,0,257.329376220703,0,223.183502197266,0,0,1558.03405761719,0,0,6416.18896484375
11001010300,726.792358398438,116.912246704102,118.790313720703,0,0,110.029579162598,0,0,39.9641952514648,0.484919995069504,0,0,96.4118881225586,0,0,96.6529846191406,0,0,82.2638854980469,0,0,11.291579246521,0,0,43.8290519714355,23.6907577514648,0,0,80.1365966796875,0,69.6044311523438,0,0,1218.90710449219,0,0,2835.76171875
11001010400,914.736694335938,57.8358192443848,82.7677459716797,0,0,95.8492202758789,0,0,19.7373924255371,0.51663601398468,0,0,68.2119445800781,0,0,111.672729492188,0,0,87.6155700683594,0,0,14.9533214569092,0,0,45.9091529846191,29.5361557006836,0,0,92.0896682739258,0,80.5980072021484,0,0,1219.2109375,0,0,2921.2412109375
11001010500,1313.26245117188,118.879600524902,157.146987915039,0,0,165.679748535156,0,0,44.5353355407715,0.290159970521927,0,0,124.089401245117,0,0,75.8514785766602,0,0,75.253776550293,0,0,0,0,0,21.5007190704346,8.35994243621826,0,0,130.450805664063,0,109.92790222168,0,0,969.216613769531,0,0,3314.44482421875
11001010600,990.8408203125,437.645385742188,426.144653320313,0,0,323.0302734375,0,0,142.351715087891,1.57995712757111,0,0,335.394775390625,0,0,129.549575805664,0,0,153.5419921875,0,0,2.75805997848511,0,0,71.542106628418,21.0970344543457,0,0,160.064880371094,0,137.482849121094,0,0,2652.97705078125,0,0,5986.0009765625
11001010700,2646.05932617188,5286.5029296875,3613.42846679688,0,0,2675.01416015625,0,0,1389.27819824219,10.4177627563477,0,0,2890.59692382813,0,0,1243.47204589844,0,0,692.651611328125,0,0,27.6781215667725,0,0,810.233154296875,140.613952636719,0,0,1522.19873046875,0,1267.40734863281,0,0,7381.01025390625,0,0,31596.564453125
11001010800,977.282043457031,728.132873535156,795.811279296875,0,0,615.34228515625,0,0,266.272186279297,1.16230881214142,0,0,640.372375488281,0,0,567.419189453125,0,0,256.610748291016,0,0,71.6152038574219,0,0,280.737823486328,166.328063964844,0,0,353.812469482422,0,321.397338867188,0,0,1713.64672851563,0,0,7755.943359375
11001010900,769.375305175781,24.8777294158936,60.760124206543,0,0,79.8887100219727,0,0,8.86171722412109,0.222443997859955,0,0,50.3231735229492,0,0,84.7659072875977,0,0,51.3720016479492,0,0,10.1219396591187,0,0,29.5725345611572,21.5184288024902,0,0,79.337028503418,0,69.2435455322266,0,0,471.836395263672,0,0,1812.07702636719
11001011000,1454.02551269531,274.982879638672,133.990798950195,0,0,160.310546875,0,0,47.2412033081055,6.42779991030693E-02,0,0,109.594650268555,0,0,99.0398406982422,0,0,92.6928863525391,0,0,2.91009998321533,0,0,38.8310852050781,5.772132396698,0,0,161.302612304688,0,131.726577758789,0,0,1365.55981445313,0,0,4078.04516601563
11001011100,863.058044433594,408.674194335938,474.701965332031,0,0,351.059783935547,0,0,220.3564453125,4.13637113571167,0,0,369.552825927734,0,0,183.299041748047,0,0,176.709976196289,0,0,12.7048206329346,0,0,95.8616409301758,43.8127136230469,0,0,151.85871887207,0,149.075866699219,0,0,2822.15063476563,0,0,6327.0126953125

