Tract,RES1F,RES2F,RES3AF,RES3BF,RES3CF,RES3DF,RES3EF,RES3FF,RES4F,RES5F,RES6F,COM1F,COM2F,COM3F,COM4F,COM5F,COM6F,COM7F,COM8F,COM9F,COM10F,IND1F,IND2F,IND3F,IND4F,IND5F,IND6F,AGR1F,REL1F,GOV1F,GOV2F,EDU1F,EDU2F,TotalSqft
11001000100,3001.14,0,136.08,90.72,38.472,179.536,249.152,687,103.052,10.2,4.494,443.397,207.901,207.472,2048.83,24.062,0,66.861,270.202,25.145,0,82.262,87.125,17.837,20,0,66.613,11.68,341.961,34.291,0,46.177,0,8501.662
11001000201,0,0,0,0,0,0,0,0,6.313,1582.1,0,11.77,0,8.774,77.093,18.939,328.062,90.094,0,0,0,3.42,1.501,0,0,0,0,0,16.157,0,0,59.171,74.472,2277.866
11001000202,3036.38,0,24.57,52.92,64.12,128.24,186.864,206.1,22.943,454,9.667,601.061,93.931,159.864,847.11,7.415,0,48.192,316.229,8.774,0,246.9,118.578,6.562,3.8,0,93.467,24.345,159.144,25.545,4.708,88.768,125.618,7165.815
11001000300,4045.17,0,41.58,257.04,134.652,218.008,155.72,137.4,22.161,0,0,87.921,13.991,41.013,162.358,0,0,13.889,55.941,3.531,0,6.84,5.145,0,0,0,4.924,0.97,20.407,6.387,0,37,0,5472.048
11001000400,779.621,0,0,11.34,0,25.648,93.432,137.4,41.088,4.2,0,101.137,3.745,53.827,199.954,0,14.124,22.371,64.418,22.149,0,0,17.579,0,1.079,0,39.49,3.357,190.622,75.802,0,54.367,31.244,1987.994
11001000501,356.235,0,0,128.52,12.824,0,218.008,1442.7,268.936,45.3,0,183.622,9.202,66.814,110.36,0,0,23.968,239.827,3.868,0,0,21.313,3.75,0,0,5.228,1.53,38.386,0.213,0,15.258,13.91,3209.772
11001000502,1174.15,0,0,26.46,57.708,192.36,218.008,618.3,19.046,4.2,0,29.285,3.852,40.863,126.806,0,0,66.401,12.037,1.498,0,0,1.8,1.1,1.8,0,3.464,7,18.669,20.876,0,87.654,0,2733.337
11001000600,2143.79,0,13.23,0,32.06,141.064,591.736,343.5,0,127.4,0,46.38,32.523,37.17,125.93,1.177,0,23.312,53.325,23.326,0,0,9.458,0,2.9,0,8.237,7.015,7.212,5.96,5.243,71.859,0,3853.806
11001000701,682.847,0,9.45,0,19.236,64.12,529.448,2061,7.673,1.4,0,16.584,8.079,15.515,113.977,0,0,17.498,24.566,0,0,0,13.199,0,0,0,3.3,0.99,68.435,0,0,48.845,0,3706.162
11001000702,90.678,0,17.01,117.18,153.888,166.712,560.592,1099.2,0,0,0,11.538,2.007,5.571,59.682,0,0,2.729,1.477,0,0,0,2.07,0,0,0,1.78,3.529,15.622,4.257,0,20.454,0,2335.977
11001000801,2777.01,0,0,83.16,0,25.648,155.72,1786.2,538.103,150.4,0,170.544,37.945,68.03,206.247,2.221,0,87.537,82.873,0,0,2,11.822,1.1,10.3,0,6.926,12.299,101.214,13.411,0,65.795,0.988,6397.492
11001000802,1777.75,0,88.83,37.8,6.412,115.416,186.864,68.7,0,0,0,17.524,11.877,20.79,134.38,0,85.6,22.392,19.367,0,0,159.608,6.789,0,0,0,1.3,1.5,16.41,23.968,0,231.899,0,3035.176
11001000901,3386.9,0,28.35,11.34,0,0,0,68.7,93.564,1316.8,0,82.599,18.846,28.558,239.08,17.602,107,100.579,38.043,0,0,1.4,35.1,6,0,0,37.336,1.77,46.194,0,0,64.949,2403.86,8134.571
11001000902,1759.17,0,0,0,0,12.824,31.144,0,0,0,0,20.93,64.631,25.559,169.623,8.346,0,11.539,23.005,0,0,1.2,11.4,0,0,0,35.09,13.8,28.237,12.134,0,42.245,0,2270.877
11001001001,4929.19,0,24.57,41.58,0,0,0,412.2,18.877,231,0,290.87,40.272,181.068,426.571,12.178,0,141.1,120.346,28.68,0,0,29.755,12,3.358,0,34.311,4.82,120.768,267.677,6.848,174.41,7.49,7559.94
11001001002,206.788,0,0,30.24,820.736,115.416,93.432,1030.5,4.432,0,39.162,93.026,42.869,35.388,236.59,8.021,40.981,8.528,66.59,14.231,0,7.7,28.234,0,4.8,0,9.917,0.99,89.933,20.494,0,0.92,20.544,3070.462
11001001100,3235.74,0,0,15.12,0,0,186.864,480.9,78.645,65.8,20.972,341.718,71.25,154.765,2052.21,12.826,3.103,86.748,167.945,2.418,0,3.34,64.18,3.75,7.358,6,25.255,1.319,165.385,92.941,5.136,78.92,16.906,7447.513
11001001200,2367.92,0,0,26.46,12.824,51.296,186.864,1167.9,22.577,14,0,34.773,64.735,52.911,1376.43,27.742,4.494,41.37,76.69,0,0,125,7.8,0,2.157,0,8.768,3.02,43.239,61.593,0,50.044,1202.68,7033.287
11001001301,1301.5,0,0,0,0,0,62.288,1374,0,72.1,74.9,16.291,18.739,17.83,91.107,0,0,75.161,3.741,0,0,0,7.2,0,0,0,2.984,6.7,12.447,92.983,0,14.641,0,3244.612
11001001302,629.126,0,0,18.9,147.476,38.472,342.584,3984.6,1.178,0,15.729,134.29,37.077,79.256,335.765,9.416,0,50.943,95.337,0,0,16.6,5.64,5.8,0,0,6.224,5.378,225.253,59.207,0,110.232,10.807,6365.291
11001001401,1516.48,0,0,0,0,51.296,93.432,480.9,0,2.8,0,41.026,15.515,18.761,122.814,5.522,0,18.641,3.21,0,0,5.1,4.905,0,144,0,12.15,0.57,32.501,0,0,27.172,0,2596.795
11001001402,1963.29,0,0,22.68,19.236,38.472,31.144,480.9,0,0,8.132,25.347,5.564,25.709,212.206,3.638,0,52.526,8.314,0,0,1.14,9.044,0,0,0,5.991,2.669,21.507,0,0,24.723,0,2962.231
11001001500,4357.4,0,0,0,12.824,0,0,137.4,0,205.1,0,24.995,10.974,53.793,561.078,0,14.231,20.22,28.081,0,0,3.42,8.544,0,15.1,0,13.26,4,24.824,0,0,264.996,0,5760.241
11001001600,3378.71,0,17.01,22.68,0,12.824,31.144,0,8.864,17.3,3.745,53.864,18.95,164.64,269.439,8.385,2.782,59.722,35.241,0,0,0,8.634,14.6,18.767,2,32.044,12.176,150.589,10.7,1.539,30.387,0,4386.736
11001001702,1607.15,0,13.23,0,64.12,102.592,218.008,137.4,0,16.4,5.136,67.665,106.051,88.613,119.861,8.015,0,9.694,39.055,1.391,0,1.6,58,29.998,0,0,42.858,0.6,59.982,5.35,0,18.22,16.371,2837.36
11001001803,542.925,0,13.23,147.42,12.824,166.712,436.016,412.2,0,0,0,1.926,6.261,34.162,66.011,0,0,5.757,0,0,0,0,8.44,0,0,0,1.691,5.257,23.798,0,0,13.225,0,1897.855
11001001804,699.421,0,0,192.78,147.476,371.896,467.16,206.1,0,16.8,0,36.026,14.806,62.755,73.767,7.042,0,9.965,41.527,0,0,0,0,3.5,3.858,0,8.054,2.1,39.595,7.918,0,11.663,0,2424.209
11001001901,2438.5,0,0,109.62,0,76.944,0,0,0,9.1,0,176.101,14.367,87.948,53.285,0,25.894,27.606,16.46,1.498,0,46.742,2.4,5.937,7.6,0,20.3,4.615,53.96,65.157,0,212.604,0,3456.638
11001001902,1440.18,0,13.23,15.12,6.412,25.648,31.144,0,0,7,0,34.315,23.675,33.648,58.295,0,0,9.802,26.069,0,0,0.7,62.8,0,0,0,12.462,5.872,46.286,0,0,48.856,0,1901.514
11001002001,886.968,0,0,105.84,57.708,89.768,186.864,137.4,15.836,21.7,0,16.122,14.048,7.775,31.439,0,0,5.564,3.941,0,0,7.5,3.3,0,0,0,4.702,7.879,33.17,20.437,0,13.482,0,1671.443
11001002002,1637.92,0,9.45,22.68,44.884,76.944,93.432,206.1,14.017,26.7,0,76.999,19.396,72.351,102.276,39.269,0,21.611,21.439,11.021,0,0,9.878,0,2.158,0,20.58,0.51,112.626,0,0,37.236,0,2679.478
11001002101,1969.2,0,0,105.84,25.648,269.304,404.872,68.7,0,0,0,80.634,39.875,90.048,75.157,2.14,0,26.918,30.139,1.391,0,0,7.713,5.3,0,0,44.024,0,109.34,0,0,3.787,0,3360.03
11001002102,2251.9,0,102.06,294.84,0,192.36,124.576,0,0,5.2,0,36.897,17.886,58.529,69.375,1.755,0,18.433,18.204,0,0,0,9.445,0,4.258,0,15.921,5.729,86.161,0,0,22.427,0,3335.956
11001002201,2021.97,0,0,0,0,25.648,0,68.7,0,6.3,2.247,29.081,25.244,37.261,29.007,2.14,0,3.852,10.778,0,0,0,4.3,0,0,0,17.221,2.7,19.857,0,0,4.524,0,2310.83
11001002202,1147.57,0,51.03,351.54,38.472,166.712,0,0,0,10.5,0,16.232,22.423,15.982,29.364,0,0,3.767,6.955,0,0,0,3.5,0,0,0,7.668,6,39.241,0,0,38.877,0,1955.833
11001002301,1845.09,0,17.01,0,32.06,25.648,31.144,0,0,7,0,13.256,0,23.327,17.016,1.605,0,0.717,11.556,0,0,1.6,2.71,0,0,0,5.146,4.35,32.074,0,0,2.824,0,2074.133
11001002302,646.081,0,45.36,0,44.884,359.072,342.584,274.8,0,204.4,0,42.487,15.906,22.826,526.256,2.889,682.232,309.349,40.59,0,0,0,5.7,2.4,0,0,0.564,0,18.745,112.671,0,5.041,0,3704.837
11001002400,1818.13,0,41.58,83.16,12.824,38.472,31.144,137.4,0,46.3,4.141,30.825,9.94,75.239,65.796,0.888,0,15.354,25.915,9.63,0,0,0.7,0,0,0,18.095,2.6,75.497,0,0,27.392,0,2571.022
11001002501,1139.38,0,0,34.02,12.824,115.416,124.576,68.7,9.844,17.8,0,31.194,37.941,55.762,51.554,0,0,11.171,36.198,0,0,0,0,28.123,0,0,15.565,2.029,52.26,4.257,0,141.24,0,1989.854
11001002502,1516.57,0,20.79,257.04,38.472,166.712,498.304,343.5,0,37.1,0,70.091,16.221,104.304,81.201,0,0,5.596,28.783,0,0,0,4.4,0,6,0,29.158,3.8,78.698,24.075,0,46.384,0,3377.199
11001002600,1776.7,0,0,0,0,0,0,137.4,0,2.1,0,8.453,4.708,16.793,215.263,0,0,12.63,24.062,0,0,7.2,0,13,1.7,0,4.264,2.529,69.077,5.238,0,16.328,0,2317.445
11001002701,1259.78,0,75.6,98.28,76.944,166.712,249.152,1305.3,0,112.7,27.178,23.774,3.398,41.184,90.862,0,0,7.979,9.22,0,0,0,9.04,0,2.3,0,3.664,1.91,33.402,0,0,25.633,0,3624.012
11001002702,2132.17,0,190.89,143.64,70.532,64.12,280.296,687,3.531,13.3,0,60.565,13.556,54.42,117.026,8.485,0,13.963,42.907,0,0,0,2.989,0,0,0,16.047,2.2,37.752,1.49,0,27.1,0,3983.979
11001002801,545.592,0,30.24,0,32.06,243.656,436.016,549.6,0,30.1,0,21.614,26.116,22.969,36.645,0,0,8.774,26.886,0,0,0,0,0,1.8,0,1.964,2.01,62.696,0,0,5.243,0,2083.981
11001002802,382.619,0,73.71,94.5,32.06,89.768,498.304,961.8,0,134.3,0,59.706,14.086,92.822,63.269,0,0,42.575,20.009,22.149,0,0,1.9,0,0,0,8.88,1.679,70.01,8.346,0,46.438,13.054,2731.984
11001002900,1368.27,0,85.05,117.18,109.004,230.832,155.72,68.7,0,9.8,0,49.19,4.014,55.809,66.007,3.895,0,13.28,22.738,0,0,0,2.145,0,0,0,8.644,0.729,29.532,0,0,23.861,0,2424.4
11001003000,1063.37,0,54.81,113.4,115.416,102.592,124.576,412.2,3.21,21,0,10.827,32.389,31.595,34.968,0,0,2.568,10.579,0,0,2.5,0.6,3.4,1.7,0,9.811,1.7,26.099,0,0,15.301,0,2194.612
11001003100,1432.56,0,34.02,41.58,38.472,153.888,62.288,0,4.432,20.3,0,57.331,9.791,165.489,19.756,4.387,0,16.125,19.92,0,0,5.02,5.958,2.812,2,0,24.552,1.6,17.396,0,6.527,6.42,0,2152.624
11001003200,2235.8,11.28,79.38,11.34,109.004,179.536,93.432,0,0,9.5,0,55.319,17.148,54.887,74.683,0.717,0,12.077,98.012,0,0,1,0.97,0,0,0,9.671,0,9.095,2.568,0,18.107,0,3083.526
11001003301,2104.74,0,120.96,79.38,89.768,89.768,62.288,0,9.202,0,0,25.989,2.782,22.142,64.058,0,0,8.353,8.56,1.391,0,0.6,3.734,4.687,0,0,10.591,0.729,37.961,3.959,0,7.151,0,2758.793
11001003302,1228.72,0,147.42,56.7,12.824,51.296,31.144,0,4.432,14.7,0,35.486,7.143,40.765,40.101,0,0,2.711,14.038,21.828,0,0,2.7,0,0,0,14.676,0,29.309,10.272,0,0,0,1766.265
11001003400,1117.66,0,68.04,158.76,76.944,64.12,0,137.4,15.836,867.3,0,109.374,29.321,185.361,200.301,0,13.161,74.775,60.395,0.967,0,22.4,22.5,2.2,0,0,20.09,5.9,104.581,173.896,5.992,89.559,660.511,4287.344
11001003500,685.514,0,86.94,0,173.124,89.768,93.432,274.8,16.692,606.4,0,45.944,41.484,21.703,89.492,4.601,0,20.839,29.739,0,0,7.5,0,2.5,0,0,19.468,4.46,39.046,0,0,16.371,10.98,2380.797
11001003600,637.794,0,20.79,109.62,109.004,230.832,560.592,755.7,0.535,64.5,0,17.933,25.326,139.735,63.535,0,0,1.819,19.777,0,0,0,4.468,0,0,0,13.914,0.729,10.807,0,0,22.363,0,2809.773
11001003700,212.979,0,96.39,177.66,166.712,410.368,685.168,687,4.432,293.7,0,35.845,3.184,40.328,62.485,3.21,0,13.804,12.305,0,0,0,0,0,6.473,0,9.49,0,33.598,16.733,0,3.165,0,2975.029
11001003800,626.078,0,66.15,226.8,89.768,269.304,591.736,1099.2,4.922,47.6,0,138.647,155.968,133.861,424.471,1.284,0,71.08,150.121,0,0,5.1,7.245,23,0,0,24.83,8.37,58.957,21.713,0,55.017,0,4301.223
11001003900,583.787,0,24.57,60.48,64.12,166.712,747.456,1374,8.346,30.1,0,65.73,5.189,59.206,112.027,6.666,0,6.035,28.808,0,0,3.2,6.2,0,0,0,11.93,8.6,49.892,0,0,11.953,0,3435.007
11001004001,955.167,0,128.52,287.28,179.536,76.944,529.448,687,83.995,0,0,26.825,9.202,28.355,98.334,8.774,0,9.637,40.76,0,0,0,6.445,0,0,0,5.7,3.347,34.31,5.961,0,17,0,3222.54
11001004002,433.292,0,35.91,71.82,64.12,320.6,436.016,687,0,0,0,75.74,17.229,107.503,597.553,10.343,0,5.079,81.427,1.934,0,0.6,18.1,0,0,0,4.817,9.401,61.813,17.011,0,17.316,0,3074.624
11001004100,960.596,0,9.45,11.34,44.884,76.944,436.016,618.3,133.001,42,2.07,10.581,44.997,56.913,154.468,0.749,0,15.098,35.631,0,0,0,15.478,0,0,0,5.26,7.95,90.267,298.466,0,8.911,8.025,3087.395
11001004201,758.857,0,32.13,189,134.652,192.36,529.448,618.3,10.272,0,0,34.223,16.813,43.827,200.835,0.717,0,5.232,80.56,0,0,10,11.55,0,0,0,9.262,8.55,30.557,3.619,43.228,0,0,2963.992
11001004202,405.765,0,100.17,219.24,288.54,179.536,436.016,274.8,62.381,52.9,0,117.495,7.993,91.024,321.142,4.173,0,47.498,84.994,10.7,0,8.5,16.149,7,0,0,7.08,21.3,200.029,14.614,0,27.752,0,3006.791
11001004300,670.941,0,41.58,60.48,115.416,115.416,342.584,893.1,0,18.2,0,63.156,23.554,79.591,132.124,10.668,0,279.831,44.063,0,0,0,25.9,0,0.6,0,12.382,4.45,59.706,39.376,0,28.177,0,3061.295
11001004400,2638.43,0,73.71,117.18,83.356,89.768,218.008,687,0,21.5,0,138.505,40.413,167.795,157.657,8.453,24.296,52.775,142.647,0,0,6.48,7.213,0,2.4,0,37.218,3.51,119.064,5.236,10.272,78.443,59.171,4990.499
11001004600,1607.82,0,164.43,136.08,70.532,218.008,0,0,0,8.4,0,29.395,4.682,58.62,84.778,0,0,4.152,28.006,4.601,0,2.1,11.945,2,0,0,27.35,0,71.235,0,0,57.767,0,2591.902
11001004701,380.048,0,0,7.56,44.884,64.12,124.576,1442.7,0,14.5,0,19.167,8.314,90.889,323.868,0,0,13.589,9.213,12.626,0,0,5.545,0,0,0,14.381,0.729,47.722,8.774,0,36.808,15.836,2685.849
11001004702,69.6278,0,18.9,0,70.532,38.472,0,755.7,7.704,210,0,32.026,11.162,36.512,113.687,4.922,44.544,2.939,3.36,0,0,2.28,8.789,2.2,0,0,12.409,7.357,394.345,118.09,0,294.387,0,2259.945
11001004801,1236.34,0,107.73,113.4,32.06,115.416,31.144,137.4,0,22.3,0,34.228,19.225,51.057,50.55,0.888,0,0,19.268,1.934,0,0,0.95,7.8,0,0,11.471,2.8,62.809,0.213,0,14.686,0,2073.669
11001004802,557.213,0,18.9,173.88,237.244,410.368,31.144,274.8,4.922,29.4,0,23.076,2.022,41.522,64.093,0,0,2.711,30.281,0,0,0,3.5,0,0,0,1.62,0,66.554,63.13,0,9.642,0,2046.022
11001004901,459.105,0,145.53,207.9,32.06,115.416,31.144,206.1,0,25.2,0,76.066,5.457,59.243,79.248,1.177,0,4.622,18.297,0,0,1.8,3.7,0,1.8,0,16.726,0,61.536,2.033,30.067,28.751,0,1612.978
11001004902,235.172,0,120.96,79.38,121.828,102.592,155.72,755.7,136.747,0,0,65.842,15.029,58.473,927.488,0,0,3.638,41.033,0.967,0,39.902,3.099,0,1.8,0,13.042,3.1,104.855,3.104,0,33.919,0,3023.39
11001005001,419.767,0,141.75,207.9,166.712,38.472,93.432,68.7,4.28,76.3,0,50.004,20.069,158.36,50.777,2.37,0,5.136,11.235,2.354,0,0,2.7,0,0,0,5.281,4.553,77.896,0,0,33.17,0,1641.218
11001005002,292.989,0,51.03,124.74,160.3,205.184,342.584,2541.9,77.789,40.5,1.035,56.585,23.54,51.168,255.161,1.605,0,2.168,65.484,0,0,0,6.605,0,0,0,8.908,1.95,102.121,7.782,0,3.673,0,4424.801
11001005201,607.028,0,49.14,347.76,134.652,256.48,685.168,2473.2,101.757,1.4,2.07,64.605,22.599,71.252,259.627,1.712,0,21.977,50.864,6.206,0,8.9,15.544,2.4,0,5.2,13.926,14.22,104.432,6.739,0,7.905,7.062,5343.824
11001005301,465.487,0,77.49,294.84,115.416,153.888,809.744,1854.9,46.438,3.3,0,112.564,44.33,97.401,597.175,3.735,2.889,32.335,176.319,1.284,0,1.14,23.024,0,1.079,1.9,15.3,13,486.615,93.302,0,30.559,6.068,5561.521
11001005500,699.135,0,111.51,272.16,121.828,115.416,685.168,2816.7,300.67,371.3,64.2,204.464,71.556,215.27,1812.81,28.229,0,449.161,448.991,23.925,0,12,455.885,0,3.237,1.635,60.824,8.97,865.492,361.557,0,54.252,8.982,10645.33
11001005600,505.016,14.664,43.47,0,12.824,38.472,404.872,2885.4,126.519,857.2,0,76.242,184.053,116.041,1445.43,8.025,0,128.147,53.233,0,0,16.9,44.309,7.499,0,0,20.564,0,553.101,22.071,18.511,22.191,290.259,7895.013
11001005800,116.11,45.12,7.56,0,32.06,12.824,342.584,1648.8,1038.32,87.5,6.741,861.69,300.278,443.536,6941.13,101.338,0,62.324,624.11,28.042,0,79.3,1689.45,105.597,18.168,62.103,93.352,41.599,1389.76,799.433,418.945,105.666,34.454,17537.89
11001005900,0,0,0,26.46,70.532,76.944,124.576,1374,464.853,286.9,26.215,72.616,26.591,111.231,768.817,24.49,85.6,18.846,271.23,0,0,27.78,26.214,3.9,0.86,0,11.282,15.708,727.194,1068.56,232.511,103.457,99.51,6146.877
11001006202,0,0,0,0,0,0,0,0,45.903,11.2,0,76.362,177.73,60.927,604.115,23.102,0,4.615,1335.46,3.21,0,39,87.646,0.938,35.1,0,39.451,8.348,170.386,4972.54,108.07,141.948,20.588,7966.639
11001006400,661.226,0,88.83,7.56,192.36,25.648,0,206.1,0,0,0,25.869,79.689,20.901,53.306,0,0,0,28.309,0,0,8.4,0,0,1.5,0,3.053,1.2,53.736,2.354,0,3.162,5.457,1468.66
11001006500,1700.02,0,189,105.84,76.944,102.592,186.864,68.7,23.54,77.7,0,78.238,13.169,83.668,223.199,5.778,1.038,23.968,164.434,0,0,10.8,32.015,0,0,0,6.394,4.7,199.992,22.956,0,22.179,0,3423.728
11001006600,840.105,0,164.43,105.84,83.356,89.768,155.72,68.7,31.12,0,0,151.406,25.038,65.26,165.329,53.179,0,62.742,51.521,4.601,0,3,18.2,0,0,0,6.664,2.5,98.911,0,0,5.992,0,2253.382
11001006700,2918.08,0,300.51,117.18,57.708,89.768,31.144,0,4.708,2.1,0,14.318,6.18,18.058,127.187,0,0,4.737,194.475,0,0,0,2.2,0,0,0,25.578,2.81,11.984,0,0,5.46,0,3934.185
11001006801,825.627,0,17.01,136.08,76.944,102.592,31.144,137.4,0,23.8,0,9.095,3.01,40.229,22.709,0,0,0,3.342,0,0,2.6,0.93,0,0,0,7.491,2.6,27.561,0,0,2.831,0,1472.995
11001006802,1461.14,0,41.58,15.12,12.824,141.064,0,0,0,10.5,0,15.951,2.996,17.527,25.182,0,0,0,6.378,0,0,0,0,0,0,0,0,11.016,26.679,0,4.922,2.889,0,1795.768
11001006804,17.3355,0,0,0,0,0,0,0,0,660.6,0,4.022,0,14.378,11.086,0,1.712,2.033,1.063,0,0,0,0,0,0,0,0,0,2.996,76.719,0,0,0,791.9444
11001006900,1846.8,6.768,34.02,90.72,76.944,51.296,31.144,0,0,6.3,1.819,35.034,14.702,63.337,104.214,0,0,8.271,17.234,0,0,5,5.212,0,0,0,20.104,6.5,48.63,1.926,0,102.613,0,2578.588
11001007000,1705.26,0,168.21,105.84,44.884,38.472,0,0,17.548,500.9,0,100.915,16.617,110.028,149.5,0,0,46.574,90.009,0,0,17.42,15.759,0,0,0,27.381,21.41,114.26,66.875,5.029,35.31,0,3398.201
11001007100,818.864,0,119.07,75.6,141.064,141.064,31.144,343.5,2.216,4.2,0,48.239,9.806,82.623,137.624,0,0,6.666,46.999,0,0,25,29.8,30,0,0,24.921,2.6,35.514,0,0,45.783,0,2202.297
11001007200,573.786,0,26.46,30.24,0,0,155.72,1717.5,8.133,0,0,83.074,87.312,215.551,202.331,2.14,0,12.273,525.401,0,0,93.42,10.5,0,17.499,0,12.844,16.429,35.154,95.423,0,36.624,0,3957.814
11001007301,1645.92,0,26.46,11.34,44.884,0,0,0,0,386.4,0,60.455,100.346,36.487,44.361,8.452,0,2.386,83.569,0,0,4.299,0.746,0,0,0,22.541,0.587,146.791,76.503,0,29.054,3.531,2735.112
11001007304,767.81,0,34.02,128.52,262.892,333.424,31.144,0,0,169.4,10.7,24.699,2.354,21.65,224.205,7.522,0,48.963,5.546,0,0,0,0,0,0,0,11.427,0,7.918,0,0,44.94,0,2137.134
11001007401,670.75,0,0,18.9,96.18,192.36,31.144,68.7,0,12.7,0,24.838,28.823,43.835,130.441,0,0,1.284,11.663,0,0,0,0,0,1.8,0,17.349,1.6,39.287,33.384,0,64.949,0,1489.987
11001007403,100.584,0,0,26.46,493.724,500.136,0,0,0,0,0,8.453,2.006,9.951,29.5,0,0,1.085,6.62,0,0,1.3,0.84,0,0,0,8.59,0,25.894,0,0,1.498,0,1216.641
11001007404,1055.18,0,28.35,0,147.476,410.368,0,0,0,4.2,0,4.684,0,18.476,15.226,1.284,0,2.247,0,0,0,0,0,0,0,0,1.354,0,10.013,0,0,12.519,0,1711.377
11001007406,218.027,0,0,0,51.296,679.672,124.576,0,0,0,0,0,2.007,5.981,16.54,7.811,0,0,0,0,0,0,0,0.937,0,0,1.128,0,18.618,0,0,2.824,0,1129.417
11001007407,892.588,0,7.56,68.04,57.708,448.84,0,0,13.282,0,0,9.341,2.041,20.526,13.635,0,0,2.515,29.715,0,0,1.14,0,0,0,0,5.934,1.56,47.65,0,0,12.228,20.116,1654.419
11001007408,288.036,0,126.63,109.62,301.364,371.896,31.144,0,0,27.5,0,0.743,0,36.933,15.305,0,0,0,0,0,0,0,0,0,0,0,0,1.8,15.212,0,4.601,13.91,0,1344.694
11001007409,530.257,0,79.38,56.7,166.712,666.848,31.144,68.7,0,0,0,3.638,0,20.554,31.287,0,0,2.169,4.494,2.247,0,0,0,0,1.1,0,1.7,0,0,0,0,2.247,0,1669.177
11001007502,818.388,12.408,9.45,317.52,128.24,564.256,31.144,137.4,0,250.6,139.1,5.665,1.391,82.454,24.689,0.717,0,8.025,18.144,0,0,0,0,0,0,0,6.199,0.729,31.048,3.406,0,15.194,0,2606.167
11001007503,542.544,0,0,147.42,160.3,282.128,0,0,2.247,32.2,0,67.501,78.541,78.067,77.841,7.775,0,48.225,20.423,0,0,1.9,2.745,33.2,0,0,32.273,2.6,53.321,5.671,0,28.569,0,1705.491
11001007504,268.034,0,17.01,189,96.18,448.84,155.72,0,0,12.1,5.564,1.038,12.947,42.968,32.207,0,0,0,0.531,0,0,0,0,0,0,0,2.2,0,9.987,11.235,0,8.678,0,1314.239
11001007601,1671.64,0,60.48,480.06,134.652,269.304,62.288,0,0,60.2,3.531,38.306,4.048,55.667,118.809,5.159,0,11.428,8.988,0,0,7.5,0.745,0,0,0,15.889,6.686,59.225,1.057,0,55.64,0,3131.302
11001007603,1225.2,0,86.94,567,743.792,12.824,0,68.7,10.486,0,0,44.313,3.424,23.896,65.778,6.848,0,2.247,23.276,0,0,0,0,0,0,0,7.687,0,23.406,0,3.531,23.693,0,2943.041
11001007604,1138.43,12.408,60.48,117.18,346.248,384.72,93.432,137.4,0,18.2,0,144.695,43.233,59.83,47.14,6.848,0,26.74,23.433,0,0,0,2.06,0,0,0,7.805,7.629,65.225,0.212,4.815,33.092,0,2781.255
11001007605,683.99,0,24.57,56.7,250.068,371.896,0,549.6,0,68.4,0,11.354,1.038,33.233,42.768,0,0,12.733,8.224,0,0,0,0,0,2.8,0,1.199,0,24.876,0,0,8.881,0,2152.33
11001007703,1234.25,0,0,192.78,365.484,615.552,124.576,68.7,0,17.5,0,10.159,0,10.076,16.327,0,0,5.938,9.83,0,0,0,0,0,0,0,1.533,0,124.538,18.404,0,57.227,0,2872.874
11001007707,1710.31,0,37.8,124.74,0,359.072,0,68.7,3.424,11.9,0,20.891,5.94,11.898,46.69,1.177,0,2.782,5.778,0,0,2.3,0,0,0,0,4.69,0,43.656,0,0,16.157,0,2477.905
11001007708,393.001,0,47.25,245.7,307.776,269.304,31.144,0,0,0,0,1.486,6.021,18.524,36.251,0,0,7.298,0,0,0,0,0,0,0,0,1.55,0,31.368,0,0,1.712,0,1398.385
11001007709,477.012,0,0,408.24,57.708,141.064,124.576,0,0,8.3,0,17.548,31.605,31.693,49.778,0,0,1.605,0.531,0,0,0,0,0,0,0,3.564,0.729,18.779,0,0,11.663,0,1384.395
11001007803,1001.65,0,86.94,158.76,250.068,294.952,93.432,0,0,25.9,0,36.981,13.683,39.257,49.761,3.424,12.412,38.481,24.175,0,0,0,0.745,0,0,0,14.928,0.82,60.345,0,0,18.006,0,2224.72
11001007804,882.777,0,7.56,18.9,256.48,153.888,93.432,206.1,0,151.2,21.4,6.867,0.535,52.189,26.973,1.605,0,28.704,18.262,0,0,0,0,0,0,0,23.606,1.3,67.526,3.832,0,12.947,0,2036.083
11001007806,978.027,13.536,37.8,98.28,83.356,192.36,0,0,0,7,0,13.375,4.147,31.738,19.094,0,0,4.366,9.277,0,0,0,0,0,0,0,2.34,0.35,86.786,0,0,106.893,0,1688.725
11001007807,614.362,0,0,98.28,109.004,218.008,0,0,0,27.3,0,16.964,2.007,4.013,6.115,0,0,9.131,0.532,0,0,0,1.3,0,0,0,3.945,0,64.221,0,0,61.418,0,1236.6
11001007808,1563.62,0,34.02,41.58,179.536,141.064,31.144,68.7,0,18.2,0,37.747,9.06,35.128,38.441,1.777,0,1.284,6.841,0,0,5.7,2,0,0,0,22.614,11.9,90.147,1.49,0,14.017,0,2356.01
11001007809,1219.2,0,37.8,90.72,44.884,269.304,0,0,0,11.2,0,19.582,1.177,15.819,28.64,0,0,0,3.039,0,0,0,2.234,0,0,0,8.581,3.21,59.064,0,4.708,13.084,0,1832.246
11001007901,1315.97,0,81.27,396.9,32.06,333.424,31.144,0,0,0,0,18.582,5.885,44.89,34.089,7.704,0,26.739,15.729,0,0,0,0.745,0,0,0,12.825,1.8,43.736,0.639,0,32.558,0,2436.689
11001007903,994.219,0,64.26,128.52,38.472,12.824,0,0,0,0,0,13.678,0,29.028,11.925,0.685,0,3.938,27.343,4.28,0,0,0,0,0,0,5.9,0.85,7.658,1.064,0,20.36,0,1365.004
11001008001,2131.7,0,113.4,7.56,19.236,12.824,62.288,68.7,0,8.6,0,22.069,7.918,24.618,40.248,0,0,2.169,11.342,0,0,0,2.48,0,0,0,7.044,1.6,27.187,0,0,23.433,0,2594.416
11001008002,2101.12,0,69.93,253.26,76.944,102.592,31.144,68.7,4.815,35.7,0,36.73,26.648,46.018,372.347,4.173,1.712,8.827,19.777,0,0,0,0.88,0,0,0,9.274,0.59,62.389,1.277,0,30.28,16.585,3381.712
11001008100,1807.37,0,253.26,117.18,38.472,76.944,186.864,0,7.276,0,0,51.015,2.247,27.613,61.774,5.308,0,7.725,8.653,0,0,0,12.625,0,0,0,16.355,6.92,144.618,16.427,0,6.976,0,2855.622
11001008200,1230.06,0,170.1,241.92,166.712,166.712,155.72,68.7,27.972,98.4,0,36.481,23.884,63.329,172.109,3.638,12.84,39.14,29.186,0,0,0.98,6.13,2,0,0,14.24,1.9,325.2,7.275,0,37.236,0,3101.864
11001008301,1706.59,0,141.75,15.12,25.648,12.824,155.72,0,13.296,34.9,0,34.491,24.292,63.619,579.07,0,0,23.141,42.33,1.934,0,8.7,24.788,0,0,0,22.804,1.457,217.146,0,0,62.138,0,3211.758
11001008302,1577.34,0,94.5,11.34,76.944,51.296,31.144,0,0,87.6,0,22.539,7.062,36.722,35.42,0.717,0,7.351,20.034,0,0,0,0,2.2,0,0,24.223,0,63.976,2.825,0,21.507,0,2174.74
11001008402,964.216,0,149.31,64.26,64.12,153.888,62.288,137.4,4.432,11.2,0,74.284,5.685,65.827,71.965,3.285,0,10.425,27.592,0,0,0,5.6,0,0,0,10.388,4.558,26.429,0,0,0,0,1917.152
11001008410,1349.5,0,41.58,11.34,6.412,0,0,0,4.432,1.4,0,49.944,31.145,47.865,43.897,9.331,0,5.586,19.699,2.461,0,0,0,0,0,0,8.946,1.1,41.15,8.629,0,0,0,1684.417
11001008701,1328.83,0,83.16,56.7,0,25.648,31.144,0,0,76.2,0,29.786,18.551,35.987,87.02,1.391,4.049,12.883,174.396,0,0,0,2.789,2.3,0,0,22.334,1.2,11.787,0,0,25.68,0,2031.835
11001008702,498.348,0,24.57,177.66,25.648,115.416,0,137.4,0,20.3,0,36.255,60.348,71.141,150.085,2.675,0,9.416,9.11,0,0,40,7.2,0,0,0,44.558,7.3,52.956,46.561,0,20.544,38.841,1596.332
11001008802,1677.92,7.896,71.82,468.72,70.532,76.944,0,137.4,0,5.6,0,34.43,9.67,98.351,30.725,0,4.049,14.21,14.167,0,0,0,1.489,0,0,0,12.154,0.86,32.608,0.91,0,108.974,0,2879.429
11001008803,167.64,0,7.56,313.74,64.12,76.944,0,0,48.899,480.6,0,97.233,739.263,54.434,165.393,4.28,0,8.047,53.529,0,0,15,105.3,19.012,0,0,25.844,2.6,80.07,17.762,0,29.027,186.073,2762.371
11001008804,426.53,0,139.86,752.22,96.18,38.472,0,0,0,0.1,0,36.914,28.944,50.387,62.25,0.888,0,7.918,17.263,0,0,25.1,12.257,0,0,8.3,19.047,2.87,27.854,0.639,0,13.084,0,1767.077
11001008903,519.684,0,15.12,631.26,109.004,205.184,0,0,0,0,0,18.372,0,11.26,21.479,0,0,1.926,13.578,0,0,0,0,0,0,0,5.09,0.729,30.851,0,0,0,0,1583.537
11001008904,494.729,0,217.35,317.52,205.184,564.256,31.144,0,0,0,0,41.46,3.826,44.171,44.013,1.605,0,10.305,7.33,0.967,0,3.2,0,0,0,0,9.227,2.8,5.813,1.49,0,58.957,1.819,2067.166
11001009000,922.782,0,0,34.02,57.708,218.008,93.432,549.6,0,76.3,0,5.018,158.574,25.68,25.187,0,0,10.624,6.705,0,0,0,0,0,0,0,7.3,0,4.298,1.703,0,14.338,0,2211.277
11001009102,1199.86,0,18.9,408.24,256.48,141.064,155.72,0,0.642,6.9,105.766,207.24,266.701,130.401,3532.76,161.142,0,32.981,315.836,0,0,42.1,301.571,0,1.8,0,89.048,7.13,88.205,4341.61,4.387,48.792,161.998,12027.27
11001009201,244.507,0,0,215.46,89.768,64.12,31.144,68.7,0,388.4,0,17.067,0,38.734,47.068,31.093,0,0,17.437,6.634,0,0,6.4,0,0,0,16.08,20.489,298.25,0,0,18.543,57.78,1677.674
11001009203,1110.42,0,0,49.14,32.06,76.944,124.576,343.5,0,16.8,0,11.791,18.725,40.19,47.608,0,0,2.247,6.249,0,0,0,0,0,0,0,6.49,0,8.56,5.029,0,13.084,0,1913.413
11001009204,265.176,0,37.8,86.94,38.472,141.064,93.432,687,0,0,0,34.208,61.311,22.641,20.125,4.887,0,0,17.007,0,0,1.401,3.3,0,0,0,14.6,0,21.293,0,0,7.49,0.494,1558.641
11001009301,1948.24,0,0,71.82,0,0,93.432,0,2.247,52.5,5.671,62.652,31.897,93.308,109.641,0,0,45.097,60.976,1.498,0,1.4,9.134,0,8.7,0,13.496,1.8,207.126,0,29.853,24.503,0,2874.991
11001009302,786.765,0,0,34.02,0,25.648,31.144,0,0,4.2,0,31.619,41.357,47.716,82.465,0,0,21.724,46.677,0,0,0,0,0,0,0,12.37,1.829,38.367,0,4.815,1.177,0,1211.893
11001009400,2779.68,0,0,15.12,32.06,128.24,62.288,0,0,81.2,10.352,58.044,14.733,89.493,133.285,0,0,18.931,14.459,5.457,0,0,12.7,0,2.158,0,28.862,1.9,119.755,0,0,42.003,0,3650.719
11001009501,571.976,0,270.27,86.94,121.828,692.496,218.008,68.7,4.922,859.9,0,12.652,18.305,35.186,65.072,0,0,6.099,33.256,0,0,0,14.25,0,0,0,5.854,5.6,63.253,3.103,0,136.532,301.954,3596.156
11001009503,2308.86,0,15.12,15.12,0,0,0,0,0,113,2.247,50.765,2.461,42.627,54.969,3.21,21.4,12.872,9.238,0,0,0,2.1,0,0,0,3.114,0,61.693,0,0,34.561,12.412,2765.77
11001009504,1367.6,0,18.9,351.54,76.944,64.12,31.144,0,0,203,0,35.242,42.372,207.901,63.717,7.577,516.81,187.09,41.238,7.918,0,2.4,8.999,0,4,0,6.691,0,63.023,0,0,66.34,7.005,3381.571
11001009505,2225.04,0,0,37.8,0,0,0,0,0,14.3,0,17.976,139.49,120.479,71.899,6.452,0,13.333,22.609,1.391,0,5.7,14.945,0,0,0,16.045,1.4,69.389,0,0,38.246,11.556,2828.05
11001009507,1040.13,0,0,0,0,38.472,31.144,0,0,0,0,24.492,0,29.746,27.51,0,0,4.141,12.305,0,0,0,0,0,1.7,0,5.67,2.3,37.958,0,5.136,45.446,0,1306.15
11001009508,1435.23,0,18.9,0,57.708,179.536,249.152,343.5,0,2.1,0,5.793,3.002,30.947,20.652,0,0,7.276,17.377,0.967,0,0,0,0,0,0,5.686,0,46.01,0,0,26.001,0,2449.837
11001009509,2345.44,0,0,0,0,0,0,0,0,6.3,0,17.744,25.975,21.209,26.925,0,0,7.009,6.185,0,0,1.14,7.345,0,0,0,2.707,2.186,5.885,0,0,1.129,0,2477.179
11001009601,1127,0,7.56,41.58,6.412,76.944,0,0,0,24.2,7.597,12.394,14.541,39.416,33.789,0,0,10.794,14.317,0,0,0,1.9,0,0,6.541,7.3,0,31.672,0,0,2.568,0,1466.525
11001009602,172.212,0,0,105.84,807.912,269.304,0,137.4,0,0,0,13.161,0,7.169,30.751,0.589,0,0,2.997,0,0,0,0.98,0,0,0,6.71,0,4.172,0,0,11.984,0,1571.181
11001009603,1028.41,0,11.34,253.26,160.3,538.608,0,68.7,0,30.8,0,107.899,7.825,44.427,46.206,6.848,0,13.043,28.784,0,0,2.28,0.745,0,0,0,10.294,0,63.459,8.453,0,9.523,0,2441.204
11001009604,1309.5,0,0,71.82,0,76.944,0,0,0,9.8,0,21.451,1.712,100.141,29.781,0,0,2.675,14.873,0,0,0,0,0,0,0,2.818,0,2.675,0,0,21.985,0,1666.175
11001009700,762,0,0,0,237.244,436.016,31.144,68.7,0,81.2,0,6.389,2.007,17.459,35.749,0,0,6.634,4.601,0,0,0,0,0,0,0,2.601,0,21.587,1.177,0,4.387,0,1718.895
11001009801,640.08,0,0,37.8,38.472,128.24,0,68.7,0,4.2,0,5.885,0,28.679,7.766,0,0,0.899,8.667,0,0,0,0,0,0,0,3.2,0.729,11.449,0,0,12.305,0,997.071
11001009802,552.069,0,18.9,83.16,64.12,205.184,0,0,0,0,0,1.177,0,10.165,16.695,0,0,1.084,0,0,0,1.9,0,0,0,0,0,0,3.103,2.98,0,20.437,0,980.9741
11001009803,324.04,0,51.03,253.26,333.424,384.72,62.288,0,0,7.1,0,2.971,1.284,8.628,22.871,0,0,0,0,6.206,0,0,0,0,0,0,5.809,2.2,20.668,0,0,35.845,0,1522.344
11001009804,487.299,0,0,15.12,89.768,602.728,0,0,0,14.7,0,3.638,0,13.966,25.011,0,0,8.453,7.383,0,0,0,0,0,0,0,3.39,0,11.329,0,0,56.11,0,1338.895
11001009807,1120.52,0,73.71,419.58,141.064,153.888,0,0,0,53.2,0,36.695,19.506,26.864,44.254,0,228.231,0.888,7.03,0,0,0,3.889,0,0,0,6.377,0,32.423,5.029,2.889,14.873,0,2390.91
11001009810,82.296,0,7.56,389.34,153.888,423.192,62.288,0,0,14.7,0,4.381,0,9.309,11.802,0,0,0,2.454,0,0,0,1.9,0,0,0,0,0,9.282,0,4.815,0,0,1177.207
11001009811,454.723,0,39.69,196.56,205.184,718.144,0,343.5,0,0,0,16.088,0.899,47.844,46.912,0,0,3.531,8.346,0,0,0,1.9,0,0,0,4.3,0,14.418,13.198,0,37.664,0,2152.901
11001009901,1882.14,0,0,49.14,0,12.824,0,0,0,7.7,0,28.331,12.426,28.216,76.281,4.387,0,20.34,35.833,0,0,0,7.089,50.622,0,0,6.935,2.928,59.706,4.708,0,24.776,0,2314.382
11001009902,1931.77,0,0,0,25.648,12.824,31.144,0,0,15.2,0,14.641,9.951,22.891,26.828,1.777,0,1.084,10.568,0,0,0,0,0,0,0,5,0,18.618,0,0,5.885,0,2133.829
11001009903,1004.41,0,0,15.12,0,64.12,0,68.7,0,0,0,7.055,3.398,8.869,11.802,0,0,0,2.782,0,0,0,0,0,0,0,0.8,2.186,19.813,0,0,11.128,0,1220.183
11001009904,225.552,0,0,0,224.42,666.848,0,0,11.08,7.6,0,1.486,0,17.482,16.939,0,0,1.627,0.91,0,0,0,0,0,0,0,2.22,0,28.908,0,0,5.778,0,1210.85
11001009905,790.48,0,51.03,49.14,134.652,487.312,31.144,0,5.671,7.7,0,0.781,0,10.46,14.667,0,0,0,1.594,0,0,0,0,0,0,0,4.007,1.729,51.226,0,0,14.445,0,1656.038
11001009906,377.952,0,32.13,49.14,96.18,269.304,0,0,0,8.4,0,3.424,1.003,12.665,21.988,0,0,8.774,5.778,0,0,0,0,0,0,0,0.564,0,16.05,0,0,20.865,0,924.2169
11001009907,797.052,0,73.71,378,83.356,51.296,0,0,0,0,0,26.726,1.003,11.876,9.462,0,0,0,2.247,0,0,0,0,0,0,0,3.064,1.8,800.146,2.554,0,0,0,2242.292
11001010100,45.339,0,9.45,11.34,51.296,12.824,218.008,1580.1,843.966,109.2,34.989,401.984,424.936,504.638,4617.98,70.045,11.021,132.077,318.057,1.284,0,44.34,830.894,30.5,3.5,12.7,114.763,32.797,3004.03,699.595,5.136,142.098,124.652,14443.54
11001010200,480.06,0,34.02,11.34,57.708,38.472,31.144,1030.5,9.844,14,0,117.771,71.97,111.149,1812.02,22.674,0,41.806,396.189,4.819,0,73,139.91,13.737,13,0,20.617,8.745,201.223,1395.51,67.337,147.333,50.29,6416.188
11001010300,1107.38,0,0,15.12,0,205.184,218.008,274.8,27.604,311.8,13.375,89.235,24.075,48.393,187.193,12.35,52.324,82.283,55.492,0,0,0,3,0,0,0,26.94,2.97,39.152,20.008,0,19.076,0,2835.762
11001010400,1038.22,0,39.69,464.94,153.888,230.832,62.288,68.7,0,448.7,5.243,42.435,7.308,59.83,82.653,1.605,24.503,7.184,23.123,0,0,2.28,11.568,0,0,0,26.422,2.048,87.607,15.301,0,14.873,0,2921.241
11001010500,496.633,0,13.23,45.36,19.236,12.824,62.288,1717.5,46.545,0,0,76.244,127.865,49.269,170.827,3.21,0,11.139,54.306,0,0,9.44,28.8,0.938,0,0,6.68,0.729,74.879,273.385,0,13.118,0,3314.444
11001010600,2489.83,0,94.5,181.44,25.648,51.296,62.288,137.4,0,75.6,8.918,227.906,266.159,325.192,651.478,6.591,2.996,86.909,164.441,17.976,0,11.8,23.453,42.312,15.104,0,50.809,12.223,328.133,404.246,0,216.324,5.029,5986.001
11001010700,63.1507,0,35.91,37.8,19.236,38.472,62.288,1099.2,633.788,94.2,49.578,1454.23,1330.21,1110.71,14905.9,975.58,1045.92,948.76,998.878,31.534,0,201.681,577.449,46.799,73.195,0,332.936,28.567,4192.99,635.966,4.9,433.947,132.788,31596.56
11001010800,0,0,0,0,6.412,12.824,93.432,893.1,315.329,2042.7,0,128.461,308.709,930.057,896.561,22.144,35.738,327.329,126.622,2.354,0,10.1,43.445,38.2,12.947,19,15.816,2.88,164.886,836.68,4.815,193.515,271.887,7755.943
11001010900,143.256,0,60.48,147.42,436.016,243.656,62.288,206.1,0,312.9,0,7.34,1.713,7.404,34.237,0,0,3.531,12.076,0,0,1.14,3.1,0,0,0,11.218,0,1.926,109.125,5.457,1.694,0,1812.077
11001011000,821.436,0,13.23,49.14,12.824,25.648,218.008,1717.5,0,67.2,0,2.119,9.243,13.836,995.008,0,0,9.094,10.336,0,0,0,2.07,6,0,0,3.571,6.1,39.675,5.332,0,12.69,37.985,4078.045
11001011100,2717.29,0,0,68.04,32.06,89.768,31.144,68.7,49.966,388.8,2.14,239.928,662.477,320.433,399.368,7.49,11.021,18.899,157.375,1.391,0,60.881,535.855,9.1,16,0,166.97,4.746,169.82,13.755,0,83.596,0,6327.014

