Tract,RES1F,RES2F,RES3AF,RES3BF,RES3CF,RES3DF,RES3EF,RES3FF,RES4F,RES5F,RES6F,COM1F,COM2F,COM3F,COM4F,COM5F,COM6F,COM7F,COM8F,COM9F,COM10F,IND1F,IND2F,IND3F,IND4F,IND5F,IND6F,AGR1F,REL1F,GOV1F,GOV2F,EDU1F,EDU2F,TotalSqft
15001020100,2798.68,0,48.36,137.64,28.385,11.354,0,0,17.969,9.8,0,12.733,6.74,5.505,25.331,4.495,0,1.926,7.383,0,0,0,1.8,0,0,0,7.143,71.01,21.259,15.816,0,1.134,0,3234.463
15001020202,1025.77,3.98,29.76,0,5.677,0,0,0,8.134,92.9,0,4.558,30.192,20.571,25.65,0,0,6.649,9.639,0,0,1.9,2.75,0,0,0,5.75,17.789,10.061,5.136,0,0,0,1306.866
15001020300,973.042,0,31.62,66.96,130.571,249.788,275.74,243.3,34.238,365.9,4.601,303.614,22.339,132.093,275.379,15.611,3.638,185.067,119.496,18.939,0,1,32.03,0,0,0,27.923,4.27,119.808,107.427,0,27.801,14.231,3786.426
15001020400,1352.99,4.975,106.02,44.64,90.832,45.416,82.722,60.825,5.029,25,1.712,145.262,47.484,92.288,210.557,32.742,0,92.726,72.201,0,0,4.3,10.281,0,0,0,15.783,5.05,12.091,247.056,74.365,32.228,0,2914.575
15001020500,1931.29,11.94,148.8,122.76,28.385,238.434,303.314,60.825,7.276,256.2,0,1727.68,258.666,180.486,384.497,37.985,0,82.555,161.965,0,0,34.36,25.023,76.891,1.211,0,91.18,16.199,111.717,76.135,2.675,29.853,106.352,6514.653
15001020600,2586.02,0,0,14.88,0,0,27.574,304.125,33.838,17.5,0,359.797,466.521,198.116,203.624,0,0,19.356,111.254,0,0,41.972,19.73,41.715,1.788,0,169.326,57.32,49.27,54.24,0,37.89,7.062,4822.918
15001020701,3013.11,7.96,0,37.2,11.354,0,27.574,0,0,7.7,0,79.23,30.703,14.799,33.256,7.062,0,13.496,38.616,0,0,0,3.7,10.555,0,0,13.771,0,32.581,0,0,1.006,0,3383.673
15001020702,3312.5,0,0,0,0,0,0,0,0,20.3,0,24.303,9.844,7.506,22.405,0,0,4.194,8.132,0,0,8.494,10.8,6.872,0,0,17.945,12.95,2.219,0,0,4.922,0,3473.386
15001020801,2502.04,0,9.3,0,11.354,0,0,0,0,174.3,34.347,8.547,7.145,8.239,19.149,0,0,0,3.149,0,0,0,4.625,0,0,0,18.72,3.749,6.883,0,0,0,0,2811.547
15001020802,3733.8,18.905,59.52,0,0,0,0,0,5.029,81.2,16.05,30.361,8.902,16.798,32.262,0,0,7.504,5.334,0,0,1.9,2.1,19.2,0,0,11.951,20.47,6.633,0,0,20.972,0,4098.891
15001020900,2850.53,0,0,0,0,0,0,0,0,0,0,17.264,17.929,4.157,23.53,0,0,1.023,12.909,0,0,1.3,2.477,2.7,0,0,21.751,35.089,15.515,0,0,0.942,0,3007.116
15001021003,3657.95,0,40.92,18.6,11.354,0,0,0,2.889,0,0,14.06,12.412,4.657,10.743,0,0,0,0,0,0,0,3.4,0,0,0,7.527,43.25,0,37.145,0,1.391,0,3866.298
15001021005,6216.63,94.525,0,0,0,0,0,0,0,0,0,2.702,13.328,11.96,14.175,0,0,1.033,0.823,0,0,0,0,0,0,0,11.164,1.56,3.424,0,0,0,0,6371.324
15001021010,5978.78,22.885,14.88,11.16,0,0,0,0,45.6,0,0,17.922,9.523,4.943,13.097,0,0,0,18.221,0,0,3.749,0.826,2,0,0,14.324,16.26,4.28,0.719,0,20.544,0,6199.713
15001021011,2672.46,0,9.3,0,34.062,0,27.574,0,11.021,0,0,9.671,53.072,3.456,17.009,0,0,0.512,2.079,1.062,0,0,2.79,0,0,0,7.94,15.989,5.992,1.059,5.482,0,0,2880.53
15001021013,2800.84,0,29.76,22.32,11.354,11.354,0,0,6.741,9.1,0,100.184,152.933,37.675,67.68,2.821,0,4.269,12.424,0,0,24.087,21.7,8.8,0,0,88,99.668,48.756,1.438,0,7.725,0,3569.63
15001021101,3051.72,7.96,0,0,0,0,0,0,0,12.6,0,21.775,22.239,2.514,15.856,0,0,0,3.929,0,0,0,4.602,6.6,0,0,9.74,41.09,56.568,0,0,4.527,0,3261.72
15001021106,4637.85,25.87,59.52,40.92,0,0,0,0,9.145,7.7,0,62.322,60.737,43.64,33.864,1.819,0,12.669,18.265,0,0,1.219,7.546,0.9,6.3,0,21.78,51.22,15.408,11.021,0,4.815,17.334,5151.864
15001021202,6129.7,11.94,5.58,18.6,28.385,0,0,0,11.656,106.4,3.237,64.965,1080.85,20.586,38.968,6.27,0,2.359,58.898,0,0,4.7,9.83,2.2,1.6,0,23.36,84.623,26.322,51.997,6.325,10.337,0,7809.688
15001021300,4318.27,36.815,46.5,11.16,28.385,11.354,0,0,43.507,1.4,0,59.126,38.382,28.298,85.757,0,0,8.363,22.891,0,0,1.7,8.426,11,0,0,19.301,121.269,25.146,17.335,0,17.11,0,4961.494
15001021402,2095.93,0,46.5,107.88,90.832,11.354,0,0,10.576,17.5,0,100.681,32.317,63.921,47.495,11.235,11.561,36.295,40.05,0,0,7.5,3.526,7.399,0,0,15.124,34.21,43.119,70.941,0,17.121,0,2923.066
15001021502,3143.74,22.885,44.64,0,90.832,11.354,0,0,21.507,9.8,0,39.097,26.761,23.38,66.178,0,0,14.348,48.974,0,0,7.019,4.026,0.5,0,0,46.047,40.588,16.318,0.719,0,0.568,0,3679.281
15001021504,1272.82,5.97,22.32,130.2,295.204,0,0,0,59.863,10.5,0,457.229,324.721,205.599,250.774,18.821,10.116,22.021,176.091,1.498,0,61.393,35.7,42.4,0,0,108.51,4.78,36.595,16.575,5.35,41.859,0,3616.909
15001021507,6341.38,0,50.22,33.48,34.062,0,0,0,53.978,13.6,4.601,198.628,82.56,88.976,160.427,0,0,19.984,69.588,2.033,0,30.131,5.87,54.4,1.6,0,87.48,104,14.303,1.176,0,16.564,0,7469.041
15001021509,2736.55,0,130.2,193.44,397.39,283.85,330.888,60.825,70.406,91,31.565,73.372,10.235,9.741,261.854,3.317,0,15.729,84.195,0,0,1.5,4.2,0,0,0,13.191,5.2,16.799,1.07,0,0.568,0,4827.084
15001021601,3392.37,0,243.66,156.24,300.881,193.018,275.74,364.95,83.246,268.4,56.52,244.863,56.622,94.555,322.739,9.177,8.239,84.496,187.028,0,0,3.8,18.576,4.4,0,0,47.899,17.288,67.089,10.593,0,9.844,0,6522.233
15001021604,3981.74,0,158.1,301.32,363.328,408.744,303.314,121.65,66.793,0,0,51.249,17.427,26.221,85.192,0,0,32.732,24.962,2.123,0,1.9,6.898,0.812,0,0,32.823,1.57,25.823,14.445,1.265,0,0,6030.431
15001021702,5937.92,57.71,122.76,29.76,56.77,56.77,55.148,0,26.645,158.4,1.07,202.134,103.435,66.824,256.228,15.729,14.573,81.429,148.835,0,0,24.949,32.752,41.8,1,0,80.547,112.618,70.246,9.454,0,82.666,2.354,7850.526
15001021704,4893.53,6.965,171.12,688.2,1124.05,544.992,137.87,0,220.739,4.9,4.348,102.747,35.199,67.139,205.07,5.457,0,17.649,142.409,0,0,6.774,10.151,6.4,0,0,104.44,22.569,59.992,17.225,0,1.605,0,8601.544
15001021800,3745.46,9.95,109.74,26.04,5.677,0,0,0,21.664,18.9,0,80.865,6.48,21.223,44.982,2.461,0,19.421,30.174,0,0,4.1,16.7,1.2,0,0,34.148,48.31,32.814,20.407,0,6.432,0,4307.148
15001021902,2297.12,0,14.88,66.96,17.031,0,0,0,29.425,53.2,0,77.952,32.528,45.218,42.753,6.848,0,13.413,10.731,0,0,0.8,1.1,13.1,0,0,58.37,11.499,31.458,9.737,0,28.269,0,2862.392
15001022000,1674.33,0,33.48,0,0,0,0,0,6.256,0.7,0,15.06,9.261,1.819,9.047,0,0,1.926,3.959,0,0,4.2,0.77,1.6,0,0,10.051,25.899,10.806,0.479,0,0,0,1809.643
15001022102,1399.44,0,11.16,0,0,0,0,0,0,4.9,0,13.767,7.048,5.696,11.761,0,0,1.926,3.317,0,0,162.088,4.1,1.7,0,0,2.463,12.891,2.569,1.198,0,13.696,0,1659.72
15003000106,2793.78,0,0,26.04,289.527,68.124,82.722,1094.85,3.26,0.7,0,23.376,19.52,14.071,123.939,2.889,0,3.932,34.454,0,0,5.756,2.726,0,0,0,35.333,11.266,26.108,0,0,7.876,0,4670.249
15003000107,1473.14,0,0,81.84,119.217,0,0,0,0,0,0,12.165,11.638,9.994,24.736,1.498,0,1.836,8.453,0,0,1.344,2.5,0,1.746,0,2.402,0.034,25.539,0,0,0,0,1778.082
15003000108,1546.05,0,50.22,66.96,96.509,0,27.574,243.3,0,0,0,143.847,15.896,21.608,82.012,7.169,0,15.526,61.846,0,0,0,7.653,0,0,0,18.214,0,6.118,0,0,0,0,2410.502
15003000110,2685,0,31.62,0,17.031,0,0,0,0,9.8,0,14.202,9.632,7.81,41.44,0,21.507,2.035,8.925,0,0,3.656,7.5,0,0,0,15.682,0,1.505,0.167,0,1.609,0,2879.121
15003000111,2988.22,6.965,0,11.16,0,11.354,0,0,0,7,2.889,22.051,28.237,11.723,32.191,0,0,6.144,35.363,0,0,0,4.1,0,0,0,69.058,4.398,6.129,1.759,0,13.05,0,3261.791
15003000112,2757.62,0,0,40.92,39.739,90.832,55.148,304.125,0,21.7,0,26.827,16.705,6.331,43.197,4.601,0,10.165,46.514,0,0,1.219,31.159,0,0,0,4.257,3.198,12.608,0,0,8.287,0,3525.152
15003000114,1284.19,0,0,0,0,0,0,0,0,0,0.443,2.591,2.658,4.505,19.743,0,0,0,8.647,0,0,1.172,20.639,0,0,0,7.481,0,0.363,0,0,3.103,0,1355.535
15003000200,3372.87,0,70.68,93,17.031,11.354,0,0,0,46.9,15.729,27.787,11.7,19.582,43.255,0,0,7.796,19.205,0,0,0,8.477,9.624,0,0,31.529,7.45,4.922,0,0,28.537,0,3847.428
15003000301,2319.95,0,24.18,0,0,0,0,0,0,0,0,18.417,7.088,6.42,48.307,0,0,3.477,2.393,0,0,1.4,2.826,0,0,6.023,21.28,15.74,9.63,0.24,0,9.77,0,2497.14
15003000302,1969.11,0,0,0,0,11.354,0,0,4.922,20.3,0,16.753,14.849,15.515,52.199,3.21,6.848,18.41,18.589,0,0,8.531,3.841,0,4.1,0,9.54,3,12.484,0.24,0,15.806,14.98,2224.581
15003000401,1847.1,7.96,42.78,0,0,0,0,0,3.26,55.3,0,13.653,10.297,10.79,29.281,0,0,76.384,4.656,0,0,0,0,0,0.57,0,3.276,5.7,16.146,0,0,0.568,0,2127.721
15003000402,2887.37,0,53.94,0,0,0,0,0,0,0,0,27.189,19.674,3.185,77.416,2.782,0,10.925,26.101,0,0,0,45.854,0,0,0,15.464,3,10.637,7.276,0,14.124,0,3204.937
15003000500,2925.99,0,0,7.44,0,0,27.574,121.65,34.026,13.3,0,164.207,29.51,26.746,570.983,17.12,0,47.325,131.228,1.284,0,2.3,3.78,2.436,0,0,22.327,3.38,14.982,19.89,0,10.122,0,4197.6
15003000600,957.068,0,11.16,0,17.031,11.354,0,0,0,0,0,1.472,5.564,21.658,21.621,1.605,0,6.708,7.797,0,0,0,1.7,0,0,0,0.73,0,16.425,44.752,0,36.969,3.422,1167.036
15003000700,1805.36,0,44.64,18.6,0,11.354,0,0,0,32.9,0,17.544,3.646,14.202,21.933,0,0,2.172,2.087,0,0,0,0,0,0,0,18.342,0.75,19.795,3.21,0,33.514,0,2050.049
15003000800,2161.19,0,74.4,22.32,11.354,0,0,0,3.26,125.3,0,28.09,5.004,19.223,51.029,0.535,35.845,22.239,22.74,0,0,0,1,0,0,0,11.948,3.64,20.366,57.069,7.383,2.407,30.711,2717.053
15003000901,635.236,7.96,35.34,238.08,28.385,0,55.148,425.775,0,0,0,16.078,15.479,21.801,40.39,4.601,0,15.001,21.721,1.284,0,2.7,5.355,8.99,0,0,8.915,12.65,22.791,0,0,40.446,0,1664.126
15003000902,2707.35,0,55.8,40.92,0,0,0,0,0,73.5,19.474,12.506,14.851,13.938,38.35,0,3.475,1.281,3.943,1.284,0,0,0.826,0.016,0,0,6.368,0,3.727,0,0,0.759,0,2998.369
15003000903,1813.59,0,76.26,33.48,0,0,0,0,0,0,0,31.129,45.936,6.019,43.983,8.881,0,6.541,12.949,6.848,0,6,4.594,0,0,0,5.235,0.8,10.372,0,0,3.103,0,2115.72
15003001000,1627.68,0,87.42,63.24,0,0,0,0,1.605,67.2,0,3.486,74.516,46.999,16.698,0,21.086,2.822,10.786,0,0,0,4.19,0.796,0,0,7.322,2.09,120.394,0,0,1.391,0,2159.721
15003001100,955.108,0,42.78,130.2,141.925,113.54,55.148,0,0,2.8,0,5.839,4.654,10.834,16.135,0,0,1.434,2.125,1.284,0,0,0,0,0,0,3.454,1.4,2.461,0,0,25.284,0,1516.405
15003001201,1386.8,0,18.6,89.28,56.77,79.478,82.722,0,0,15.2,0,46.791,12.551,17.387,37.65,3.317,3.794,7.173,62.32,0.856,0,2.6,3.257,1,0,0,7.277,9.2,13.233,1.177,0,165.894,4.494,2128.821
15003001202,1614.35,0,40.92,44.64,0,0,0,0,0,14.7,0,7.608,6.034,5.399,14.976,0.806,0,0.876,7.2,0,0,0,0.7,3.248,0.57,0,4.601,0.944,16.264,0,0,0.089,0,1783.925
15003001300,2291.44,0,24.18,66.96,22.708,34.062,55.148,60.825,1.07,30.8,0,265.51,72.721,96.517,199.421,29.457,0,51.54,78.645,3.317,0,5.856,28.655,6,0,0,36.373,24.509,95.303,13.642,0,94.535,0,3689.194
15003001400,1659.04,0,13.02,0,0,0,0,0,0,0,0,7.358,12.982,3.424,31.618,0.631,0,1.819,2.36,0,0,0,0,0,0,0,5.33,0.75,8.917,0,0,11.556,0,1758.805
15003001500,1964.41,0,63.24,33.48,68.124,34.062,27.574,0,0,2.1,0,52.643,21.18,19.063,30.166,10.593,0,1.819,35.203,1.062,0,0,1.88,0,0,0,4.283,0,0,0,0,0.899,0,2371.781
15003001600,2044.48,0,5.58,40.92,45.416,68.124,55.148,0,4.922,19.6,0,91.148,21.995,35.664,46.893,4.672,0,7.536,52.08,0,0,1.3,3.65,2.6,0,0,6.963,10.999,30.709,30.912,0,6.698,3.21,2641.219
15003001700,824.572,0,0,0,56.77,136.248,358.462,425.775,110.21,83.3,0,10.942,10.002,4.301,54.291,0,0,12.594,109.247,0,0,1.3,0,0,0,0,3.536,0,93.982,3.317,0,292.249,0,2591.098
15003001801,72.324,0,0,0,39.739,124.894,193.018,729.9,1017.57,106.9,0,183.587,9.523,13.376,71.632,7.9,0,1.819,97.991,0,0,2.437,3.49,0,0.83,0,0.563,0,19.653,0,0,0,0,2697.146
15003001803,83.3,0,13.02,0,68.124,147.602,358.462,1216.5,63.665,0,0,10.437,4.494,5.334,34.261,0,0,2.201,33.387,0,0,0,0.79,4.872,0,0,1.323,0,12.626,0,0,0,0,2060.398
15003001804,10.29,0,0,0,22.708,34.062,110.296,851.55,5.778,21.7,0,9.416,1.391,16.473,49.423,0,0,3.852,8.698,0,0,0,0,2.3,0,0,1.127,0,31.458,0,0,20.149,0,1200.671
15003001901,53.312,0,0,0,0,0,55.148,1885.57,2372,44.1,0,308.735,15.409,42.624,155.57,13.824,0,9.854,347.425,0,0,0,9.5,4.5,0,0,3.124,0.75,24.396,5.885,0,3.406,0,5355.131
15003001903,19.992,0,0,11.16,5.677,0,110.296,1459.8,30.24,0,0,28.154,16.176,33.324,295.213,1.612,0,15.462,42.735,0,0,2.3,7.915,2.2,0,0,7.963,2.58,7.14,0.078,0,0,0,2100.017
15003001904,21.658,0,0,0,0,158.956,193.018,2068.05,52.935,0,0,17.471,17.326,15.833,62.991,0,0,5.567,24.25,3.317,0,0,5.825,0,1.746,0,2.304,0,10.622,0.402,0,3.638,0,2665.909
15003002003,53.41,0,0,0,34.062,45.416,137.87,1277.32,134.089,172.6,0,237.839,50.098,31.773,196.341,15.943,0,9.585,94.237,0,0,2.519,21.48,2.9,0.873,0,1.127,0,19.51,0,0,11.021,0,2550.013
15003002004,16.17,0,0,0,5.677,124.894,165.444,547.425,940.744,0,0,159.023,4.28,12.279,32.624,0,0,1.023,64.467,0,0,2,1.6,0,0,0,0.563,0,2.354,0,0,0,0,2080.567
15003002005,271.95,0,0,26.04,11.354,181.664,137.87,851.55,7.169,9.1,0,20.886,28.843,10.347,31.276,1.059,0,2.842,22.684,0,0,8.8,4.828,0,0,0,2,0,13.696,0,0,0,0,1643.958
15003002006,30.87,5.97,0,29.76,51.093,79.478,137.87,1094.85,78.538,0,0,108.776,7.49,6.319,18.586,0,0,1.819,77.825,0,0,0,1.606,0,0,0,0.7,0,6.634,0,0,0,0,1738.184
15003002100,454.524,0,83.7,234.36,227.08,124.894,220.592,364.95,3.26,102.5,0,64.786,44.204,19.859,86.118,4.28,0,11.263,56.135,0,0,0,6.7,0,0,0,14.104,0,8.204,1.059,0,41.088,0,2173.66
15003002201,55.86,0,68.82,171.12,227.08,113.54,330.888,486.6,0,14.8,0,13.098,4.601,4.199,15.076,0,0,2.6,2.599,0,0,0,3.47,0,0,0,2.263,0.55,15.016,0,0,6.368,0,1538.548
15003002202,46.648,0,9.3,55.8,90.832,34.062,82.722,1034.03,0,29.3,0,14.273,6.442,2.943,31.972,0,0,1.605,1.926,0,0,0,0,0,0,0,7.3,0,9.416,0,0,0.685,3.102,1462.358
15003002300,503.818,0,40.92,223.2,369.005,306.558,330.888,729.9,0,2.8,0,48.54,10.967,37.588,64.713,5.35,0,8.443,24.393,0,0,7.8,2.5,0,0,0,3.45,1.489,24.111,4.708,0,12.872,0,2764.013
15003002401,332.22,0,87.42,241.8,153.279,204.372,165.444,243.3,0,0,0,6.634,0,7.459,11.481,0,0,0.631,12.475,0,0,0,0,0,0,0,5.46,2.82,2.782,0,0,0,0,1477.577
15003002402,280.77,0,50.22,226.92,210.049,204.372,137.87,364.95,0,18.2,0,10.432,18.061,70.396,55.073,19.923,0,5.05,35.693,0,0,0,3.226,1.624,0,0,22.02,3.8,19.888,0,0,4.248,0,1762.785
15003002500,538.02,0,132.06,252.96,255.465,204.372,275.74,364.95,0,30.1,0,46.512,14.808,33.737,62.428,1.284,0,19.919,92.245,0,0,0.7,6.83,8,0,0,1.69,3.449,17.441,0,0,29.639,0,2392.349
15003002600,671.104,0,39.06,167.4,56.77,295.204,413.61,304.125,0,178.3,31.351,158.289,29.306,132.97,184.524,26.001,537.568,138.242,116.436,1.284,0,2.1,9.657,2.6,0,0,13.973,10.7,166.686,0,0,11.385,15.622,3714.267
15003002701,450.506,0,27.9,26.04,79.478,136.248,27.574,121.65,0,1387.7,0,46.096,1.284,39.537,95.487,3.852,0,2.284,35.258,0,0,0,2.477,0,8,0,7.8,7.9,40.327,6.696,0,152.496,967.622,3674.212
15003002702,1397.09,0,96.72,40.92,62.447,227.08,523.906,182.475,11.876,105.1,0,8.267,5.251,12.658,45.284,0,0,3.349,10.548,0,0,1.4,6.538,3.248,0,0,7.688,1.8,278.415,8.56,0,103.576,18.083,3162.28
15003002800,2016.55,0,117.18,48.36,5.677,0,27.574,121.65,0,0,0,4.655,6.334,14.294,32.553,0,0,6.087,0,1.284,0,0,2.026,2.7,0,0,10.465,4.796,6.634,0,0,3.112,0,2431.931
15003002900,1202.85,0,20.46,40.92,107.863,11.354,0,0,6.527,34.4,0,49.358,9.819,6.34,101.664,9.309,0,9.501,20.086,2.123,0,8.4,10.7,1.4,0,0,8.6,7.2,7.704,13.054,0,22.791,8.453,1720.876
15003003000,2817.21,0,42.78,66.96,5.677,0,0,0,0,40.6,24.717,23.156,12.829,26.776,66.049,0,0,12.06,12.241,2.461,0,1.219,7.18,0,0,0,4.326,5.08,69.514,0,0,2.312,0,3243.147
15003003101,2508.02,0,0,44.64,17.031,34.062,0,0,0,0,0,15.294,8.15,2.033,41.184,0,0,6.464,45.704,0,0,0,4.126,0,0,0,5.651,5.091,13.733,0,0,0,0,2751.183
15003003102,2154.24,6.965,46.5,0,0,0,0,0,0,7,2.354,12.173,3.585,22.493,22.884,0,0,3.135,28.603,1.391,0,0,0,0,0,0,3.947,0,6.991,0,0,13.408,0,2335.669
15003003200,664.734,0,0,0,0,0,27.574,0,0,6.3,0,8.007,4.279,0,25.454,0,0,3.125,21.079,0,0,0,4.5,0,0.89,0,0.563,0.58,6.313,0,0,1.926,0,775.324
15003003300,827.316,0,0,0,0,0,0,0,0,3.5,0,15.062,0.984,1.402,8.87,1.284,0,1.536,0,0,0,0,0.826,0,0,0,1.5,2,0,0,0,52.966,0,917.246
15003003403,411.502,21.89,29.76,89.28,198.695,204.372,772.072,973.2,0,0,2.247,9.485,8.881,7.94,46.374,0,0,4.271,4.173,0,0,0,2.386,0,0,0,16.312,0,26.429,0,0,10.839,0,2840.108
15003003404,222.362,0,63.24,96.72,147.602,329.266,496.332,729.9,0,199.5,32.742,5.702,9.137,12.337,20.312,0,0,3.114,17.014,0,0,2,2,0,0,0,2.923,4.52,50.29,0,0,17.676,0,2464.689
15003003405,313.502,0,26.04,7.44,39.739,306.558,441.184,608.25,3.959,0,0,4.695,10.101,4.992,19.897,0,0,1.819,1.547,0,0,0,2.25,0,0,0,1.983,3.888,23.184,0,0,1.712,0,1822.74
15003003406,194.04,0,24.18,111.6,170.31,601.762,716.924,729.9,0,0,0,9.344,21.892,6.26,41.522,0,0,0,24.129,0,0,0,1.651,0,0,0,2.52,3,35.239,28.757,0,10.807,0,2733.837
15003003407,13.328,0,0,0,39.739,11.354,137.87,243.3,0,56,0,1.473,0,293.394,0.963,0,0,2.996,16.692,0,0,0,0,0,0,0,0,0,13.803,5.992,0,2.033,0,838.937
15003003501,196.588,0,0,96.72,34.062,124.894,220.592,486.6,16.3,31.5,0,54.959,15.836,24.765,157.02,5.35,0,111.681,152.989,0,0,0,8.607,0,0,0,5.863,1.74,51.005,6.869,0,14.338,0,1818.278
15003003502,125.244,0,44.64,93,164.633,283.85,220.592,851.55,4.601,32.9,0,286.407,67.378,99.933,273.677,18.083,17.019,65.033,53.03,1.391,0,4.037,10.763,7.748,0,0,18.343,10.549,85.322,53.23,0,10.967,2.354,2906.274
15003003601,281.064,0,53.94,193.44,340.62,295.204,193.018,547.425,0,4.3,0,141.615,57.105,109.949,436.822,5.885,0,37.642,49.743,1.177,0,1.3,9.571,6.7,0,0,6.92,1,75.117,0,0,11.877,10.336,2871.77
15003003603,53.802,0,13.02,0,0,147.602,137.87,1094.85,49.113,0,0,61.857,21.91,23.583,88.435,3.959,0,52.676,136.778,1.284,0,9,8.33,0.4,0,0,2.5,0,12.091,1.498,0,3.81,0,1924.368
15003003604,142.198,0,0,0,0,11.354,110.296,1034.03,0,0,0,226.584,30.302,59.118,390.688,25.038,0,83.256,135.537,1.062,0,0,11.6,0,0,0,12.567,0.75,20.901,11.949,0,12.647,20.116,2339.993
15003003700,219.226,0,0,0,45.416,22.708,220.592,2615.48,19.153,84.2,0,1014.26,283.096,214.858,513.729,20.843,0,184.585,297.453,11.12,0,22.08,82.703,47.058,0.64,0,31.964,3.1,63.944,12.829,0,56.519,0,6087.557
15003003800,104.272,0,13.02,11.16,28.385,11.354,193.018,1520.63,0,167.3,0,568.777,529.942,452.017,555.649,65.912,12.518,66.353,231.221,4.922,0,45.1,151.84,18.724,0,0,82.061,1.85,52.048,153.241,19.366,57.622,3.722,5122.025
15003003900,14.7,0,0,0,11.354,0,27.574,121.65,29.425,269.5,0,129.42,303.237,90.527,1335.44,38.684,0,29.853,130.051,1.284,0,0,80.221,6.724,0,0,33.21,9.858,60.705,1218.48,17.12,28.174,17.227,4004.418
15003004000,46.55,0,0,0,0,11.354,27.574,729.9,83.717,95.9,10.272,282.137,224.101,196.147,3642.1,252.338,462.019,122.092,217.269,4.246,0,12.8,49.933,15.058,5.23,0,45.253,12.608,296.397,439.518,16.906,41.453,169.381,7512.252
15003004100,468.93,0,0,130.2,244.111,249.788,330.888,669.075,2.247,63,2.568,112.438,273.278,48.455,1316.51,18.65,56.175,543.699,29.107,0,0,0,8.976,0,0,0,10.59,0.55,37.883,504.129,1.049,570.203,13.268,5705.767
15003004200,118.286,0,11.16,0,17.031,11.354,82.722,1459.8,5.778,4.9,0,40.447,11.02,26.868,98.461,0,0,33.469,23.85,0,0,0,4.706,0,0,0,1.877,0.5,280.02,0.963,1.926,15.162,0,2250.3
15003004300,1269.59,0,297.6,271.56,130.571,136.248,413.61,243.3,0,16.1,0.024,44.098,14.113,13.846,38.062,3.21,0,5.318,26.803,0,0,0,6.102,3.6,1.001,0,4.881,13.351,29.16,2.354,0,50.29,0,3034.792
15003004400,2662.37,0,81.84,40.92,0,11.354,0,0,1.63,3.5,0,13.775,19.828,15.52,30.439,0,0,2.081,13.774,0,0,3.3,5.226,0,0,0,6.996,3.09,6.848,0,0,15.728,0,2938.219
15003004500,2753.51,0,55.8,33.48,0,22.708,82.722,547.425,4.601,42,90.177,11.537,13.173,28.548,83.46,0,0,9.416,33.726,1.284,0,1.218,4.6,1.5,0,0,10.009,4.706,400.969,3.595,0,5.585,0,4245.75
15003004600,2310.74,0,20.46,11.16,11.354,0,0,0,0,93.8,53.5,27.119,7.57,14.258,36.686,0,13.161,5.28,26.15,0,0,0,1.651,0,0,0,6.635,8.822,118.979,0.479,0,4.634,0,2772.438
15003004700,2825.63,8.955,42.78,0,0,11.354,0,0,0,21.7,2.247,9.942,10.463,9.582,55.572,1.605,729.206,82.559,18.084,3.531,0,0,6.725,0.5,0,0,9.08,3.349,22.498,0,5.136,11.662,0,3892.16
15003004800,2390.91,7.96,93,93,85.155,22.708,55.148,0,0,471.8,29.96,88.597,5.492,37.293,158.702,15.464,0,2.648,102.857,0,0,1.4,12.806,0,0,0,3.698,0.004,16.478,34.24,0,50.643,0,3779.962
15003004900,895.524,9.95,40.92,22.32,39.739,79.478,110.296,60.825,0,92.4,25.68,23.476,12.121,17.105,24.139,0,0,47.198,12.733,0,0,3.1,3,0,0,0,3.24,0,40.732,0,0,28.248,0,1592.224
15003005000,861.126,0,61.38,171.12,175.987,193.018,137.87,182.475,1.605,248.5,60.99,20.257,14.338,30.742,37.23,16.05,119.84,149.971,42.999,1.284,0,0,8.411,10.1,0,0,7.66,0,51.375,11.982,0,22.042,0,2638.352
15003005100,32.536,0,20.46,0,0,0,110.296,1155.68,0,0,0,32.15,9.919,42.169,245.768,0,0,6.389,54.881,0,0,0,2.1,0,0,0,2.191,0.89,4.815,0,0,4.205,0,1724.449
15003005200,24.206,0,16.74,7.44,11.354,136.248,303.314,851.55,7.597,210,0,166.362,31.993,59.117,322.111,63.13,0,18.265,116.823,0,0,0,32.881,1,0,0,61.722,2.199,27.928,0,0,3.06,0,2475.04
15003005300,30.87,0,11.16,29.76,113.54,340.62,275.74,486.6,0,28,0,11.984,9.951,154.551,19.613,41.088,0,4.387,11.021,0,0,0,2.6,0.38,0,0,2.39,0,13.161,0,0,15.622,0,1603.038
15003005400,0,9.95,0,26.04,124.894,136.248,27.574,0,0,0,0,9.202,2.354,2.836,0.674,0,0,0,3.21,0,0,0,0,0,0,0,0,0,9.844,0,0,0,0,352.826
15003005500,379.064,0,22.32,22.32,17.031,79.478,193.018,0,0,0,4.173,12.23,1.177,277.772,18.46,5.671,0,35.566,3.073,0,0,0,0,0,0,0,28.173,3.747,26.643,0,0,8.988,0,1138.904
15003005600,1147.38,0,29.76,226.92,51.093,193.018,82.722,364.95,0,18.9,2.461,54.898,161.991,15.108,149.501,10.701,0,14.337,178.776,1.284,0,0.74,2.926,0.002,0,0,15.149,1.53,91.299,52.43,12.305,36.755,0,2916.935
15003005700,98.98,0,31.62,37.2,11.354,79.478,165.444,364.95,7.383,234.3,8.453,605.202,1745.95,330.101,902.46,23.594,0,102.734,230.652,17.762,0,147.043,340.836,224.838,2.7,0,631.411,8.709,117.037,81.9,1.265,32.272,24.717,6610.345
15003005800,103.194,0,35.34,11.16,244.111,113.54,248.166,121.65,0,0,0,86.378,296.476,28.719,120.225,11.128,7.226,34.807,38.093,0,0,0,59.6,5,0,0,17.753,2,22.613,1.498,0,19.795,0,1628.472
15003005900,135.044,0,81.84,215.76,147.602,45.416,0,0,1.63,146.1,0,505.176,1399.47,423.603,816.265,0.403,0,38.52,43.175,0,0,285.037,258.101,221.472,0,0,557.876,19.649,32.832,3.69,0,16.8,0,5395.461
15003006000,1036.74,0,98.58,148.8,90.832,136.248,110.296,60.825,0,12.6,0,171.373,275.621,107.263,645.011,27.916,0,44.469,33.033,0,0,23.5,24.579,181.6,0,0,104.813,4.95,20.715,0,0,10.197,0,3369.961
15003006100,1241.95,0,93,33.48,22.708,0,27.574,0,0,21.7,1.391,26.624,4.51,43.399,130.54,9.737,0,21.463,33.821,0,0,0,3.36,2.621,0,0,5.869,0,2.432,0,0,0.728,0,1726.907
15003006201,1241.27,20.895,93,44.64,107.863,90.832,0,243.3,0,47.6,0,17.828,14.505,28.697,24.928,7.383,0,3.889,10.044,0,0,0.677,4.327,0,0,0,12.16,0.96,18.19,0,0,15.516,0,2048.504
15003006202,49.686,0,24.18,33.48,28.385,22.708,0,182.475,0,0,0,23.584,0.85,11.91,1.391,0,0,6.42,0.535,0,0,1.76,0,0,0,0,0,0,1.427,0,0,7.726,0,396.517
15003006301,1256.07,0,117.18,29.76,0,0,0,0,0,70,3.103,0,4.001,9.845,4.35,0,0,2.354,6.955,0,0,0,0,0,0,0,5.16,1.499,15.872,2.675,0,0,0,1528.824
15003006302,303.212,0,0,70.68,204.372,11.354,0,0,0,73.5,10.593,0,5.023,0,0.706,0,0,0.845,0,0,0,0,0,0,0,0,3.628,0,15.78,0,0,0,0,699.693
15003006401,666.596,0,44.64,0,0,0,0,0,0,16.8,0,11.722,0.074,2.529,33.559,1.442,0,0.134,11.597,0,0,0,1.083,0,0,0,5.149,0.103,10.272,0,0,0,0,805.7
15003006402,2118.86,0,135.78,70.68,0,0,55.148,0,0,74.2,0,18.03,5.1,27.397,18.422,0,0,0,2.672,0,0,0,1.662,0,0,0,25.364,6.602,8.169,0,0,10.84,0,2578.927
15003006500,1938.34,0,11.16,7.44,11.354,0,0,0,6.52,18.9,0,10.38,8.382,36.84,23.335,0,0,2.307,2.333,0,0,0,0,2.6,0,0,8.985,2.249,23.168,0,0,3.103,0,2117.396
15003006600,92.61,0,20.46,11.16,28.385,0,0,0,9.78,160.8,0,19.69,3.015,9.347,45.075,1.391,0,0,16.264,0,0,2.201,0,0,0,0,0,0,0,60.198,0,5.386,1.713,487.475
15003006701,3207.54,0,0,55.8,85.155,0,0,0,0,186.5,4.494,13.765,18.839,9.043,56.822,0,49.969,4.759,17.226,0,0,0.6,5.725,0,0,0,14.136,7.449,35.631,39.932,0,12.091,0,3825.476
15003006702,84.966,13.93,5.58,81.84,164.633,147.602,165.444,121.65,0,0,0,1.605,1.605,0.877,9.473,0,0,2.29,2.033,0,0,0,0,0,0,0,0,0,1.427,3.722,0,11.342,0,820.019
15003006802,2478.32,0,98.58,63.24,17.031,11.354,0,0,0,81.9,3.478,5.513,5.988,2.386,16.517,0,0,2.375,4.198,0,0,0,0,0,0,0,14.679,0.83,1.426,108.391,0,3.723,0,2919.929
15003006804,836.332,0,27.9,167.4,28.385,22.708,0,0,0,0,0,13.482,0,24.075,8.708,0,82.497,2.047,6.741,1.284,0,0,0,0,0,0,1.126,0,4.279,0,0,6.634,0,1233.598
15003006805,1047.13,18.905,18.6,26.04,17.031,56.77,496.332,1034.03,0,33.6,0,33.252,11.77,11.877,52.056,0,0,1.819,16.316,0,0,0,1.3,0,0,0,22.66,1.7,3.488,0,0,2.065,0,2906.741
15003006806,1052.03,0,0,0,0,0,0,0,0,9.8,0,34.668,2.771,0.717,18.442,4.494,0,0.578,8.132,0,0,0,0,0,0,0,14.263,0.87,3.852,0,0,0.568,0,1151.185
15003006808,194.922,0,52.08,18.6,11.354,22.708,441.184,1034.03,0,0,0,5.89,4.045,2.675,15.847,0,0,2.652,5.916,0,0,1.3,1.2,16.239,0,0,7.64,0,11.545,0,0,0,0,1849.827
15003006809,41.65,0,5.58,22.32,130.571,113.54,386.036,973.2,0,0,0,5.918,5.68,8.934,18.287,0,0,0,19.069,0,0,0,0,0,0,0,6.013,0,14.944,0,0,17.334,0,1769.076
15003006900,1345.93,0,70.68,66.96,5.677,0,0,0,0,0,0,26.215,0,0.878,0.653,0,0,0.511,0,0,0,0,0,0,0,0,1.1,0,16.799,0,0,0,0,1535.403
15003007000,1858.47,0,81.84,63.24,45.416,11.354,0,0,0,0,0,15.816,5.497,14.994,17.917,2.996,0,5.583,21.774,0,0,2.1,1.652,0,0,0,1.691,0,43.442,30.366,0,42.191,0,2266.339
15003007100,641.41,0,40.92,174.84,96.509,0,0,0,0,72.1,0,2.806,0,4.387,1.186,0,0,0.797,0.52,0,0,0,0.028,0,0,0,0,0,22.043,0,0,35.718,0,1093.264
15003007302,1685.21,0,85.56,208.32,227.08,0,0,0,0,0,0,1.363,2.432,3.309,0.726,16.638,0,0.466,0,0,0,0,0.002,0,0,0,0,0,10.379,0,0,1.057,1.556,2244.098
15003007303,44.982,0,0,0,0,0,0,0,0,269.6,0,0.848,0.243,0.329,7.471,1.659,0,0.541,0,0,0,0,0.797,0,0,0,0,0,1.035,29.105,0,12.081,0.156,368.847
15003007400,1031.94,0,11.16,0,5.677,0,0,121.65,0,921.8,0,91.113,161.838,21.442,34.762,12.797,0,0,60.134,0,0,1.5,10.626,21.3,0,0,21.9,0,2.461,37.13,0,0,0,2569.23
15003007502,184.338,0,0,0,0,0,0,0,1.819,200.7,0,86.841,233.837,16.371,72.946,0,0,0,5.318,0,0,28.5,65.001,132.6,5.238,0,107.021,13.841,1.284,4.02,0,0,0,1159.675
15003007503,2727.83,0,63.24,40.92,34.062,11.354,0,0,0,28.7,0,293.173,376.841,83.118,195.557,2.014,14.659,6.473,54.833,0,0,34.1,52.09,70.4,0,0,135.341,26.599,14.588,27.373,0,25.466,0,4318.73
15003007504,500.192,7.96,40.92,93,136.248,56.77,27.574,60.825,0,0,0,2.675,2.782,6.891,15.27,0,0,1.07,0,0,0,0,0,0,0,0,4.49,0.89,1.819,0,0,0,0,959.3759
15003007505,1991.16,0,22.32,137.64,170.31,215.726,0,0,0,68.6,2.996,36.36,10.623,11.25,34.023,0.806,0,7.04,50.393,0,0,1.219,6.526,0,0,0,20.826,1.899,8.094,0,0,4.541,0,2802.352
15003007506,198.254,0,14.88,89.28,28.385,22.708,55.148,0,0,0,0,1.455,0,1.386,0.578,0,0,0,0,0,0,0,0,0,0,0,0,0,1.41,0,0,0,0,413.484
15003007701,1840.15,7.96,0,26.04,22.708,0,0,60.825,0,7.7,3.638,48.981,8.021,73.874,152.94,4.516,0,67.79,74.685,1.604,0,0,2.4,0,0.82,0,12.31,4,26.001,1.605,0,10.412,11.877,2470.857
15003007702,3092.88,0,7.44,26.04,0,0,0,0,10.7,5.6,4.173,207.771,36.497,19.259,40.606,6.527,19.153,134.338,30.957,15.622,0,1.2,30.18,5.8,0,0,13.131,9.7,16.351,7.265,0,20,0,3761.19
15003007804,1128.37,0,0,0,0,0,0,0,0,0,1.739,2.039,3.317,6.61,3.513,0,0,0,3.852,0,0,0.004,0,0.004,0,0,6.366,0,3.852,0,0,0.003,0,1159.669
15003007805,1625.23,0,33.48,182.28,391.713,56.77,0,0,0,16.1,0,12.978,7.639,12.669,23.936,0,0,2.6,25.252,0,0,1.3,1.6,0,0,0,11.127,0,13.589,0,0,0.685,0,2418.948
15003007807,239.12,0,0,70.68,181.664,79.478,137.87,1763.92,0,0,0,17.122,5.553,2.27,18.722,0,0,0,0.641,0,0,0,1.231,0,0,0,2.639,0,9.329,0,0,0,0,2530.239
15003007808,503.132,0,0,66.96,158.956,68.124,275.74,121.65,39.483,23.8,0,328.801,168.183,113.537,215.986,20.758,0,63.965,124.591,13.482,0,12.3,17.95,0,0,0,21.758,5.9,15.836,6.913,0,7.051,0,2394.856
15003007809,1965.39,0,11.16,22.32,68.124,45.416,0,0,0,0,0,8.485,18.725,2.82,12.528,0,0,4.173,8.835,0,0,0,2.9,0,0,0,10.28,4.9,0,0,0,0,0,2186.056
15003007810,3305.34,0,20.46,159.96,56.77,11.354,0,0,0,5.1,15.643,35.547,10.486,31.585,52.003,3.531,0,31.433,12.825,0,0,1.296,1.651,16.796,0,0,8.584,2.249,15.765,37.64,0,12.219,0,3848.237
15003007811,2085.44,0,72.54,204.6,113.54,34.062,27.574,182.475,0,4.2,0,6.035,15.076,2.568,22.133,0,0,28.804,4.051,0,0,0,0,0,0,0,12.233,4.7,0,0,0,0,0,2820.031
15003008001,408.758,0,14.88,37.2,22.708,22.708,110.296,121.65,0,102.9,40.66,97.65,9.844,51.645,31.218,1.712,0,29.306,24.931,0,0,0,5.361,0,0,0,8.06,12.905,34.348,18.168,0,2.847,2.481,1212.236
15003008002,1225.2,8.955,81.84,0,34.062,0,27.574,0,0,147.2,0,105.596,203.514,36.358,111.775,50.611,0,32.313,55.625,0,0,4.4,11.5,3.1,0,1.1,17.33,14.948,18.261,2.14,0,0.889,0,2194.291
15003008003,1081.33,0,40.92,126.48,119.217,56.77,110.296,486.6,0,11.2,7.276,133.208,10.7,15.543,25.966,0,0,2.6,20.865,21.507,0,0,1.4,2.3,0,0,6,1.48,0,13.268,0,5.243,0,2300.169
15003008005,3776.14,13.93,0,11.16,0,0,0,0,0,4.9,0,111.121,28.049,36.964,109.124,0,0,9.732,23.051,0,0,7.386,6.19,0,1.5,0,38.687,4,17.013,36.166,0,1.456,0,4236.569
15003008006,2675.69,0,18.6,29.76,5.677,0,0,0,0,31.5,1.284,43.678,244.453,53.908,86.51,0,0,2.545,15.609,0,0,25.601,18.779,22,0,0,109.05,94.08,15.087,11.984,0,37.021,0,3542.816
15003008007,3070.44,6.965,0,0,0,0,0,0,0,9.8,0.086,26.416,13.675,21.507,23.396,0,0,1.047,15.503,0,0,0,0,0,0,0,10.477,0.78,14.552,52.985,0,10.238,2.782,3280.649
15003008301,1880.91,0,126.48,159.96,0,0,0,0,0,0,0,8.748,3.502,22.9,6.967,0,0,6.816,2.124,0,0,0,1,0,0,0,8.907,1.299,5.07,15.515,0,0.278,0,2250.476
15003008302,1783.5,0.995,52.08,66.96,187.341,34.062,0,0,0,23.8,0.87,7.497,9.042,3.162,11.209,0,0,0.663,1.04,0,0,0,2.6,0,0,0,10.068,0,6.527,42.639,0,8.774,0,2252.83
15003008402,3284.96,0,11.16,22.32,39.739,68.124,0,0,14.192,51.1,0,17.505,15.772,10.018,33.515,0,0,7.543,46.29,0,0,1.219,2.59,0,0,0,29.627,7.3,23.683,1.027,0,13.621,0,3701.305
15003008405,2158.06,0,44.64,11.16,22.708,0,0,0,0,0,0,1.979,3.453,5.568,6.153,0,0,0,0,0,0,73.123,0,0,0,0,1.213,0,1.457,0,0,14.98,0,2344.494
15003008406,3092.78,0,0,0,0,0,0,0,0,0,0,0,0,0.218,0,0,0,0,0,0,0,0,0,0,0,0,0,0,0,0,0,0.29,0,3093.288
15003008407,1597.6,0,0,137.64,96.509,11.354,0,0,0,0,0,10.342,0.003,5.94,13.118,6.955,0,8.025,28.655,0,0,0,0,0,0,0,0.89,2.073,5.778,13.268,0,3.103,0,1941.253
15003008408,2143.16,0,0,63.24,312.235,0,55.148,0,0,5.6,0,4.951,0.764,1.015,0,0,0,0,22.666,0,0,0,0,0,0,0,1.509,0.63,0,0,0,0,0,2610.917
15003008410,1308.99,0,0,0,0,0,0,0,0,0,0,2.42,2.282,0.114,3.885,0,0,0,4.222,0,0,1.2,0,1.799,0,0,1.83,0.117,0,0,0,0,0,1326.859
15003008411,1087.41,0,14.88,66.96,215.726,181.664,0,0,0,0,0,2.739,0,7.566,10.917,0,0,0.694,14.67,0,0,0,0,0,0,0,3.391,0,0,0,0,0.379,0,1606.996
15003008412,1445.89,0,24.18,316.2,919.674,158.956,0,0,0,0,0,1.849,1.005,6.136,18.368,0,0,0.344,5.82,0,0,0,1.652,0,0,0,2.67,0,3.853,0,0,1.076,0,2907.673
15003008502,316.54,0,55.8,159.96,68.124,0,0,0,0,445.5,0,0,128.143,4.998,121.327,0,0,0.512,2.568,0,0,2.437,0,3.248,0,0,0,0,1.284,14.765,0,0,0,1325.206
15003008606,3794.76,0,0,130.2,266.819,22.708,0,0,0,0,0,10.467,4.386,11.577,27.723,0,29.883,17.812,16.725,0,0,0,0.826,4.06,0,0,10.413,3.15,7.04,0,0,1.498,0,4360.047
15003008609,714.616,0,0,7.44,244.111,22.708,0,0,0,9.8,0,1.049,0,0,7.544,0,0,0,0,0,0,0,0,0,0,0,0,0,2.89,0,0,0,0,1010.158
15003008610,619.458,0,57.66,234.36,193.018,0,0,121.65,179.031,0,0,5.016,1.819,0,6.292,0,0,0.512,32.528,0,0,0,0,0.812,0,0,2.4,0,0,0,0,0,0,1454.556
15003008611,32.928,0,20.46,0,0,0,0,0,0,0,0,2.424,4.064,2.116,4.178,0,0,0,2.668,0,0,0,0,8.441,0,0,5.956,0,2.1,0,0,0,0,85.335
15003008612,2487.63,0,39.06,66.96,232.757,238.434,0,0,0,0,0,4.63,3.597,10.144,10.283,0,0,2.585,0.405,0,0,1.219,4,0.626,0,0,7.02,1.683,1.966,0,0,0,0,3112.999
15003008613,322.126,0,40.92,29.76,0,0,0,0,0,2.8,0,0.512,0,0.362,1.399,0,0,0.09,0,0,0,0,0,0.933,0,0,5.162,0.037,0,0,0,0,0,404.101
15003008614,3080.63,0,115.32,156.24,334.943,193.018,27.574,60.825,0,61.6,0,64.278,15.547,14.121,40.502,0,208.191,38.476,7.404,0,0,3.719,3.1,0,1.6,0,29.469,8.449,7.085,1.177,0,14.659,0,4487.928
15003008617,3637.37,12.935,9.3,78.12,102.186,147.602,0,0,1.605,4.6,0,20.639,5.327,46.93,49.598,5.671,0,4.275,14.571,0,0,30.468,3.16,3.924,0,0,19.644,5.64,30.638,23.903,0,10.518,0,4268.624
15003008622,1956.96,0,0,11.16,0,0,0,0,0,8.4,0,36.262,13.738,15.226,7.258,0,0,12.701,18.029,0,0,0,5.599,3.6,0,0,11.351,1.2,11.806,1.605,0,0.888,0,2115.783
15003008701,2947.06,0,11.16,159.96,17.031,79.478,0,0,0,119.3,1.926,3.09,2.418,11.839,9.571,0,0,0.781,2.08,0,0,0,0.826,0,0,0,7.901,3.349,11.235,29.532,0,2.996,66.768,3488.302
15003008702,1060.65,8.955,33.48,111.6,193.018,45.416,55.148,364.95,4.601,50.8,3.424,88.586,41.944,69.935,65.868,8.474,0,53.935,28.305,0,0,0,16.881,0,0,3,21.42,9.447,49.523,10.272,0,2.675,0,2402.307
15003008703,1196.87,0,13.02,29.76,386.036,170.31,137.87,60.825,0,49.7,0,124.472,438.529,94.278,92.285,0,0,2.033,17.206,0,0,57.913,82.652,51.3,8,0,206.903,7.29,33.17,16.05,0,0,0,3276.472
15003008800,2915.89,0,5.58,18.6,22.708,0,0,60.825,0,172.2,0,21.496,78.645,12.197,20.726,0,0,0,0.695,0,0,15,1.652,10.5,0,0,11.307,0.75,23.754,0,0,0.888,0,3393.413
15003008906,1575.25,0,0,171.12,187.341,90.832,0,0,0,0,0,13.953,16.157,6.259,17.978,0,0,1.851,11.449,0,0,0,0,0,0,0,6.443,1.5,17.976,0,0,0,0,2118.109
15003008907,1397.19,0,11.16,85.56,175.987,68.124,82.722,60.825,0,0,0,92.159,12.234,24.332,37.774,20.972,8.025,19.185,87.365,1.284,0,1.4,0,0,0,0,7.577,1.8,19.367,0,0,0.568,3.745,2219.355
15003008908,3198.92,0,0,145.08,0,11.354,0,0,0,0,0,35.642,14.081,15.515,34.75,3.317,0,5.867,6.206,0,0,4.5,7.102,0,0,0,18.233,5.66,3.888,0,0,13.803,0,3523.918
15003008909,1372.29,0,40.92,372,51.093,22.708,27.574,0,2.996,0,0,7.427,2.097,4.173,21.091,0,0,0.963,2.51,0,0,2.9,4.128,2.4,0,0,8.609,4.849,0,0,0,2.033,0,1952.761
15003008912,906.794,0,13.02,0,0,0,0,0,0,84,1.739,18.19,7.015,50.857,30.668,0,2.568,8.025,11.128,0,0,0,2.96,0,0,0,9.472,0,22.042,22.577,0,0.888,0,1191.943
15003008913,1592.01,0,0,0,0,0,0,0,0,49,0,3.585,0,4.034,16.653,0.674,0,2.461,0,0,0,0,0,0,0,0,7.39,2.31,6.527,21.721,0,0,0,1706.365
15003008914,313.208,0,27.9,323.64,102.186,90.832,248.166,182.475,0,109.2,1.926,173.606,74.793,37.985,54.272,17.12,0,24.01,46.759,5.992,0,2.1,7.051,5,0,0,11.014,1.8,13.839,14.618,1.712,12.839,0,1904.043
15003008915,1357.3,0,5.58,0,124.894,283.85,248.166,304.125,0,0,0,5.753,6.185,1.83,14.723,0,0,0,3.37,0,0,2.101,0.826,0,0,0,5.1,7.389,30.956,0,0,0,0,2402.148
15003008917,2660.31,0,0,182.28,5.677,0,0,0,0,0,0,84.477,91.119,8.4,22.184,0,16.478,14.491,4.066,0,0,0,3.3,0,0,0,8.346,0,0,0,0,1.744,0,3102.872
15003008918,2521.34,0,18.6,89.28,278.173,11.354,0,0,0,0,0,7.617,10.219,11.93,20.234,0,0,0,9.309,0,0,0,1.9,0,0,0,15.5,0,3.888,0,0,28.034,0,3027.378
15003008920,1390.13,0,13.02,186,334.943,124.894,55.148,0,1.819,5.6,0,287.424,705.569,41.851,55.228,0,0,10.593,137.572,0,0,15.4,20.2,11.6,0,0,135.244,17.4,53.597,0,0,0,0,3603.232
15003008921,1003.62,0,53.94,0,0,0,0,0,0,31.5,0,1.991,0,4.278,1.169,0,0,0,6.527,0,0,0,1.2,0,0,0,4.16,1.28,2.08,0,0,0,0,1111.745
15003008922,2605.13,0,9.3,264.12,794.78,181.664,0,0,0,0,0,275.68,16.745,20.892,11.17,4.601,0,1.023,36.904,1.391,0,1.219,5.502,1.5,0,0,7.661,0,6.741,16.264,0,0,0,4262.288
15003008923,1902.96,0,9.3,200.88,300.881,170.31,27.574,0,4.601,0,0,16.828,30.559,18.182,52.227,3.959,0,11.374,24.054,0,0,3,1.16,0.812,0,0,4.41,0.89,7.49,13.268,0,4.922,0,2809.641
15003008924,3872.96,0,0,0,5.677,0,0,0,0,0,0,148.62,36.865,14.815,24.572,0,17.441,2.046,1.048,0,0,1.219,3.903,0,0,0,19.896,5.101,11.022,0,0,0,0,4165.185
15003008925,2428.05,0,0,111.6,363.328,113.54,0,0,0,0,2.996,69.311,0.744,15.376,21.481,2.782,0,1.079,20.866,1.177,0,0,1.123,3.3,0,0,11.507,0.89,2.675,13.91,0,0.803,0,3186.538
15003008926,363.09,0,0,100.44,102.186,227.08,0,0,0,0,0,14.169,73.446,7.662,22.365,0,0,0,15.622,0,0,0,0,0,0,0,0.646,0,13.64,0,0,5.717,0,946.063
15003008927,1891.79,0,16.74,96.72,488.222,34.062,0,0,0,0,0,6.004,1.16,1.453,10.006,0,0,0,1.665,0,0,0,1.7,0,0,0,9.274,1.39,1.51,0,0,5.163,0,2566.859
15003008928,2154.33,0,0,0,0,0,0,0,0,0,0,2.083,3.786,5.392,13.025,0,0,1.391,0,0,0,0.043,0.002,0,0,0,4.674,0,2.232,0,0,7.63,0,2194.588
15003008929,1049.68,0,33.48,316.2,618.793,158.956,55.148,0,0,0,0,10.459,2.886,0.627,9.676,0,0,0,0.882,0,0,0.019,3.403,0,3.1,0,11.623,1.31,10.811,0,0,0.014,0,2287.067
15003008930,1454.22,7.96,0,29.76,22.708,0,0,0,0,0,0,3.852,2.06,5.96,9.629,0,0,0,2.079,0,0,4.293,2.669,0,0,0,2.877,0.78,5.136,0,0,1.605,0,1555.588
15003008931,1712.26,0,0,0,0,0,0,0,0,28.2,0,0.135,1.195,0.065,16.192,0,0,0,0,0,0,41.946,1.47,1.2,0,0,2.168,0,0.162,0,0,0.554,0,1805.547
15003009000,471.478,0,52.08,104.16,102.186,0,0,0,0,24,0,0,0,0.701,0,0,0,0,0,0,0,0,0,0,0,0,0,0,0,0.24,0,0.568,0,755.413
15003009100,2005.37,0,27.9,22.32,11.354,45.416,27.574,0,0,197.7,0,4.802,0.428,3.836,11.126,1.07,0,0,3.776,0,0,0,0,84.5,0,0,4.4,3.35,11.342,0,0,0,0,2466.264
15003009200,4192.15,0,13.02,44.64,73.801,0,0,0,0,12.6,2.609,14.456,10.484,38.291,42.518,1.177,0,7.704,7.101,0,0,5.538,20.85,0,0,0,30.277,9.4,61.347,72.653,0,73.713,1.819,4736.147
15003009300,1467.94,0,26.04,100.44,158.956,113.54,110.296,60.825,0,89.6,0,159.612,42.241,94.263,56.346,8.453,64.2,29.817,58.058,0,0,2.2,5.326,7.5,0,0,27.928,14.02,38.6,84.657,12.733,10.038,0,2843.629
15003009400,1513.22,0,76.26,63.24,158.956,124.894,137.87,304.125,0,16.1,0,250.852,14.113,32.512,32.606,1.926,0,40.981,11.583,0,0,0,1.651,0,0,0,18.609,3.449,17.869,0,0,0,0,2820.816
15003009501,1148.07,0,145.08,252.96,62.447,11.354,27.574,0,0,98.4,0,0,0,8.411,0,0,0,0,41.623,0,0,0,0,0,0,0,0,0,0,0,0,0,0,1795.919
15003009502,892.29,0,93,342.24,73.801,34.062,0,0,0,0,0,2.246,0,0.701,0,0,0,0,0,0,0,0,0,0,0,0,0,0,0,0,0,0,0,1438.34
15003009503,398.174,0,0,0,0,0,0,0,0,2017.6,0,0,0,8.56,0.953,0,0,0,0,0,0,0,0,0,0,0,0,0,0,0,0,12.091,0,2437.378
15003009504,480.396,0,31.62,22.32,73.801,0,0,0,0,0,0,0,0,0.7,0,0,0,0,0,0,0,0,0,0,0,0,0,0,0,0,0,0,0,608.837
15003009507,202.86,0,13.02,401.76,73.801,124.894,0,0,0,736.8,0,0,0,0,0,0,0,0,0,0,0,0,0,0,0,0,0,0,0,0,0,11.877,0,1565.012
15003009603,4294.75,0,163.68,52.08,0,0,0,0,0,358.4,0,24.61,13.224,26.848,25.464,0,0,25.587,2.033,0,0,6.3,0,1.624,0,0,16.48,2.66,45.44,0,0,5.457,0,5064.637
15003009608,1911.1,0,189.72,0,5.677,0,0,0,4.601,61.6,0,18.429,179.225,22.004,44.154,0,0,4.21,21.058,0,0,6.419,1.3,3.612,0,0,16.814,58.775,38.256,22.06,0,4.205,0,2613.219
15003009701,1338.58,0,94.86,111.6,79.478,79.478,55.148,425.775,0,345.8,0,62.528,10.926,18.885,14.801,0,3.21,4.708,19.749,0,0,3.719,0,0,0,0,3.49,332.8,84.958,85.108,0,3.21,0,3178.811
15003009703,2597.2,0,68.82,11.16,0,0,0,0,0.91,14.7,32.1,49.993,2.919,22.844,30.361,8.239,0,38.231,17.184,0,0,4.7,0,0,0,0,10.221,8.656,12.412,27.652,0,1.947,2.889,2963.138
15003009704,1132.88,0,5.58,0,39.739,0,0,0,0,135.8,0,15.341,5.261,1.498,6.297,0,19.795,0,6.266,0,0,0,0,0,0,0,8.439,20.145,11.496,0.744,0,2.782,0,1412.063
15003009801,403.27,0,7.44,186,119.217,204.372,82.722,486.6,0,204.4,0,5.288,0,4.473,25.306,0,6.741,1.804,0,0,0,7.5,4.34,0,0,0,8.15,0,16.229,0,0,5.564,0,1779.416
15003009802,1894.83,0,275.28,0,0,0,0,243.3,0,112,8.56,7.239,4.922,24.956,31.743,0,0,8.313,24.503,0,0,1.2,1.2,0,0,0,12.489,58.196,15.408,0,0,5.885,0,2730.024
15003009902,1990.09,0,26.04,3.72,5.677,11.354,27.574,0,0,39.9,0,96.45,21.015,28.253,32.617,10.486,0,4.708,34.754,0,0,0,5.5,12,2.4,0,13.53,2.999,31.922,3.115,0,24.396,0,2428.5
15003009904,3005.27,0,87.42,74.4,5.677,79.478,165.444,60.825,0,270,2.247,74.638,13.599,29.48,40.778,1.605,0,8.271,44.787,0,0,8.175,13.526,1.624,0,0,18.48,14.83,29.746,0,0,15.143,0,4065.443
15003010000,1336.23,0,100.44,279,28.385,22.708,27.574,0,0,113,0,18.94,27.819,22.406,14.639,1.07,0,0,8.53,0,0,1.2,1.2,0,0,0,3.904,9.75,10.165,0.479,0,0.568,0.62,2028.627
15003010100,4046.71,19.9,191.58,182.28,147.602,68.124,0,0,64.571,23.1,11.984,78.007,362.851,28.313,84.067,6.42,85.065,13.589,135.653,0,0,9.793,16.716,2.436,0,0,50.464,27.919,10.264,37.176,0,25.787,0,5730.37
15003010201,2769.77,0,18.6,63.24,34.062,22.708,27.574,243.3,0,245.7,0,27.713,7.574,13.648,22.122,0,0,0,14.43,0,0,1.3,4.1,0,0,0,11.077,7.239,20.901,1.677,0,15.836,0,3572.571
15003010202,2372.97,0,104.16,78.12,11.354,0,0,0,14.98,746.8,0,57.407,38.905,27.784,38.237,6.099,0,8.047,91.562,9.095,0,1.4,2.596,2.4,0,0,32.314,9.6,28.676,1.483,0,8.667,108.712,3801.368
15003010303,2415.41,6.965,40.92,11.16,0,0,0,0,0,0,0,36.998,26.097,13.835,63.589,0,0,2.097,12.824,0,0,8.9,2.1,5.424,0,0,26.973,52.989,10.272,12.626,0,0,0,2749.179
15003010305,2767.72,0,27.9,48.36,17.031,0,0,0,2.675,39.2,5.457,16.581,58.798,3.879,29.953,0,0,0.512,8.775,0,0,0,3.8,0,0,0,13.8,2.11,2.461,0,0,1.712,0,3050.724
15003010306,3006.25,0,9.3,260.4,227.08,22.708,27.574,0,6.42,0,0,16.173,13.138,16.141,30.174,0,0,3.829,12.183,3.185,0,14.99,2,0,0,0,11.113,2.7,4.423,0,0,1.498,0,3691.28
15003010308,1940.2,0,0,0,0,0,0,0,1.605,23.8,4.173,80.861,15.816,64.742,69.643,0,9.636,14.188,61.554,0,0,3.2,16.803,4.9,0,0,30.885,4.638,39.013,10.519,0,20.822,27.392,2444.39
15003010503,757.05,0,61.38,37.2,0,11.354,27.574,0,0,152.6,3.478,48.944,16.918,28.72,23.278,15.859,0.635,31.953,24.969,0,0,0.01,9.206,0,0,0,6.443,3.5,13.321,32.753,0,14.519,19.154,1340.818
15003010504,2280.95,7.96,53.94,29.76,5.677,56.77,27.574,0,0,84,28.89,6.489,1.605,19.731,25.261,0,0,1.819,5.456,0,0,0,0,0,0,0,24.282,4.19,20.972,16.371,0,0.888,4.494,2707.079
15003010505,2095.93,0,0,7.44,0,0,0,0,0,4.9,0,9.806,0,2.707,16.498,0,0,0.642,1.248,0,0,0.9,0.99,1.624,0,0,6.693,1.9,6.634,0,0,12.556,0,2170.468
15003010507,981.274,0,11.16,159.96,187.341,102.186,220.592,425.775,0,1.4,0,223.328,60.451,70.008,95.756,10.591,0,57.756,44.63,0,0,34.59,20.02,30.287,0,0,22.924,2.751,31.447,24.99,0,3.745,0,2822.962
15003010508,971.964,0,42.78,122.76,124.894,0,165.444,60.825,0,0,0,14.241,3.745,2.804,32.802,0,0,1.819,4.005,0,0,5.1,1.4,0,0,0,4.5,1.8,0,0,0,0,18.19,1579.073
15003010601,1768.9,0,0,7.44,28.385,0,55.148,60.825,0,18.2,0,27.371,0,15.74,16.29,0,0,6.377,7.567,0,0,0,4.751,0,0,0,11.16,12.7,0,0,0,6.634,0,2047.488
15003010602,2798.59,24.875,7.44,7.44,45.416,0,0,60.825,0,105.7,49.22,54.26,18.95,47.054,26.784,1.926,0,3.349,50.504,0,0,1.219,11.8,4,0,0,24.29,1.8,19.367,34.018,0,13.329,0,3412.156
15003010701,2184.13,0,0,70.68,130.571,0,0,0,0,0,0,38.926,17.397,10.598,48.274,0,0,11.843,17.741,0,0,8.6,0,0,0,0,16.69,4.261,5.671,0,0,6.099,0,2571.481
15003010702,1843.38,8.955,33.48,7.44,0,45.416,55.148,60.825,0,64.4,28.783,8.346,6.735,3.135,17.287,3.424,0,1.819,4.901,0,0,0,5.7,2.6,0,0,13.357,2.75,7.062,0.203,0,107,0,2332.146
15003010801,629.748,0,53.94,96.72,34.062,0,0,0,0,871.2,0,4.569,0,1.755,7.767,4.601,0,0,19.902,0,0,0,0,0,0,0,0,0.53,0,13.481,0,0,0,1738.275
15003010802,1749.79,0,9.3,416.64,85.155,11.354,0,0,0,1515.2,0,6.526,0,14.22,1.734,0,0,0.512,1.177,0,0,0,0,0,0,0,0,0,0,2.246,0,0,0,3813.854
15003010901,1771.45,0,0,29.76,62.447,0,0,0,0,4.9,0,22.069,21.482,10.844,29.892,5.238,0,2.331,22.975,0,0,8.837,7.526,0,0,0,14.966,16.26,51.683,15.408,0,28.141,1.038,2127.247
15003010903,1774.29,0,55.8,122.76,68.124,90.832,27.574,0,0,12.6,1.739,54.394,15.147,49.055,40.385,3.21,0,7.982,46.546,0,0,0,4.151,6.4,0,0,18.693,5.129,4.762,0,0,0,0,2409.573
15003010904,1935.7,0,11.16,7.44,0,0,0,0,2.889,1.2,0,23.399,16.216,8.185,27.154,0,0,1.772,1.804,0,0,3.9,2.38,0,0,0,11.34,2.17,8.061,0,0,23.735,0,2088.505
15003010905,1194.52,0,27.9,7.44,28.385,22.708,27.574,60.825,0,11.2,0,59.465,19.257,64.618,119.894,0,0,97.755,29.93,0,0,1.3,5.351,0,0,0,17.293,4.58,47.081,4.28,0,6.741,6.42,1864.517
15003011000,2224.31,0,35.34,11.16,0,0,0,0,12.537,126.7,0,38.977,10.107,25.428,55.277,0,160.5,31.674,19.639,0,0,25.4,3.34,0,0,0,73.58,4.479,42.372,40.446,0,33.277,0,2974.543
15003011103,2178.54,0,0,37.2,0,0,0,0,0,0.5,0,48.61,13.292,27.223,31.128,9.416,0,2.889,17.954,1.062,0,1.6,2.951,0,0,0,6.45,9.67,2.854,0.481,0,17.762,0,2409.582
15003011104,2883.85,0,0,29.76,0,0,0,0,7.861,7.7,5.029,7.222,26.038,21.133,48.091,0,0,3.73,18.682,0,0,1.219,11.016,0.812,1.5,0.602,23.124,9.6,13.268,0,0,25.166,0,3145.404
15003011105,867.3,0,0,40.92,56.77,147.602,165.444,425.775,15.943,9.1,0,89.965,41.44,51.906,110.334,14.124,0,13.045,95.583,0,0,7,3.526,2.1,0,0,29.763,5.5,15.073,19.674,0,17.441,2.481,2247.809
15003011106,3313.87,0,7.44,70.68,73.801,0,0,0,0,9.8,0,53.636,18.127,10.599,68.829,0,0,9.355,19.302,0,0,23.2,3.501,1.6,0,0,34.869,10.343,0,2.568,0,15.237,0,3746.757
15003011201,3061.03,0,111.6,0,11.354,0,0,0,26.322,11.2,4.387,29.36,26.826,24.128,113.485,0,0,38.058,35.117,1.605,0,3.7,1.606,1.211,0,0,25.926,6.07,20.084,0,0,21.004,0,3574.073
15003011202,1504.4,0,7.44,0,0,0,0,0,13.4,0,0,11.681,3.145,2.568,28.272,0,0,9.497,45.539,0,0,0,6.78,0,0,1.5,14.264,2,1.391,0,0,2.27,0,1654.147
15003011300,1772.92,11.94,48.36,18.6,102.186,11.354,55.148,0,2.782,18.2,0,54.518,95.812,30.255,49.776,0,0,21.354,20.327,0,0,8.5,2.199,22.1,1.3,0,26.426,1601.47,22.256,28.937,0,18.976,0,4045.696
15003011400,804.678,0,89.28,55.8,0,0,0,0,0,2592.8,0,0,2.033,0,22.89,0,0,0.511,0.234,0,0,0,0,0,0,0,0,0,0.553,25.359,0,10.915,0,3605.053
15003011500,1843.28,61.69,0,33.48,193.018,0,0,0,0,78.4,0,21.357,1.391,23.465,54.806,10.197,6.099,11.342,10.486,0,0,1.5,0,0,0,0,11.36,0.62,20.683,130.679,0,35.952,0,2549.805
15003940001,1766.55,0,16.74,33.48,39.739,0,0,0,4.601,81.2,0,21.376,9.606,13.6,51.491,0,0,0.738,92.922,0,0,12.85,0,0,0.873,0,13.631,11.699,3.424,2.636,0,14.766,0,2191.922
15003940002,2023.6,0,52.08,48.36,164.633,34.062,55.148,0,0,14,0,19.367,2.996,11.989,17.346,3.852,0,1.819,16.641,0,0,0,0,0,0,0,3.944,0.79,38.699,27.285,0,16.083,0,2552.694
15003980000,0,0,0,0,0,0,0,0,0,0,1.296,2.917,4.967,2.181,18.098,0,0,0,3.904,0,0,3.428,1.141,0,0,0,0.529,4.411,4.291,0,0,2.692,0,49.855
15003980200,0,0,0,0,0,0,0,0,0.112,70.4,0,24.478,86.437,6.689,360.265,3.424,0,0.835,123.061,0.006,0,0.033,0.094,0,0,0,2.239,0,5.705,66.982,0,7.362,0,758.122
15003980300,0,0,0,0,0,0,0,0,0,0,0,107.522,2082.74,60.701,447.045,0,0,0,26.108,0,0,533.1,121.7,108.8,0,0,328.96,27.247,0,15.194,0,1.135,0,3860.252
15003980600,0,0,0,0,0,0,0,0,0,0,0,0,0,6.634,9.01,0,0,7.276,12.626,0,0,9.2,0,0,0,0,0,3.4,1.605,16.636,0,18.865,0,85.252
15003980700,0,0,0,0,0,0,0,0,0,0,0,0,9.202,0,1.734,0,0,0,0,0,0,7.4,0,0,0,0,0,0,2.417,0,0,0,0,20.753
15003980800,1.274,0,0,0,0,0,0,0,0,0,0,0,0,0,0.706,0,0,0,14.124,0,0,0,0,0,0,0,0,0,0,0.554,0,0,0,16.658
15003981000,0,0,0,0,0,0,0,0,0,0,0,0,0,0,0,0,0,0,0,0,0,0,0,0,0,0,0,0,0,0,0,0,0,0
15003981100,0,0,0,0,0,0,0,0,0,4.8,0,0,2.033,1.284,0,0,0,0,0,0,0,0,0,0,0,0,0,0,0,0,0,0,0,8.117001
15003981300,0,0,0,0,0,0,0,0,1.63,1.4,0,176.678,1115.65,387.458,432.998,15.33,28.904,3.21,64.378,0,0,153.1,41.031,304.9,35,0,583.551,2.7,13.267,44.822,0,1.07,0,3407.077
15003981400,0,0,0,0,0,0,0,0,123.474,47.6,0,662.794,1192.37,206.883,2217.41,3.253,0,15.194,57.458,3.409,0,18.123,34.106,89.9,1.9,9.1,232.261,4.9,16.24,17.792,4.494,11.877,0,4970.539
15005031900,129.36,0,0,14.88,5.677,0,0,0,0,2.1,0,0,0,0,5.169,0,0,0,5.243,0,0,0,0,0,0,0,0,0,0,7.944,0,0,0,170.373
15007040103,4443.12,15.92,256.68,372,266.819,193.018,165.444,60.825,86.688,89.7,0,93.615,32.62,35.743,255.737,1.4,8.881,20.712,68.925,4.584,0,10.319,5.144,12.286,0,0,66.524,65.351,51.752,1.917,0,40.503,0,6726.227
15007040104,1091.23,3.98,165.54,26.04,0,0,0,0,76.644,11.9,0,36.187,13.982,17.004,103.806,6.198,0,6.414,81.787,0,0,0,3.507,1.712,0,0,22.801,9.235,7.42,0,0,0,0,1685.387
15007040204,3451.17,0,40.92,26.04,0,0,0,0,24.303,25.9,0,32.164,11.012,13.679,52.883,0,0,4.35,5.916,1.284,0,0.628,2.825,0,0,0,56.776,19.828,9.352,5.564,0,3.49,0,3788.083
15007040205,2567.99,0,48.36,63.24,51.093,261.142,55.148,60.825,70.788,0,0,104.434,15.412,78.742,72.667,3.637,0,11.795,77.138,0,0,3.892,4.026,0,0.89,0,28.651,11.491,16.756,22.898,0,2.749,0,3633.764
15007040300,4566.6,0,59.52,133.92,34.062,113.54,220.592,121.65,60.561,98.7,0,186.787,68.793,46.443,95.591,13.482,0,17.975,71.799,4.494,0,16.619,8.016,15.799,0,0,43.63,15.57,32.1,26.509,0,21.219,0,6093.971
15007040400,3196.86,0,254.82,55.8,96.509,317.912,110.296,0,44.726,138.6,5.35,227.013,99.172,73.249,668.993,13.81,0,50.196,94.013,3.852,0,1.5,19.655,25.5,0,0,47.288,22.408,43.872,10.642,0,17.976,27.82,5667.833
15007040500,2837.39,0,22.32,37.2,221.403,68.124,193.018,121.65,24.075,101.9,15.836,471.049,240.598,214.809,335.214,37.225,294.999,102.255,172.559,0,0,20.419,36.152,7.4,0,0,126.335,15.17,87.269,133.032,1.177,23.905,0,5962.482
15007040603,1645.13,0,42.78,70.68,232.757,272.496,110.296,60.825,219.08,5.6,0,85.524,14.849,11.203,78.489,0,0,9.062,78.218,0,0,8.6,4.899,0,0,0,14.757,2.9,33.17,0.239,0,0.568,0,3002.122
15007040604,1832.5,0,33.48,59.52,56.77,0,55.148,121.65,72.225,59.5,0,35.567,12.174,24.301,51.803,1.177,0,7.383,27.087,0,0,5.9,1.499,1.5,0,0,30.273,7.919,17.144,0,0,0,0,2514.52
15007040700,4692.83,0,163.68,111.6,11.354,0,0,0,24.932,0,0,108.291,40.129,24.625,87.609,2.889,0,17.718,37.358,0,0,25.356,11.402,12.4,0,0,86.523,36.57,40.553,3.049,0,29.853,0,5568.721
15007040800,2150.51,15.92,0,7.44,11.354,22.708,0,0,1.712,38.5,0,60.804,19.26,30.977,31.988,5.029,0,13.375,57.192,0,0,4.9,0,0,0,0,10.397,11.1,31.745,6.579,0,2.996,0,2534.486
15007040900,3377.86,33.83,46.5,70.68,51.093,45.416,0,0,15.408,48.3,52.171,41.064,7.8,26.399,78.292,6.748,28.676,3.816,27.149,0,0,3,2.651,0,0,0,14.02,41.725,21.542,42.795,21.505,55.619,0,4164.059
15007041200,0,0,0,0,0,0,0,0,0,0,0,0,0,0,0,0,0,0,0,0,0,0,0,0,0,0,0,0,0,0,0,0,0,0
15007940000,2164.13,14.925,68.82,29.76,5.677,0,27.574,0,37.308,6.3,0,40.339,11.074,15.494,19.08,0,0,8.683,18.404,0,0,0,2.651,7,0,0,25.292,7.781,19.618,0.72,0,0,0,2530.63
15009030100,1922.86,0,33.48,29.76,0,0,0,0,79.608,0,0,86.179,44.105,32.582,37.651,1.498,0,0,43.463,0,0,0,10.1,0,0,0,9.119,19.76,12.519,1.678,0,1.135,0,2365.497
15009030201,1641.79,0,79.98,22.32,0,0,0,0,34.257,0,0,27.302,25.816,12.272,26.027,0,0,3.596,9.122,2.247,0,1.035,7.621,2,0,0,31.639,15.349,2.714,0,0,0,0,1945.087
15009030202,4836.4,0,243.66,22.32,0,0,0,0,12.413,0,0,108.756,84.533,36.451,85.071,0,0,6.601,43.306,1.391,0,21.584,112.403,8.6,0,0,58.171,33.809,21.611,0,0,23.754,0,5760.834
15009030301,6239.56,0,93,18.6,39.739,11.354,27.574,0,12.044,7,0,98.172,53.513,57.511,143.862,0,0,22.626,70.104,0,0,15.032,11.707,13.124,0,1.807,47.852,850.206,74.012,16.743,0,36.38,0,7961.523
15009030303,3608.46,0,212.04,360.84,493.899,306.558,27.574,182.475,701.803,11.9,0,155.016,21.656,31.095,115.059,0,0,21.137,88.026,1.062,0,6.988,22.515,0,0,0,34.859,10.849,40.728,0,0,0,0,6454.54
15009030402,5014.46,15.92,130.2,174.84,0,11.354,27.574,0,6.52,0,0,53.427,25.515,37.585,106.146,9.63,0,34.758,43.73,0,0,14.656,10.229,4.06,0,0,41.218,17.469,23.753,0,0,12.455,0,5815.499
15009030403,2118.86,0,87.42,0,0,0,0,0,6.256,17.5,0,27.518,8.668,20.804,45.173,0,0,9.403,34.316,0,0,3.2,6.841,0,0,0,15.202,32.54,38.235,1.391,0,22.47,0,2495.797
15009030404,3130.41,0,37.2,11.16,0,56.77,27.574,0,8.025,130.2,0,76.938,21.824,44.234,67.879,2.568,0,23.4,55.85,1.062,0,1.219,30.072,8.931,0,1.8,52.476,89.508,17.156,3.312,0,4.729,0,3904.297
15009030501,1405.52,0,117.18,63.24,22.708,0,0,0,16.157,0.7,1.739,90.076,15.836,17.521,46.57,3.745,0,10.476,23.529,0,0,1.7,4.086,1.4,0,0,15.106,8.378,35.168,0,0,25.166,0,1926.001
15009030705,1743.13,0,221.34,7.44,0,0,0,0,9.951,14.7,0,104.889,21.429,64.855,182.579,0,0,10.454,53.858,0,0,19.991,10.688,2.436,0,0,51.884,3.08,3.21,2.756,0,6.073,0,2534.743
15009030706,762.93,0,66.96,11.16,312.235,113.54,55.148,121.65,9.844,0,0,5.633,0,19.666,29.695,0,0,8.57,5.243,0,0,0,5.779,0,0,0,5.4,6.03,6.741,0,0,1.605,0,1547.829
15009030707,2814.66,0,11.16,100.44,539.315,420.098,468.758,729.9,40.339,7.7,0,138.638,26.43,61.782,137.878,23.219,3.317,28.91,107.816,2.247,0,3.001,12.75,4.4,0,0,38.173,11.908,37.878,9.825,0,1.135,0,5781.677
15009030708,1614.45,0,29.76,0,141.925,11.354,55.148,0,20.912,79.8,0,94.991,19.826,22.429,76.499,0,0,4.769,67.101,0,0,22.396,4.086,0,0,0,27.012,5.71,16.134,1.678,0,2.962,0,2318.942
15009030709,995.092,0,344.1,81.84,187.341,431.452,634.202,973.2,130.6,2.8,0,97.006,15.514,31.123,270.371,0,0,23.967,59.953,1.391,0,3.468,11.625,5.101,0,0,28.819,3,20.639,0.381,0,36.868,0,4389.853
15009030710,703.052,0,100.44,171.12,136.248,238.434,496.332,486.6,10.807,35.7,0,5.406,2.182,8.426,34.006,0,0,2.75,16.746,0,0,2.1,2.477,0,0,0,12.463,3.748,1.498,0,0,0,0,2470.535
15009030800,3662.46,1.99,119.04,0,0,0,0,0,0,1.4,0,14.558,20.886,36.813,31.492,0,0,2.047,24.489,0.888,0,2.519,2.541,9.4,0,0,12.977,48.788,25.464,0,0,17.227,0,4034.979
15009030901,1087.31,0,59.52,11.16,39.739,147.602,55.148,60.825,23.54,45.5,0,75.06,24.524,106.38,256.462,12.23,0,136.769,35.702,0,0,2,15.126,14.974,0,0,33.117,7.57,57.459,21.614,0.877,0,3.638,2333.846
15009030902,999.698,0,46.5,119.04,153.279,238.434,27.574,0,0,92.4,0,179.467,443.472,190.981,218.741,4.28,0,15.954,53.411,2.782,0,17.737,8.202,53.7,0,0,62.85,14.489,66.673,6.334,0,13.332,0,3029.33
15009030903,2938.24,12.935,53.94,18.6,11.354,0,55.148,0,3.317,4.9,0,32.046,16.257,14.467,41.444,0,0,0,7.517,0,0,2.7,0,2.8,0,0,13.733,0,8.025,1.059,0,1.617,0,3240.099
15009031000,4776.13,0,50.22,122.76,124.894,215.726,27.574,121.65,13.482,0.8,0,175.304,79.242,119.229,391.046,7.597,9.523,95.419,44.424,0,0,2,11.58,7.27,0,0,31.847,9.468,52.876,130.08,53.286,50.456,1.861,6725.744
15009031101,2532.81,0,104.16,59.52,164.633,136.248,27.574,304.125,0,283.2,0,80.839,16.621,87.782,17.664,0,0,10.195,4.494,0,0,0,14.639,0,0,0,3.67,5.429,29.365,21.673,0,17.013,34.988,3956.642
15009031102,1800.75,0,208.32,111.6,62.447,22.708,0,0,0,340.9,64.2,71.855,21.4,48.798,41.445,0,0,16.05,29.746,0,0,0,3.7,0,0,0,8.2,1.1,22.042,0,0,68.678,0,2943.939
15009031103,3251.05,27.86,59.52,48.36,11.354,56.77,55.148,0,0,11.9,0,7.959,9.904,10.361,14.384,0,0,0.848,19.259,0,0,0,3.287,0,0,0,1.257,0.271,34.192,0.68,0,16.906,0,3641.27
15009031402,1398.36,0,0,48.36,0,22.708,55.148,0,9.523,21,0,78.358,5.35,9.739,157.626,0,0,0,33.217,0,0,1.5,3,2.9,0,0,9.817,1.4,10.272,10.608,0,0.984,0,1879.87
15009031404,672.28,0,96.72,301.32,244.111,158.956,165.444,121.65,137.174,24.3,0,350.799,15.202,43.416,210.694,13.803,0,33.4,198.412,11.227,0,4.7,19.465,0,0,0,19.62,6.84,67.553,0,0,26.75,0,2943.836
15009031405,1563.2,0,176.7,186,22.708,68.124,0,0,1.605,137.2,0,105.12,34.323,34.673,62.778,2.921,0,0,38.829,0,0,7.9,25.228,0,0,0,7.9,56.065,14.268,0,0,35.952,0,2581.494
15009031501,1059.48,1.99,37.2,100.44,266.819,272.496,165.444,182.475,312.177,4.2,0,57.706,9.951,8.903,97.907,0,0,1.926,65.485,0,0,0,1.3,0,0,0,5.06,3,36.808,0,0,0,0,2690.767
15009031502,1458.04,0,156.24,145.08,261.142,283.85,523.906,608.25,107.344,1.4,0,42.625,21.305,21.327,93.162,10.379,18.297,6.479,112.621,0,0,1.219,1.894,0,0,0,17.59,51.836,21.788,0,0,3.531,0,3969.305
15009031503,1211.67,0,9.3,48.36,300.881,45.416,275.74,851.55,680.695,0,0,228.009,79.744,40.632,181.547,0,0,14.476,116.779,0,0,1.9,5.828,2.9,0,0,11.803,2.761,30.186,0,0,1.136,0,4141.313
15009031601,2378.46,0,0,26.04,73.801,0,0,0,58.85,0,4.066,56.802,4.59,25.299,37.627,8.56,0,8.443,25.68,0,0,2,0,1.6,0,0,4.294,8.098,33.456,4.051,7.811,15.301,2.247,2787.076
15009031700,2999.29,7.96,9.3,22.32,34.062,22.708,137.87,0,12.637,0,0,105.866,49.155,56.571,85.046,10.379,30.174,12.897,52.815,0,0,7,2.42,1.2,0,0,23.4,51.374,50.611,33.919,0,40.767,3.103,3862.844
15009031801,1478.82,0,14.88,22.32,158.956,147.602,0,0,26.108,13.3,0,11.235,10.85,24.424,19.101,1.07,0,1.926,49.486,0,0,0,5.2,0,0,0,10.676,119.383,24.075,9.934,0,40.586,0,2189.932
15009031900,2511.15,0,187.86,89.28,45.416,0,27.574,0,10.058,153.3,13.803,932.599,513.782,352.989,558.433,49.434,0,123.457,327.926,2.247,0,66.48,69.476,156.53,3.3,0,218.225,8.77,93.512,57.546,9.416,21.763,0,6604.327
15009032000,538.118,0,11.16,33.48,5.677,34.062,193.018,243.3,12.305,32.9,0,24.075,3.424,0,25.036,0,0,3.852,25.038,0,0,0,0,0,0,0,2.117,0,3.745,0,0,1.048,0,1192.355
15009980000,0,0,0,0,0,0,0,0,0,0,0,0,0,0,0,0,0,0,0,0,0,0,0,0,0,0,0,0,0,0,0,0,0,0

