Tract,RES1F,RES2F,RES3AF,RES3BF,RES3CF,RES3DF,RES3EF,RES3FF,RES4F,RES5F,RES6F,COM1F,COM2F,COM3F,COM4F,COM5F,COM6F,COM7F,COM8F,COM9F,COM10F,IND1F,IND2F,IND3F,IND4F,IND5F,IND6F,AGR1F,REL1F,GOV1F,GOV2F,EDU1F,EDU2F,TotalSqft
16001000100,438.702,0,146.94,312.48,244.111,215.726,330.888,669.075,375.57,392,25.954,641.967,497.92,422.88,2983.1,73.787,558.433,386.6,503.568,24.989,0,19.617,122.622,91.5,1.484,1,162.096,36.302,458.78,1664.42,23.125,77.27,0,11902.91
16001000201,1477.3,0,35.34,148.8,79.478,113.54,0,60.825,3.174,221.9,19.367,12.331,10.171,22.519,57.309,0,4.28,168.323,6.691,0,0,1.154,2.078,0,0,0,17.763,0.56,11.701,138.886,0,29.147,0,2642.637
16001000202,3796.47,0,46.5,26.04,62.447,11.354,82.722,0,4.868,0,0,47.807,42.496,55.626,143.677,0,0,4.445,47.233,0,0,1.4,12.538,0,0,0,26.791,14.474,24.436,0,0,27.082,0,4478.406
16001000302,1666.26,0,0,55.8,62.447,34.062,82.722,60.825,0,78.4,56.282,146.258,30.938,29.28,37.23,4.387,0,1.605,42.14,0,0,7.308,7.2,0,0,0,81.252,9.901,6.206,0,0,10.185,0,2510.688
16001000303,882.173,28.855,0,37.2,56.77,295.204,0,60.825,2.996,2.8,26.75,68.881,22.085,28.716,127.848,6.643,0,14.022,53.5,0,0,3.508,6.401,0,1.1,0,18.569,3.15,17.021,4.708,0,4.269,0,1773.994
16001000304,4065.94,146.265,16.74,197.16,0,11.354,0,0,0,0,4.601,106.22,27.59,83.895,122.378,10.77,0,3.868,55.316,0,0,4.254,8.207,2,0.45,0,39.799,20.703,17.892,0.328,0,27.83,0,4973.561
16001000400,2057.94,111.44,265.98,275.28,170.31,147.602,220.592,121.65,3.174,34.3,0,110.327,16.306,58.426,120.423,10.594,0,17.088,45.824,0,0,7.5,3.8,0,0,0,76.996,5.922,49.788,31.234,0,25.616,0,3988.112
16001000500,3662.21,0,208.32,85.56,102.186,0,0,0,4.815,33.6,2.059,55.877,38.419,69.461,103.626,0,0,12.236,20.718,3.383,0,1.154,10.263,2.391,1.2,0,41.994,16.192,29.048,0,0,28.732,0,4533.443
16001000600,2710,0,284.58,517.08,11.354,34.062,82.722,60.825,5.029,0,0,67.895,38.391,50.269,117.858,0,0,22.09,48.637,5.671,0,20.462,5.6,1.8,0,0,25.188,7.852,16.975,0,0,33.288,0,4167.628
16001000701,2552.83,0,79.98,141.36,79.478,158.956,82.722,243.3,0,48.3,4.922,65.698,18.733,24.539,193.001,35.952,0,29.651,54.718,0,0,1.8,1.798,0,0,0.718,36.211,26.433,35.845,107.535,0,43.163,0,4067.643
16001000702,1827.74,0,59.52,0,0,0,0,0,3.317,19.9,0,33.91,21.738,8.2,90.089,0,0,7.474,51.509,1.128,0,1.6,3.356,0,0,0,48.124,10.322,14.232,36.166,0,1.54,0,2239.865
16001000802,3028.65,0,70.68,171.12,170.31,113.54,0,60.825,0,0,0,50.156,25.383,52.883,91.383,0,0,0,31.833,0,0,5.508,0.86,0,0,1.2,71.123,10.991,3.21,0,0,42.973,0,4002.628
16001000803,2981.9,7.96,22.32,0,0,0,0,0,0,0,0,28.596,8.149,27.118,62.945,0,0,1.819,35.157,0,0,6.478,12.735,0,0,0,26.399,4.041,40.232,0,0,45.498,0,3311.347
16001000804,2408.84,50.745,117.18,297.6,329.266,386.036,137.87,304.125,61.489,0,20.33,250.275,60.748,63.827,414.402,55.426,0,99.084,108.371,0,0,19.662,38.216,4.1,8.501,0,30.669,9.323,25.908,2.782,0,4.965,0,5309.741
16001000805,2937.02,0,13.02,7.44,0,0,0,0,0,5.6,0,39.111,26.108,8.342,74.216,1.016,0,7.788,44.288,0,0,1.4,0.89,0,0,0,13.477,2.63,15.831,0,0,13.161,0,3211.338
16001000900,1828.58,89.55,184.14,174.84,164.633,56.77,110.296,60.825,6.42,412,0,145.547,13.188,49.278,53.728,7.704,19.901,20.213,64.5,0,0,3.1,3.356,0,0,0,30.686,0.811,67.341,4.173,0,35.963,231.762,3839.305
16001001000,2656.33,44.775,122.76,215.76,147.602,113.54,386.036,121.65,58.851,9.8,0,134.558,65.623,122.212,229.236,8.346,0,30.817,77.098,0,0,6.854,37.555,24.7,1.6,0,40.219,28.234,85.157,23.879,0,34.41,0,4827.604
16001001100,773.339,1017.89,26.04,74.4,0,0,55.148,60.825,77.682,0,0,432.563,517.256,375.136,229.323,12.648,0,5.608,111.814,2.247,0,216.77,175.89,47.691,0,1.436,303.823,28.496,88.529,0,0,8.624,9.951,4653.129
16001001201,2152.18,0,0,33.48,34.062,11.354,27.574,0,0,15.4,0,57.795,23.451,35.494,92.549,0,0,2.825,18.083,0,0,0,4.16,4.6,0,0,30.241,6.522,31.484,0,0,10.913,0,2592.167
16001001202,2121.7,13.93,76.26,279,255.465,261.142,220.592,364.95,40.303,69.3,36.701,240.447,53.737,134.725,263.601,10.886,0,60.766,147.598,0,0,24.609,17.957,4.7,0,1.5,56.099,12.191,60.133,1.177,0,26.813,0,4856.282
16001001400,2265.04,0,55.8,256.68,323.589,136.248,110.296,182.475,0,54.6,29.747,145.509,62.155,128.424,168.904,14.338,22.578,28.923,48.781,3.383,0,5.054,16.29,0,0,0,42.916,7.652,53.337,10.78,0,20.5,0,4193.999
16001001500,1869.53,84.575,78.12,93,90.832,11.354,0,0,5.136,0,3.745,121.913,46.113,74.908,160.889,13.705,0,29.469,33.623,1.391,0,204.208,8.734,2,0,3.1,29.793,13.944,46.038,0,0,1.605,0,3027.726
16001001600,2349.37,83.58,66.96,78.12,124.894,34.062,0,0,14.017,6.3,0,70.753,117.352,54.879,90.423,0,0,4.826,20.007,0,0,4.1,24.86,0,2.901,2.9,53.471,11.021,29.274,0,0,12.519,0,3256.589
16001001700,2365.18,129.35,189.72,126.48,62.447,45.416,110.296,121.65,5.778,0,0,111.511,48.512,53.012,105.466,2.199,0,8.138,22.846,0,0,2.3,2.578,0,1.484,0,49.373,4.743,79.388,3.959,0,7.715,0,3659.541
16001001800,2254.75,69.65,85.56,252.96,17.031,0,0,60.825,29.425,4.2,4.708,115.683,56.664,58.599,136.824,0,0,17.511,56.466,0,0,6.462,10.334,99.999,0,0,40.079,2.79,30.211,16.443,10.058,14.424,0,3451.656
16001001900,2445.4,0,126.48,115.32,119.217,22.708,0,60.825,10.914,0,0,110.226,25.714,68.677,147.853,8.132,0,25.981,45.608,0,0,6.753,24.29,0,1.76,1.8,40.471,1.622,36.62,1.391,0,14.231,0,3461.993
16001002000,916.393,244.77,63.24,565.44,153.279,124.894,110.296,60.825,121.338,160.1,28.676,292.781,504.314,159.953,334.705,12.504,457.532,269.597,83.878,0,0,37.9,99.95,336.407,0,0,69.173,21.055,92.896,65.293,82.069,121.014,3.103,5593.375
16001002100,1189.04,6.965,39.06,0,0,0,0,0,91.449,0,2.996,322.878,1360.43,216.16,419.69,6.74,0,2.162,102.777,0,0,764.901,140.815,50.54,0,0,390.278,81.875,33.278,219.661,13.828,10.165,0,5465.688
16001002221,4780.19,11.94,78.12,11.16,0,0,0,0,0,10.5,0,46.132,40.872,69.745,84.854,0,0,4.655,34.47,1.284,0,14.716,30.403,0,0,0,78.519,14.022,66.303,0,0,18.244,13.161,5409.291
16001002222,3214.53,0,9.3,7.44,0,0,0,0,3.175,0,0,5.376,13.393,11.193,28.757,0,0,3.537,1.177,0,0,11.299,2.4,0,1.1,0,25.569,9.084,16.187,0,0,17.077,0,3380.594
16001002223,2452.13,0,0,11.16,0,0,0,0,5.35,0,1.373,35.642,9.651,27.831,52.726,5.564,0,17.373,24.676,0,0,9.3,3.356,0,0,0,44.914,5.941,16.611,0,0,21.443,0,2745.041
16001002224,3090.36,79.6,0,22.32,0,0,0,60.825,219.587,3.5,11.877,442.51,290.244,100.07,419.23,14.445,0,42.533,144.684,2.256,0,94.549,25.691,26.302,0,0,162.916,19.566,45.553,218.297,0,18.508,0,5555.422
16001002302,3086.25,380.09,31.62,197.16,164.633,227.08,137.87,121.65,36.166,58.8,7.704,1186.59,217.943,175.632,304.815,30.74,20.651,104.507,222.849,0,0,36.916,56.441,3.1,0,2.6,85.813,20.371,51.32,15.14,0,68.999,0,7053.45
16001002310,3907.74,679.585,0,379.44,51.093,68.124,0,60.825,0,3.5,30.602,219.07,499.348,136.451,172.436,0,0,16.173,56.455,3.531,0,121.054,82.191,33.933,0,0,170.792,35.009,55.76,0,0,21.507,0,6804.619
16001002312,2169.67,212.93,171.12,234.36,0,0,0,121.65,0,4.7,3.745,111.434,24.262,72.553,94.917,40.01,0,45.07,21.596,2.14,0,6.616,21.778,1.5,0,0,39.352,10.181,13.91,0,0,3.21,0,3426.704
16001002313,1608.2,157.21,135.78,74.4,11.354,102.186,27.574,60.825,20.954,74.2,2.782,263.102,115.227,26.961,188.965,8.988,0,62.274,12.683,2.782,0,19.612,79.2,41,0,16.4,40.263,8.531,20.689,8.978,0,15.483,0.59,3207.193
16001002410,4340.08,32.835,27.9,0,34.062,11.354,55.148,60.825,1.605,17.5,1.373,69.578,29.141,67.58,139.78,1.819,0,46.117,36.014,0,0,7.354,23.392,7.9,0,0,51.327,12.536,44.173,21.314,0,37.226,0,5177.934
16001002411,2888.96,136.315,79.98,7.44,11.354,0,0,0,0,28,1.373,46.778,39.372,16.025,80.013,0,0,6.206,10.204,1.391,0,3.8,0.978,0,0,0,30.499,19.685,22.483,0,0,12.519,0,3443.375
16001002412,1691.98,36.815,89.28,107.88,113.54,34.062,82.722,60.825,0,48.9,7.383,62.905,35.036,35.171,78.224,0,0,2.504,25.493,0,0,7.2,1.96,0,0,0,64.137,4.032,22.332,0,0,5.122,12.305,2629.807
16001002413,4462.85,0,14.88,52.08,39.739,0,27.574,60.825,5.671,21,0,211.04,72.9,124.171,133.572,8.775,0,43.919,65.923,1.391,0,9.301,30.728,3.6,0.742,20,66.044,27.055,68.104,17.975,0,69.903,0,5659.762
16001010100,3180.87,224.87,0,0,0,0,0,0,3.174,0,0,28.135,10.368,18.862,62.643,0,2.204,9.155,13.252,2.782,0,2,2.778,0,8,0,22.631,11.779,8.714,0,0,19.581,0,3631.799
16001010201,5281.35,83.58,11.16,18.6,0,0,0,0,8.131,4.9,9.291,37,65.141,48.838,106.508,0,0,10.563,59.044,1.128,0,22.554,7.277,0,3.2,0,103.922,127.563,42.391,1.64,14.155,19.956,0,6087.892
16001010221,3439.4,89.55,0,44.64,11.354,0,27.574,0,7.49,4.9,3.959,102.03,53.872,75.007,157.366,8.774,0,24.194,49.8,2.354,0,10.6,8.657,2,0.84,0,55.698,43.467,40.176,13.588,0,82.614,0,4359.903
16001010223,3630.42,301.485,0,40.92,39.739,34.062,0,0,0,2.1,0,111.422,39.572,33.33,134.667,0,0,22.09,32.019,0,0,37.854,7.855,0,1.4,0,86.649,23.535,34.009,7.383,0,39.258,0,4659.768
16001010224,3444.73,33.83,0,0,0,0,0,0,0,0,0,17.559,6.955,15.936,69.531,0,0,9.042,12.616,0,0,5.2,0,0,0,0,28.649,3.57,3.009,0,0,32.926,0,3683.553
16001010225,4407.78,275.615,14.88,78.12,107.863,0,27.574,60.825,20.08,0,2.978,151.904,145.96,91.129,313.756,24.395,0,53.016,115.848,1.391,0,61.908,58.046,7.491,5.6,2.4,135.265,31.718,38.85,3.508,7.684,23.581,0,6269.165
16001010313,10476.7,141.29,0,163.68,11.354,0,0,60.825,36.165,9.3,20.008,130.612,1024.95,88.432,277.518,17.333,0,15.965,69.077,6.527,0,31.523,16.354,14.4,0,85.999,157.206,95.508,64.26,0,0,8.42,0,13023.41
16001010321,3475.68,76.615,81.84,189.72,17.031,34.062,0,60.825,64.2,93.4,4.708,670.409,546.423,219.729,694.649,55.612,6.634,129.426,239.972,4.494,0,401.091,148.2,46.896,4.9,2.2,326.38,39.273,59.678,27.703,69.443,54.046,0,7845.238
16001010322,2786.77,63.68,76.26,524.52,11.354,0,0,60.825,1.712,77,2.461,66.099,99.417,68.22,163.937,3.103,0,74.868,9.117,1.128,0,32.53,29.889,8.792,40,0,59.489,32.621,37.998,1.06,0,41.719,0,4374.569
16001010331,10453.1,0,0,0,34.062,79.478,82.722,60.825,30.995,7,17.159,154.993,311.772,64.933,552.128,0,0,73.19,63.146,0,0,32.7,47.101,8.491,2.2,3.4,84.819,40.263,108.12,0,0,97.242,0,12409.84
16001010332,5765.12,258.7,48.36,37.2,11.354,0,0,0,0,0,0,24.464,15.317,37.638,48.373,5.136,0,11.77,2.443,0,0,2.307,5.101,0,1.6,0,39.209,18.148,59.942,0,0,16.338,0,6408.521
16001010333,5677.88,175.12,39.06,40.92,62.447,79.478,0,0,1.605,9.7,0,150.87,29.622,68.361,170.669,19.719,0,15.752,76.303,0,0,17.416,14.015,3.499,0,1.7,88.553,18.229,28.621,0,0,22.705,0,6812.245
16001010334,3182.18,36.815,0,48.36,0,0,0,0,0,9.1,0,82.665,109.281,26.029,64.855,3.317,0,9.358,34.04,0,0,17.608,11,0,3.4,0,56.031,18.285,41.026,0,0,46.331,0,3799.681
16001010335,11062.4,0,29.76,7.44,0,0,0,0,0,6.3,0,122.645,74.883,73.849,249.47,1.284,1.016,53.659,84.883,3.21,0,39.053,62.285,4,2.968,0,137.67,69.182,39.274,0,0,19.077,2.889,12147.2
16001010401,9441.16,165.17,44.64,26.04,11.354,34.062,27.574,0,7.383,5.6,0,107.938,50.13,81.083,136.217,0,0,19.447,63.437,3.268,0,32.269,20.102,12.4,0,3.1,156.943,94.364,60.393,5.247,0,49.498,0,10658.82
16001010402,5765.58,29.85,0,33.48,34.062,0,0,0,0,0,0,31.678,31.537,36.131,43.57,0,0,7.115,15.587,0,0,14.754,12.201,1.7,0,0,54.293,30.995,13.401,0,0,23.968,0,6179.902
16001010501,1192.13,71.64,0,7.44,0,0,0,0,0,517,0,11.316,26.283,75.646,54.198,0,10.058,1.621,25.466,0,0,10.701,13.024,98.2,10.326,0,41.046,122.281,4.494,43.763,0,0,0,2336.633
16001010503,1898.42,146.265,0,0,73.801,136.248,0,60.825,2.14,0,0,111.333,670.874,39.551,57.231,4.173,0,7.957,48.416,0,0,62.308,1.064,115.2,0,1839.4,14.354,2.704,0.124,0,0,73.671,0,5366.059
16001010504,3707.65,43.78,14.88,122.76,17.031,0,0,0,0,0,0,133.049,114.318,34.501,92.71,0,0,1.583,15.997,0,0,264.816,31.815,0,0,0,28.003,13.02,4.062,0,0,3.751,0,4643.726
16003950100,1384.27,225.865,0,0,5.677,0,0,0,55.855,1.4,0,55.426,41.369,14.26,38.171,2.14,0,3.745,12.059,0,0,18.439,1.3,0,0,0,31.419,10.47,23.219,8.902,2.022,17.654,0,1953.662
16003950200,1537.14,238.8,20.46,37.2,0,0,0,0,16.264,1.9,0,57.456,36.275,31.111,46.544,3.317,7.49,4.088,18.341,0,0,22.727,2.934,2.5,0,0,132.023,44.009,31.133,26.571,15.341,27.499,0,2361.123
16005000200,2186.31,30.845,0,0,0,0,0,0,9.63,0,0,25.866,33.329,31.543,61.813,4.28,0,3.113,9.594,1.391,0,25.853,0,9.296,0,340,42.208,15.903,14.068,5.699,0,25.038,0,2875.779
16005000300,3027.53,471.63,63.24,401.76,62.447,102.186,110.296,60.825,91.523,7,16.692,332.718,103.878,125.526,131.227,42.372,12.626,17.293,105.225,12.841,0,33.199,4.456,1.4,0,0,60.137,15.764,21.829,5.564,26.536,33.791,0,5501.511
16005000400,2740.3,33.83,0,14.88,0,0,0,0,0,0,1.498,13.962,13.096,16.512,25.642,0,0,3.007,0,0,0,0.6,15.96,0,0,0,56.683,13.271,5.992,0,0,12.733,0,2967.966
16005000500,953.7,42.785,0,11.16,0,0,0,0,3.317,0,0,16.359,19.862,9.794,27.243,0,0,1.83,6.174,4.28,0,2.4,0.978,5.978,0,0,30.095,40.181,0,0,0,0,0,1176.136
16005000600,1004.94,396.01,154.38,44.64,22.708,0,0,60.825,2.354,116.4,51.787,114.97,13.561,33.664,45.851,1.712,0,38.563,11.663,3.852,0,7.77,54.012,0,0,0,23.193,1.6,3.45,65.09,24.289,47.445,1.926,2346.656
16005000700,1562.48,222.88,184.14,78.12,28.385,11.354,55.148,0,103.257,335.7,0.686,93.776,18.151,38.62,72.925,0.974,196.345,95.445,19.286,0,0,9.808,7.82,0,0,0,10.642,3.411,49.125,8.881,0,18.19,149.056,3374.605
16005000800,539.682,25.87,132.06,219.48,96.509,102.186,82.722,60.825,21.828,26.8,1.712,213.469,180.171,104.764,270.934,6.643,7.918,38.596,95.681,0,0,5.3,32.755,4.8,0,0,26.075,4.322,46.665,12.733,5.564,0,0,2366.064
16005000900,1072.07,8.955,156.24,44.64,22.708,11.354,0,60.825,6.348,4.9,4.118,71.492,14.986,82.174,151.041,14.98,0,46.433,44.434,0,0,1.154,1.1,0,0,0,15.179,14.901,63.134,120.586,0,12.519,5.136,2051.407
16005001000,1209.33,0,57.66,215.76,102.186,56.77,27.574,0,0,8.4,0,49.851,5.232,20.902,38.01,0,0,40.468,1.284,0,0,0,3.912,0,0,0,12.306,7.231,40.124,0,0,16.051,0,1913.051
16005001101,3613.68,48.755,18.6,141.36,51.093,45.416,0,0,100.365,53.9,7.704,82.966,7.496,35.942,85.801,1.284,0,24.419,111.679,0,0,7.608,0,2.2,1,0,42.857,9.974,46.52,3.21,0,34.947,0,4578.776
16005001102,1305.45,55.72,93,141.36,85.155,11.354,0,60.825,2.889,37.8,27.82,10.94,3.938,22.452,28.73,2.555,0,32.635,63.837,0,0,10.262,0,0,0,0,16.667,6.269,4.815,0.642,0,15.194,0,2040.309
16005001200,1329.76,145.27,59.52,18.6,28.385,22.708,0,0,0,0,1.373,154.459,16.799,46.029,57.702,13.91,0,21.878,30.495,7.062,0,0,0,34.2,0,4.701,26.879,3.811,11.663,85.294,0,34.597,0,2155.095
16005001300,1443.17,0,53.94,29.76,11.354,0,0,0,0,21,0,92.196,21.048,77.491,74.089,13.728,0,31.522,52.804,0,0,11.308,10.294,3.8,0,0,18.236,7.311,4.28,0,0,4.601,0,1981.932
16005001400,1713.2,236.81,61.38,256.68,34.062,34.062,0,0,0,0,0,440.283,284.48,152.118,152.028,23.005,0,26.773,130.027,1.391,0,67.4,139.6,767.903,2.5,0,38.799,12.469,21.199,12.293,0,14.627,0,4623.089
16005001500,2136.85,427.85,50.22,29.76,0,11.354,27.574,0,0,8.4,0,129.521,208.162,56.717,68.912,0,0,0.984,7.352,0,0,42.608,12.178,2.4,0,0,83.91,7.532,11.556,0,0,46.866,0,3370.706
16005001601,920.04,46.765,102.3,186,39.739,22.708,110.296,60.825,4.28,17.2,0,201.572,84.976,102.106,142.223,27.169,4.066,13.38,57.46,10.116,0,16.008,13.16,12,0,0,29.202,0.811,47.855,0.877,0,37.236,0,2310.37
16005001602,1926.1,129.35,66.96,52.08,22.708,11.354,0,0,0,0,0,15.477,11.877,10.192,21.844,0,0,0,5.427,0,0,2.3,3.7,0,0,0,12.342,4.404,18.468,0,0,27.511,0,2342.094
16005001603,790.729,69.65,178.56,186,34.062,11.354,55.148,0,11.11,34.5,0,66.376,231.503,44.689,105.547,9.095,0,8.881,32.905,0,0,27.208,17.399,8,0,0,39.56,9.133,17.441,0.656,0,20.116,0,2009.622
16005001700,2118.9,9.95,35.34,0,11.354,0,0,0,0,11.2,0,34.51,19.388,14.809,32.364,0,0,4.945,11.484,0,0,0,3.578,0,0,0,10.295,2.76,2.782,0,0,12.733,0,2336.392
16005001900,2849.88,317.405,16.74,70.68,22.708,11.354,0,0,90.986,6.3,0,84.297,86.363,45.123,46.837,3.745,0,13.088,41.831,0,0,21.099,7.633,5,0,0,36.598,78.324,13.589,8.122,0,47.08,0,3924.782
16005940000,732.105,242.78,0,0,0,0,0,0,0,0,6.464,13.562,6.313,3.627,17.978,0,0,5.457,13.161,0,0,5.2,3.5,0,0,0,13.042,11.03,0,63.023,0,15.565,0,1152.807
16005981800,93.9675,55.72,0,0,0,0,0,0,1.06,0,0,2.649,0,8.988,9.115,0,0,0,0,0,0,6.8,1.499,0,0,0,0.81,2.6,0,4.494,0,0,0,187.7025
16007950100,2068.69,167.16,40.92,29.76,17.031,0,27.574,0,42.444,21.7,6.42,166.449,109.138,55.264,75.867,15.943,111.066,26.215,66.576,5.243,0,19.954,7.2,4.1,0,0,26.083,55.414,38.572,20.832,0,72.07,0,3297.685
16007950200,2370.23,234.82,37.2,100.44,0,0,0,0,13.303,0,0,41.328,9.251,11.367,28.002,0,0,0,23.204,0,0,5.599,0.89,1.6,0,0,10.425,35.082,16.051,10.949,0,18.896,0,2968.637
16009940000,2368.82,432.825,42.78,26.04,17.031,0,27.574,0,4.583,0.4,0,51.982,70.737,26.761,33.576,3.103,0,9.201,15.929,0,0,32.836,6.656,3.3,0.742,0,31.248,42.895,28.487,28.711,6.066,47.401,0,3359.684
16009950100,2146.95,630.83,24.18,3.72,28.385,34.062,0,0,9.202,43.2,1.926,172.472,85.123,74.151,47.561,12.209,25.787,20.813,34.209,0,0,98.888,29.09,0,16.4,0,45.573,22.17,40.938,56.656,5.992,46.653,2.36,3759.5
16011940000,929.016,239.795,0,0,0,0,0,0,0,0,0,2.648,0,3.21,8.971,0,0,0,0,0,0,0,0,0,0,0,3.984,39.27,0,6.769,0,26.215,0,1259.878
16011950100,3232.29,324.37,48.36,78.12,96.509,11.354,0,0,3.174,0,8.667,109.552,138.159,75.979,116.659,9.502,0,12.316,21.912,4.659,0,47.7,19.256,105.9,20,0,104.152,74.647,20.009,9.813,0,64.398,0,4757.457
16011950200,1586.04,264.67,18.6,3.72,0,0,0,0,0,0,0,25.666,24.289,16.806,34.308,0,0,2.161,0,0,0,6.4,3.9,0,0,0,29.47,92.727,19.153,0.656,0,24.075,0,2152.641
16011950300,2322.91,398.995,11.16,0,11.354,0,0,0,12.305,0,0,124.006,192.838,62.882,50.66,4.066,0,18.859,11.66,6.206,0,26.262,12.234,2.2,2.9,0,44.274,302.715,25.09,22.418,0,52.494,19.153,3737.64
16011950400,3205.83,129.35,33.48,223.2,28.385,0,27.574,0,0,77,0,24.529,150.741,56.869,71.827,0,0,3.959,20.644,1.391,0,20.962,21.258,0,0,0,43.417,75.155,33.718,17.184,0,92.119,0,4358.592
16011950500,3007.05,267.655,106.02,297.6,113.54,34.062,27.574,0,40.445,64.7,8.346,419.889,191.824,164.278,198.414,25.787,79.287,80.356,150.845,7.129,0,54.924,320.735,7,0.742,0,75.508,22.596,52.015,31.216,7.276,46.652,11.128,5914.593
16011950600,2021.38,399.99,46.5,7.44,0,0,0,0,1.605,11.2,3.424,36.624,190.511,78.652,43.384,0,0,3.243,14.516,1.284,0,68,0,26.2,0,0,69.197,75.173,6.125,0.984,0,24.396,0,3129.828
16011950700,2006.98,272.63,0,0,0,0,0,0,0,0,0,63.102,126.88,50.224,57.501,4.088,0,5.51,10.619,1.127,0,20.6,14.33,1.3,2,0,48.318,140.958,19.367,0,0,89.837,0,2935.371
16013960100,3014.72,430.835,42.78,52.08,0,0,0,0,34.133,46.2,20.865,260.795,108.333,110.892,135.554,6.848,0,43.267,86.815,2.519,0,75.687,35.55,0,1.101,0,147.082,128.054,43.328,17.396,0,22.042,0,4866.876
16013960200,5560.82,54.725,96.72,163.68,329.266,215.726,27.574,0,20.724,0,10.146,114.182,96.417,100.956,264.422,22.042,0,29.144,124.737,3.383,0,33.1,57.109,6.291,8.5,0,211.586,37.622,39.288,16.529,0,44.799,0,7689.488
16013960300,4092.03,91.54,299.46,468.72,482.545,215.726,110.296,0,161.238,0,1.373,396.137,125.052,96.167,595.384,25.466,34.775,61.865,193.834,16.906,0,31.916,49.756,7.9,4.826,0,290.525,58.354,89.487,52.536,0,32.699,0,8086.513
16013960500,2905.61,226.86,215.76,569.16,437.129,56.77,27.574,0,15.012,134.4,0,45.851,6.865,11.913,41.991,1.022,0,0.867,9.844,0,0,1.5,5.2,0,0,0,8.5,0.581,28.751,7.062,5.136,0,0,4763.36
16015950200,6130.51,958.185,24.18,29.76,5.677,0,0,0,79.268,3.4,0,144.756,62.891,59.029,156.004,0.931,0,13.198,96.604,0,0,62.497,18.801,7.392,1.3,0,125.148,42.581,43.926,38.5,26.289,85.02,0,8215.846
16017950100,2158.45,246.76,5.58,93,28.385,0,0,0,24.29,0,4.066,36.69,30.197,27.456,33.483,0,0,2.033,7.639,0,0,20.824,5.401,0,1.2,0,23.906,7.55,28.834,1.968,9.706,33.769,1.926,2833.113
16017950200,4418.16,599.985,115.32,78.12,56.77,113.54,27.574,0,38.947,35.4,0,227.647,228.487,191.729,248.003,12.257,0,31.303,96.374,1.128,0,325.39,92.795,7.2,2.001,2.9,194.776,46.502,71.367,10.431,5.992,30.672,2.461,7313.231
16017950300,1739.57,128.355,40.92,159.96,107.863,79.478,27.574,0,35.631,0.7,0,363.337,34.353,101.948,300.677,32.655,0,52.955,106.102,1.128,0,26.186,49.097,18.865,0,0,44.169,13.125,66.134,17.976,0,16.016,7.811,3572.585
16017950400,4273.98,163.18,212.04,245.52,56.77,45.416,275.74,60.825,52.839,136.5,52.537,187.118,46.748,81.084,109.633,2.782,0,49.307,72.2,1.391,0,40.194,21.659,0,0,0,68.045,43.683,72.325,24.088,9.707,68.929,0,6474.242
16017950500,1816.61,295.515,0,40.92,51.093,0,0,0,5.028,3.5,0,111.082,33.141,37.066,27.047,0,0,8.666,25.787,0,0,20.991,10.401,0,0,0,34.531,14.951,38.463,1.605,0,68.277,0,2644.674
16017950600,3810.31,363.175,74.4,11.16,5.677,0,0,0,74.169,0,0,56.639,18.444,16.361,70.863,4.28,0,4.944,36.263,0,0,38.646,10.568,2.5,0,0,34.098,14.273,35.021,10.086,20.222,2.996,0,4715.094
16017950700,2113.57,811.92,94.86,0,11.354,0,0,0,5.028,9.8,0,61.68,35.599,16.545,17.93,0,0,0,28.538,0,0,13.154,1.8,7.173,3.583,0,44.725,18.577,27.016,3.608,0,19.839,0,3346.299
16017950800,3595.17,533.32,0,0,0,0,0,0,10.36,0,0,36.743,41.195,28.11,70.978,0,0,1.081,8.03,0,0,14.598,15.298,0,1.5,0,55.397,19.745,42.998,0.656,0,14.251,0,4489.429
16017950900,3267.26,328.35,9.3,0,0,0,0,0,12.573,0,0,79.301,66.45,34.905,74.157,0,0,36.495,33.252,1.128,0,34.29,31.49,0,1.6,0,63.69,15.865,29.595,2.985,6.313,16.328,0,4145.327
16019970100,3183.11,185.07,0,0,0,22.708,0,0,41.801,3.5,4.814,94.943,34.014,67.291,92.401,7.811,14.445,15.189,75.31,7.598,0,5.9,18.939,194.699,0,0,62.963,70.293,23.658,9.741,0,39.227,0,4275.426
16019970300,2838.85,245.765,13.02,7.44,0,0,0,0,3.174,0,0,64.965,104.876,41.733,49.884,0,0,1.081,19.901,0,0,11.6,11.8,13.996,1.6,0,81.228,121.084,16.006,1.312,4.853,10.763,0,3664.931
16019970401,1506.57,238.8,0,0,0,0,0,0,0,0,2.247,125.501,225.168,58.437,48.261,0,0,1.081,18.618,0,0,60.961,98.299,2.2,0,1.9,114.365,26.97,7.848,0,0,0,0,2537.226
16019970402,1619.7,165.17,3.72,18.6,0,0,0,0,0,0,0,58.795,110.317,33.63,3800.52,0,0,4.515,2.354,1.391,0,88.999,8.1,0,0,0,41.945,19.04,6.27,10.058,0,55.854,0,6048.979
16019970403,3858.28,552.225,0,141.36,0,0,0,0,0,3.5,0,17.052,37.225,43.332,52.955,0,0,1.605,5.055,7.276,0,20.807,21.299,0,0,1,36.865,5.851,2.889,0,0,20.223,0,4828.799
16019970501,3577.96,0,52.08,141.36,56.77,22.708,27.574,60.825,0,52.5,2.781,74.818,14.659,51.851,35.483,2.675,0,1.535,3.834,2.888,0,7.765,1,0,0,0,32.152,6.524,0,0,0,19.688,2.888,4252.318
16019970502,2214.83,17.91,33.48,115.32,28.385,34.062,55.148,0,18.19,45.5,2.059,114.09,31.358,30.78,80.219,2.889,0,9.277,43.619,1.391,0,18.824,2.1,4.6,2.226,0,64.641,15.802,56.71,16.395,0,55.532,0,3115.337
16019970503,2142.65,41.79,7.44,7.44,5.677,0,27.574,182.475,0,0,0,34.187,21.282,17.245,22.084,0,0,11.866,1.498,0,0,3.462,0.978,0,0,0,54.577,24.117,8.799,0,0,0,0,2615.141
16019970601,1380.62,32.835,9.3,74.4,0,0,0,0,0,0,0,168.659,40.219,22.954,55.863,0,0,9.251,10.379,3.531,0,2.354,3.6,0,0,0,23.707,2.111,13.602,1.712,0,13.161,0,1868.258
16019970602,1694.22,14.925,53.94,450.12,261.142,68.124,82.722,121.65,0,33.6,8.453,170.786,13.281,71.667,149.395,37.448,0,109.014,30.712,0,0,9.107,10.055,0,0,0,27.746,2.572,21.814,1.07,0,13.183,0,3456.746
16019970603,1218.49,0,33.48,63.24,45.416,0,0,0,33.492,42.7,35.845,339.511,58.971,53.18,133.575,17.12,29.639,323.912,44.388,12.84,0,1.5,11.399,0,2.799,0,19.318,6.33,73.573,8.072,0,0,0,2608.79
16019970700,1901.51,245.765,102.3,200.88,96.509,34.062,27.574,0,21.079,102.2,20.865,810.529,495.462,245.14,167.633,16.013,0,11.825,104.309,25.255,0,148.799,73.291,84.273,38,0,115.1,6.2,99.066,8.025,1.177,29.639,0,5232.48
16019970800,1720.4,0,135.78,78.12,22.708,0,27.574,60.825,4.779,75.6,11.235,28.584,3.701,7.964,101.811,3.852,0,23.497,2.782,1.128,0,2.9,0,0,0,0,31.056,1.2,14.791,0,0,15.234,0,2375.521
16019970900,2630.62,3.98,24.18,85.56,22.708,0,0,0,25.109,0,0,252.91,72.657,58.476,142.919,12.84,0,26.682,92.908,0,0,6.6,9.477,18.8,0,0,39.142,12.123,16.906,0,0,24.728,0,3579.325
16019971000,2585.46,110.445,68.82,137.64,17.031,0,27.574,0,13.678,63.1,4.601,151.094,114.169,131.326,96.21,0,0,7.095,21.514,0,0,78.3,21.211,98.577,0,0,105.505,19.825,36.24,9.416,0,25.904,4.173,3948.908
16019971100,1496.93,7.96,124.62,241.8,164.633,79.478,27.574,0,0,79.1,0,139.875,117.513,107.064,172.775,0,0,29.351,40.78,0,0,6.516,19.627,2.6,0,0,38.821,9.28,165.863,39.349,0,1391.96,0,4503.469
16019971200,1347.24,86.565,128.34,368.28,164.633,68.124,55.148,60.825,176.764,74.9,5.564,385.657,209.108,186.311,403.659,69.541,0,22.165,146.182,6.741,0,49.079,35.778,153.3,0,0,38.994,62.47,272.413,205.641,50.751,9.05,12.518,4855.741
16019971301,2595.28,230.84,63.24,279,39.739,22.708,27.574,0,33.491,0,0,76.55,150.387,64.805,141.624,9.296,0,4.574,42.942,1.392,0,40.899,4.478,16.7,1.4,0,32.036,17.035,19.998,9.791,5.671,16.329,0,3947.779
16019971302,2384.72,98.505,74.4,226.92,62.447,22.708,27.574,0,34.847,9.8,2.996,57.302,26.419,31.762,90.467,3.577,8.025,9.99,15.006,0,0,5.769,7.978,4.4,0,0,27.646,5.39,52.148,1.177,2.567,41.195,0,3335.734
16019971400,4122.6,245.765,0,14.88,11.354,0,27.574,0,8.238,20.2,0,160.75,196.664,56.899,184.056,1.391,0,59.498,29.05,1.284,0,96.705,102.982,30.688,0,0,98.346,7084.79,48.282,0,0,40.403,0,12642.4
16019971500,845.521,113.43,13.02,26.04,0,0,0,0,0,0,0,6.287,24.029,7.063,381.133,0,0,0,22.416,0,0,23.4,0.8,0,2.6,1,25.692,69.706,0.888,0,0,11.973,0,1574.998
16021970100,2836.14,325.365,14.88,0,0,0,0,0,1.605,28,73.081,25.76,13.578,12.662,44.366,0,0,9.962,4.978,0,0,20.93,2.8,0,0,0,12.182,17.09,3.45,4.376,5.257,3.007,0,3459.469
16021970200,2829.22,208.95,39.06,14.88,85.155,45.416,55.148,0,62.773,11.1,31.571,243.584,154.388,99.557,119.995,8.774,0,11.835,73.369,0,0,128.068,33.614,5,0.99,0,84.318,139.79,91.806,36.271,33.164,44.694,3.745,4696.235
16023970100,1410.92,191.04,16.74,78.12,17.031,22.708,0,0,44.744,11.4,0,76.494,63.47,42.394,43.406,8.095,35.845,21.63,52.21,1.128,0,6.4,4.999,0,0,0,36.6,76.797,12.947,15.069,4.853,31.133,0,2326.173
16025970100,1053.28,79.6,0,0,0,0,0,0,21.043,0,0,15.622,15.95,6.363,48.029,2.247,0,3.852,27.896,0,0,1.734,3.73,0,0,0,9.6,22.923,7.704,6.682,2.14,27.508,0,1355.903
16027020100,322.014,18.905,35.34,96.72,45.416,11.354,27.574,60.825,24.075,40.6,1.07,240.096,148.203,129.508,157.256,49.648,10.379,28.665,77.066,1.128,0,134.592,23.4,0,1.483,0,18.808,18.925,80.689,0,17.976,19.324,0,1841.039
16027020200,1035.61,199.995,143.22,159.96,85.155,0,0,0,19.474,6.3,0,55.906,33.88,52.897,18.618,0,0,14.552,23.547,0,0,10.7,34,0,0,0,31.96,0.87,33.505,0,0,8.988,0,1969.137
16027020300,1705.72,41.79,182.28,63.24,39.739,34.062,0,0,7.989,7,5.055,81.764,45.954,55.71,96.046,10.731,0,32.881,11.11,0,0,0,6.16,0,0,0,25.322,8.894,21.186,18.104,0,14.338,0,2515.075
16027020401,2888.59,804.955,50.22,264.12,0,34.062,0,0,34.122,2.1,4.494,274.099,505.333,153.223,384.793,2.199,0,33.535,106.188,1.283,0,457.01,201.793,161.799,0,17.3,371.613,31.547,31.453,16.006,0,33.542,0,6865.379
16027020402,2887.28,17.91,135.78,33.48,22.708,11.354,0,0,0,56.8,0,66.338,31.605,66.262,91.778,4.387,0,23.861,31.631,0,0,10.2,17.734,0,0,0,43.881,14.056,49.219,29.18,0,39.761,27.071,3712.276
16027020501,1734.89,13.93,16.74,0,0,0,0,0,0,4.9,2.354,12.054,3.441,10.723,32.218,0,0,1.926,2.204,0,0,1.9,7,0,0,0,32.445,12.41,5.174,0,0,13.268,0,1907.577
16027020503,1681.69,0,0,85.56,0,0,0,0,0,69.8,29.148,28.276,6.509,16.885,42.744,1.07,22.041,122.211,19.334,0,0,2.308,7,0,0,0,17.575,10.993,29.843,0,0,17.6,0,2210.587
16027020504,1570.24,58.705,98.58,461.28,238.434,56.77,0,0,0,206.3,12.305,74.333,12.274,40.986,78.164,3.745,220.634,62.604,43.325,0,0,6.001,1.001,0,0,0,17.231,5.372,23.595,0,0,9.151,0,3301.03
16027020601,2423.99,13.93,0,44.64,0,0,0,0,0,0,0,7.326,8.857,12.783,29.724,0,0,3.552,9.487,0,0,2.68,7.05,2.39,0,0,35.822,10.004,11.877,0,0,0,0,2624.112
16027020602,2905.7,124.375,199.02,93,45.416,11.354,137.87,0,10.361,192.5,12.626,143.169,75.899,115.348,129.058,14.659,0,27.606,95.427,4.708,0,24.399,47.324,3.587,0,0,55.338,19.179,62.229,9.845,0,108.312,0,4668.309
16027020700,1800.9,133.33,0,0,0,0,0,0,0,0,4.066,42.451,34.896,42.566,60.978,1.177,0,1.081,13.744,0,0,25.408,3.699,0,1.484,0,80.144,25.276,9.026,0,0,0,0,2280.226
16027020901,6821.95,45.77,0,74.4,11.354,34.062,0,0,3.103,33.6,20.205,113.513,60.971,70.927,134.613,7.217,0,10.401,30.98,0,0,50.162,11.983,6.991,1.532,0,109.426,50.241,42.865,7.169,0,27.605,0,7781.041
16027020902,7957.04,32.835,0,0,0,0,0,0,0,7,5.242,47.725,65.136,89.761,98.705,0,0,8.924,37.768,0,0,5.364,16.778,0,5.599,0,87.328,59.181,104.583,0,0,19.516,0,8648.484
16027021001,5032.17,206.96,35.34,70.68,0,0,27.574,0,0,0,0,89.807,22.658,63.368,79.505,0,0,2.675,6.849,1.497,0,6.661,4.378,24.1,1.6,0,39.906,17.914,16.731,3.53,0,47.145,19.902,5820.95
16027021002,3074.28,959.18,13.02,513.36,11.354,11.354,0,60.825,2.354,30.8,24.503,836.854,85.91,137.98,104.141,27.38,0,14.114,106.037,0,0,111.8,13.653,90.2,2.968,0,60.119,20.248,53.898,9.87,0,2.141,29.495,6407.838
16027021100,7491.31,131.34,0,22.32,261.142,0,0,60.825,2.996,277.9,0,55.284,256.886,51.804,139.061,0,0,12.584,51.751,0,0,437.331,42.534,112.429,0.96,45,97.105,80.635,22.573,0.877,0,3.146,0,9657.793
16027021200,2807.8,294.52,26.04,111.6,0,22.708,0,0,4.495,0,0,78.566,31.444,37.823,97.924,0,0,0,10.993,0,0,7.4,8.433,0,0,0,61.14,6.841,40.417,3.852,0,23.968,0,3675.964
16027021300,510.79,290.54,63.24,0,34.062,68.124,0,0,3.21,99.5,0,122.723,248.466,78.546,76.703,5.564,0,4.28,77.936,0,0,185.262,108.513,22.5,0,0,32.761,35.793,29.62,67.858,29.211,13.375,0,2208.577
16027021500,1656.35,128.355,126.48,137.64,136.248,34.062,55.148,0,31.744,290,0,199.058,37.244,103.693,171.25,25.204,1.102,49.247,81.999,1.284,0,3.9,9.2,0,0,0,35.793,13.484,62.834,48.316,4.601,45.153,34.347,3523.736
16027021600,1534.05,36.815,107.88,100.44,28.385,68.124,82.722,121.65,3.317,4.2,0,33.278,269.742,56.949,41.421,0,210.576,78.496,17.91,0,0,67.4,14.8,7.1,28,0,47.495,26.061,43.304,1.284,0,6.741,0,3038.14
16027021700,3806.39,557.2,154.38,241.8,102.186,0,55.148,0,0,65.8,9.737,160.725,103.399,138.117,89.836,0,0,11.161,33.747,0,0,5.862,28.235,82.8,0,0,57.422,24.565,49.448,2.623,0,55.951,0,5836.531
16027021800,2938.05,158.205,26.04,11.16,11.354,0,0,0,0,0,0,45.348,75.857,51.571,76.562,0,0,7.026,2.024,0,0,28.5,6.26,4.099,4.8,0,77.488,65.767,57.524,3.894,0,10.593,0,3662.122
16027021901,2036.43,138.305,55.8,59.52,39.739,45.416,27.574,0,0,0,0,43.843,15.254,21.538,47.644,1.605,0,4.794,15.531,1.283,0,10.1,0.978,0,0,0,31.816,10.836,20.689,3.279,0,33.063,0,2665.037
16027021903,4798.51,296.51,0,0,0,45.416,0,0,12.644,2.8,0,64.98,54.479,60.983,125.052,1.712,0,14.067,56.492,1.128,0,52.755,35.949,3.896,0,0,134.246,131.81,20.701,0,0,2.695,0,5916.824
16027021904,1078.52,308.45,35.34,182.28,0,0,0,0,1.016,0,0,41.557,29.789,31.422,46.34,0,0,3.243,17.512,1.128,0,6.4,3.86,0,0,0,58.008,58.667,17.762,0.656,0,10.165,0,1932.115
16027022100,1990.15,343.275,29.76,44.64,0,0,0,0,1.712,25.9,0,102.104,332.169,63.83,60.375,5.896,0,7.026,21.333,0,0,30.816,13.102,12.464,0,0,39.741,214.237,20.972,6.917,0,19.046,15.301,3400.766
16027022200,1928.81,322.38,40.92,7.44,5.677,0,0,0,3.174,0,0,41.05,238.696,26.569,53.749,4.173,0,2.252,9.719,0,0,21.752,0.977,1.6,0,1.2,37.621,149.888,24.926,5.826,0,26.813,0,2955.212
16027022300,2842.77,337.305,0,37.2,5.677,0,0,0,4.815,0,0,48.31,57.371,21.914,97.759,0,0,5.71,20.874,0,0,97.022,7.956,64.991,9.05,1.1,68.65,441.799,40.151,23.589,5.136,21.079,0,4260.228
16027022400,1993.23,332.33,0,0,0,0,0,0,8.453,1.4,0,27.632,55.938,33.121,54.907,0,0,0.792,6.106,0,0,19.785,23.478,1.6,0,0,81.813,127.975,23.219,0,2.354,11.781,0,2805.914
16029960100,2116.37,246.76,9.3,70.68,22.708,0,0,0,21.935,19.6,0,82.72,43.021,22.912,80.097,4.173,62.124,11.449,27.289,0,0,53.17,0,0,0.95,0,25.658,128.396,18.404,11.625,0,66.128,0,3145.469
16029960200,1448.78,154.225,9.3,81.84,102.186,11.354,0,0,20.526,5.1,0,110.476,148.038,64.714,113.41,7.918,0,10.067,37.445,0.214,0,5.154,4.6,89.4,9.4,0,54.211,51.764,33.553,30.878,9.707,16.389,0,2630.649
16031950100,1196.33,274.62,0,22.32,0,0,0,0,15.111,0,0,30.683,42.981,8.881,25.918,4.066,0,1.081,15.573,0,0,11.1,2.805,3.6,0,0,18.505,106.725,12.917,17.576,0,32.245,0,1843.037
16031950200,1263.47,264.67,0,0,5.677,0,0,0,1.016,9.1,0,23.352,97.487,9.691,39.121,0,0,0,15.522,1.284,0,2.9,1.956,7.782,2.7,0,17.715,116.764,12.211,2.007,0,22.791,0,1917.216
16031950300,2020.35,227.855,35.34,29.76,119.217,0,0,0,12.169,0,0,133.554,62.038,46.825,74.015,11.137,2.354,15.943,25.449,0,0,4.809,25.779,0,0,0,34.56,82.635,38.559,15.163,0,62.447,0,3079.958
16031950400,1311.06,169.15,16.74,122.76,39.739,22.708,55.148,0,22.827,13.4,0,309.361,147.957,192.146,147.968,30.929,30.709,69.005,54.28,10.272,0,46.7,22.091,1.196,5.443,0,24.182,1.3,49.044,20.009,0,16.799,0,2952.923
16031950500,2202.21,210.94,55.8,22.32,17.031,22.708,0,0,15.087,97.3,25.038,149.131,435.104,70.067,70.005,1.059,0,28.725,32.242,0,0,76.2,36.5,169.581,0,0,73.136,83.041,73.623,15.505,0,51.336,0,4033.689
16031950600,920.414,263.675,0,0,0,0,0,0,1.605,0,0,36.594,39.973,25.733,30.359,0,0,0,9.99,0,0,29.3,6.256,0,18.6,0,17.798,154.156,20.998,7.722,0,19.153,0,1602.326
16033950100,441.788,169.15,13.02,18.6,0,0,0,0,11.128,1.4,0,4.495,13.696,1.605,3.146,2.044,0,0,8.559,0,0,0,0,0,0.742,0,2.8,8.301,5.564,11.676,6.067,30.388,0,754.1691
16035940000,2463.26,652.72,143.22,14.88,11.354,11.354,0,0,70.674,97.9,0,95.3,48.963,59.266,114.846,7.061,49.113,11.996,40.157,4.387,0,111.243,57.767,4.5,4.7,0,44.472,21.901,48.535,67.707,10.111,37.642,1.178,4306.207
16035970100,1966.31,367.155,0,11.16,34.062,0,0,0,22.648,0,1.373,107.619,36.191,66.959,91.833,9.737,22.684,21.726,42.956,0,0,84.196,35.556,4.9,0,0,32.353,34.599,52.199,18.118,23.011,67.496,0,3154.841
16037960200,3523.55,511.43,57.66,26.04,39.739,0,0,0,119.126,9.3,4.804,167.095,60.523,63.541,120.067,8.392,0,12.198,85.972,0,0,16.9,5.378,10.3,59.099,0,47.816,88.176,36.701,24.231,4.449,84.659,0,5187.146
16039960100,2242.6,326.36,26.04,18.6,11.354,22.708,0,0,33.562,0,0,42.319,59.075,23.542,48.694,0.974,0,9.855,31.174,0,0,0,14.671,7.8,0,2.6,16.302,52.504,21.532,5.057,2.022,32.206,0,3051.551
16039960200,4520.54,561.18,53.94,26.04,17.031,11.354,0,0,36.916,4.3,0,52.215,52.978,41.42,21.588,0,0,5.671,34.168,0,0,6.7,5.812,2.2,0,0,15.898,26.251,31.068,2.889,0,16.585,0,5546.744
16039960300,2044.47,258.7,31.62,208.32,0,11.354,0,0,11.877,26.2,1.712,234.211,56.051,92.781,144.992,22.684,28.248,37.312,60.779,0,0,5.654,18.634,2.8,0,0,26.694,11.471,54.891,16.695,0,73.623,1.926,3483.699
16039960400,3421.35,681.575,159.96,178.56,51.093,11.354,0,0,14.05,0,4.922,163.822,164.756,102.208,90.826,12.709,0.349,21.34,45.524,5.623,0,21.286,5.844,5.654,0,0,82.668,40.5,65.585,15.913,9.707,18.583,0.011,5395.772
16039960500,1419.33,0,89.28,0,11.354,0,0,0,3.285,376.3,0,59.549,0,2.434,19.592,0,35.495,1.905,8.687,0,0,0,0.992,5.545,0,0,0.791,0,6.358,53.243,0,7.309,1.164,2102.613
16041970100,2881.39,103.48,53.94,7.44,22.708,11.354,0,0,15.746,63.6,4.387,78.179,117.546,87.279,102.682,0,22.898,16.906,45.47,1.128,0,28.462,46.739,0,5.1,0,67.005,211.112,40.89,54.349,0,50.865,0,4140.655
16041970200,3197.89,125.37,26.04,22.32,17.031,11.354,0,0,13.874,0,0,98.116,88.878,64.273,69.448,7.597,0,13.855,28.297,7.276,0,26.8,36.7,4.567,0,0,52.595,387.111,57.459,30.348,0,78.866,3.103,4469.168
16043970100,6202.23,253.725,29.76,14.88,5.677,0,0,0,76.469,8.4,0,32.558,7.677,4.306,26.285,1.712,0,0,31.879,0,0,0,4.435,0,0,0,14.567,11.991,7.766,8.988,7.684,3.21,0,6754.199
16043970200,1871.12,217.905,7.44,22.32,5.677,0,0,0,22.898,18.9,0,71.717,71.627,30.222,58.443,6.099,5.35,8.368,14.087,0,0,24.039,8.26,2.1,0,0,40.552,173.938,33.606,16.268,0,30.987,0,2761.923
16043970300,3098.68,449.74,26.04,33.48,90.832,0,0,0,17.619,42.1,15.515,126.613,185.936,75.542,84.938,9.095,0,18.556,29.922,0,0,47.224,9.9,4.3,0,0,56.735,89.891,45.903,23.469,17.257,29.425,0,4628.712
16045960100,2326.75,162.185,0,0,0,0,0,0,3.316,27.3,12.84,51.867,43.246,66.468,50.608,0,0,2.557,22.032,1.391,0,24.132,13.756,17.4,0,0,99.906,98.111,43.063,0,12.133,22.508,0,3101.569
16045960200,2443.06,305.465,29.76,44.64,96.509,22.708,27.574,0,14.659,1.4,8.988,118.009,77.294,69.208,74.594,6.132,0,12.305,60.872,3.21,0,54.016,43.199,7.287,9.6,0,60.933,478.127,41.648,2.474,0,19.474,0,4133.146
16045960300,3564.41,291.535,29.76,18.6,39.739,56.77,0,0,6.848,45.2,7.062,113.178,60.474,62.762,88.293,16.585,31.779,23.615,24.58,0,0,19.362,26.856,2.1,0.742,0,61.964,29.652,68.142,24.278,5.029,24.717,0,4744.032
16047960100,3185.73,455.71,35.34,152.52,0,22.708,27.574,0,16.799,3.5,25.465,135.168,182.248,118.775,288.104,17.655,22.042,30.547,53.837,2.461,0,21.469,5.456,35.1,2.984,0,68.318,171.127,61.991,39.564,6.068,57.363,2.461,5248.083
16047960200,3200.6,685.555,35.34,37.2,0,11.354,27.574,0,26.643,7.1,8.497,134.887,175.701,74.912,117.129,12.412,0,8.4,45.969,3.745,0,19.131,16.008,73.183,0,0,55.673,290.392,80.161,11.332,0,63.237,9.951,5232.087
16049940000,1869.81,519.39,35.34,22.32,5.677,0,0,0,17.441,11.9,0,66.265,29.232,40.019,36.427,13.183,0,6.419,34.182,0,0,170.841,26.86,4.2,1.5,0,13.048,55.454,61.69,12.543,5.258,7.811,0,3066.81
16049960100,1869.53,167.16,20.46,0,0,0,0,0,31.512,6.3,3.745,24.332,13.835,19.709,33.121,0,0,1.926,22.095,0,0,23.841,7.957,2.7,0,0,16.831,29.91,4.494,12.947,9.706,10.807,0,2332.918
16049960200,3163.76,516.405,35.34,74.4,51.093,0,27.574,0,47.936,46.2,11.449,218.467,111.529,131.085,156.115,19.367,32.421,28.114,83.653,2.461,0,70.686,19.98,0,13.6,0,79.593,104.528,122.728,32.769,0,60.503,0,5261.755
16049960300,942.48,105.47,24.18,0,17.031,0,0,0,5.821,54,4.173,78.875,23.325,28.943,127.425,5.36,26.75,5.093,6.152,0,0,44.662,3.978,6.5,0,0,20.426,21.502,12.519,15.835,0,34.454,5.992,1620.946
16049960400,916.674,165.17,9.3,26.04,5.677,11.354,0,0,52.287,0,0,32.963,16.206,5.139,27.224,2.675,0,2.247,40.673,0,0,21.278,1.3,2.7,8.309,0,10.962,14.755,11.236,4.957,0,17.869,0,1406.995
16051960100,1353.41,377.105,7.44,0,0,0,0,0,13.945,0,0,76.905,200.823,20.384,45.969,0,0,9.213,8.721,0,0,26.008,3.156,14.456,0,0,24.27,169.548,5.778,7.639,0,50.558,0,2415.328
16051960200,2018.67,186.065,7.44,0,0,0,0,0,1.059,0,0,15.086,93.627,25.335,40.91,1.498,0,0,15.373,0,0,22.47,7,422.496,0,0,55.723,74.713,0,2.296,0,2.247,0,2992.008
16051960300,2893.26,185.07,74.4,204.6,17.031,0,27.574,0,4.815,8,9.608,245.565,218.433,63.528,98.335,5.35,0,19.527,49.811,1.128,0,30.6,18.635,34.501,1.6,0,75.531,34.682,19.581,10.857,5.992,57.352,0,4415.366
16051960400,4279.12,715.405,0,0,0,11.354,0,0,18.832,21.7,3.852,39.114,136.315,56.581,98.461,2.033,0,8.459,41.242,2.247,0,53.932,12.7,2,1.8,0,128.225,85.828,13.849,9.216,0.404,0,0,5742.67
16053970100,1364.63,128.355,50.22,26.04,17.031,11.354,0,0,10.915,1.4,0,65.189,57.278,17.326,46.401,2.354,0,1.082,8.22,0,0,21.854,1.3,5.1,0,0,19.734,216.915,19.203,3.28,0,20.541,0,2115.722
16053970200,1252.71,418.895,0,52.08,5.677,0,0,0,1.07,9.1,9.095,34.497,88.07,41.287,78.702,3.066,58.85,14.659,16.521,0,0,21.946,6.299,7.8,0,0,28.729,143.93,2.782,2.46,0,41.087,3.103,2342.415
16053970300,2098.14,107.46,139.5,55.8,5.677,0,0,0,0,19.9,9.845,7.999,20.39,33.755,35.881,8.346,0,12.112,5.546,2.247,0,1.154,4.556,0,0,0,22.222,8.396,43.466,25.551,0,39.76,0,2707.703
16053970400,894.795,307.455,26.04,52.08,51.093,0,0,0,25.466,0,0,120.466,46.81,47.06,57.083,5.351,0,5.136,28.937,0,0,5.77,20.8,0,0,0,27.279,8.945,24.289,7.918,6.42,0.974,0,1770.167
16053970500,3177.32,249.745,0,48.36,0,0,55.148,0,32.85,8.4,0,183.41,278.353,103.228,115.043,4.719,0,2.676,59.172,0,0,97.915,38.757,46.299,0,0,83.972,351.504,30.511,10.601,6.099,8.527,0,4992.609
16055000100,3859.31,682.57,7.44,111.6,34.062,0,0,0,13.054,0,0,33.802,35.6,43.77,67.716,0,0,5.207,24.573,0,0,63.086,13.455,5.301,5.826,0,31.527,16.556,20.622,0.984,5.564,40.296,0,5121.921
16055000200,4067.16,1257.68,9.3,0,0,0,0,0,43.389,1.4,4.601,72.851,100.023,49.704,127.085,1.022,0,5.72,42.336,1.391,0,122.99,18.195,4.6,6.784,0,120.377,23.367,26.16,15.643,0,14.659,0,6136.438
16055000301,2176.03,540.285,50.22,59.52,5.677,0,0,0,1.605,6.3,0,34.362,29.628,26.726,42.44,0,0,0,12.513,0,0,30.237,10.3,15.8,0,0,44.684,15.515,2.889,0,0,13.118,0,3117.849
16055000302,2932.63,287.555,52.08,100.44,39.739,45.416,0,0,6.402,0,0,85.925,17.595,47.943,57.289,12.733,0,13.509,33.693,0,0,93.095,95.89,0,0,0,118.715,27.501,32.111,1.926,0,42.725,0,4144.912
16055000401,2613.98,247.755,14.88,55.8,45.416,34.062,55.148,0,52.751,30.1,0,153.096,95.823,88.81,110.861,3.066,0,12.402,59.79,0,0,209.794,75.756,0,4.1,0,102.334,35.752,22.898,0,0,24.717,25.787,4174.878
16055000402,2812.01,463.67,102.3,93,28.385,68.124,82.722,0,0,14.7,4.708,38.177,119.607,47.068,67.493,0.738,0,14.114,15.711,0,0,24.763,6.078,1.196,0,0,90.757,10.972,41.34,7.311,0,53.714,0,4208.658
16055000500,5971.56,362.18,61.38,44.64,34.062,56.77,27.574,0,3.531,36.4,1.605,224.957,55.742,82.204,137.935,20.865,0,83.69,103.228,0,0,24.078,45.238,1.8,0,0,103.591,15.618,64,0,0,13.545,0,7576.193
16055000601,2179.2,242.78,61.38,100.44,0,0,0,0,5.029,0,0,86.4,53.609,50.692,100.19,1.926,0,10.615,29.928,0,0,78.83,87.092,3.587,0,24,58.684,17.73,9.001,12.84,5.03,0,0,3218.983
16055000602,2363.21,140.295,128.34,126.48,102.186,68.124,82.722,0,47.508,0,1.373,107.422,59.926,102.605,100.768,6.849,0,20.892,61.341,0,0,35.553,58.102,5.977,3.2,0,56.549,41.441,55.477,18.691,20.148,49.521,0,3864.7
16055000700,7774.99,680.58,85.56,252.96,107.863,56.77,55.148,0,14.516,72.5,28.676,574.838,168.553,140.08,247.43,7.918,9.416,31.666,104.287,33.835,0,306.975,87.357,25.482,22.7,0,115.815,36.151,118.586,27.013,8.56,38.136,0,11234.36
16055000800,2180.14,25.87,42.78,74.4,79.478,158.956,0,0,0,7,0,84.67,130.396,33.514,55.888,0,0,0,21.855,0,0,49.58,68.4,2.4,18.422,0,95.334,8.691,0,21.78,0,9.392,0,3168.946
16055000900,966.603,419.89,85.56,148.8,261.142,204.372,303.314,243.3,96.063,137.1,53.286,423.737,192.965,259.914,417.188,51.895,303.666,418.531,151.604,44.19,0,68.187,48.751,10.76,4,0.718,38.915,15.512,86.464,39.18,0,22.363,24.289,5542.259
16055001001,2631.09,444.765,42.78,66.96,124.894,34.062,55.148,0,13.91,28,12.519,228.541,71.89,60.701,252.922,19.474,0,35.759,75.217,13.739,0,45.516,50.112,0,32.78,0,90.592,18.842,43.652,15.207,0,24.428,0,4533.499
16055001002,2370.51,7.96,0,52.08,0,34.062,0,0,10.165,25.9,7.597,70.866,68.425,62.978,105.64,4.387,0,5.698,43.332,0,0,59.56,27.626,6,0,0,77.368,17.741,30.187,0,0,6.566,0,3094.648
16055001100,1228.68,41.79,0,0,0,0,0,0,0,0,0,67.464,134.195,51.053,57.275,6.132,0,5.457,17.221,0,0,53.417,8.9,0,1.8,0,69.363,13.84,43.266,0,0,15.503,0,1815.356
16055001200,2903.08,135.32,35.34,133.92,85.155,102.186,27.574,182.475,1.818,96.3,0,137.207,65.91,223.438,91.903,0,0,0.621,29.059,0,0,4.508,5.58,4.782,0,0,38.214,27.056,82.189,13.268,8.773,22.822,0,4458.499
16055001300,1478.23,0,424.08,66.96,79.478,22.708,0,0,16.585,84,53.5,291.161,63.787,80.322,115.777,18.13,0,22.053,46.028,2.675,0,2.354,10.112,2.2,2.143,0,58.226,6.866,38.734,9.63,0,59.814,0,3055.553
16055001400,1323.96,0,55.8,163.68,124.894,45.416,55.148,60.825,145.591,73.6,4.066,237.609,45.459,159.926,337.581,45.769,0,49.631,129.226,0,0,8.47,100.789,7.683,25.4,0,65.748,12.962,104.887,34.543,8.999,7.34,5.35,3440.352
16055001500,1608.67,34.825,74.4,66.96,85.155,0,0,0,8.025,28.7,0,46.764,1.132,58.811,53.883,0,0,8.935,11.16,6.634,0,3.5,7.208,0,0,0,26.417,0.58,10.002,0,0,39.226,9.095,2190.082
16055001600,1206.15,0,238.08,107.88,68.124,22.708,0,0,63.344,64.4,0,34.791,40.018,39.712,109.984,4.28,0,12.38,25.242,2.255,0,4.48,3.668,0,0,0,30.358,7.444,49.862,17.441,0,0,0,2152.601
16055001700,2478.78,10.945,37.2,119.04,28.385,68.124,82.722,0,12.946,10.5,0,51.612,16.688,24.25,87.696,8.191,0,14.403,107.087,1.391,0,13.277,12.434,0.2,97,0,43.851,18.177,9.031,141.115,0,0,0,3495.045
16055001800,5769.79,42.785,132.06,40.92,124.894,22.708,0,0,44.316,23.8,0,32.013,48.304,29.981,128.944,0,0,20.727,49.46,0,0,5.308,11.542,3,21,0,52.413,12.875,20.987,0,0,13.675,0,6651.502
16055001900,2626.23,287.555,0,0,0,79.478,137.87,0,52.715,4.9,0,21.895,15.639,12.676,58.578,0,0,6.548,19.784,1.128,0,38.213,2.92,0,0,0,41.34,24.431,5.457,9.185,3.531,10.486,0,3460.559
16055002000,2750.02,89.55,0,0,0,0,0,0,31.565,0,11.556,27.488,25.607,10.929,56.803,0,0,1.081,6.111,0,0,25.014,10.89,0,0,0,38.118,13.197,12.732,0,5.243,2.044,0,3117.948
16055940000,3004.25,393.025,0,0,5.677,0,0,0,46.262,1.4,0,16.157,14.316,6.66,27.436,0,0,0,17.788,0,0,23.364,2.934,1.5,0,0,23.87,12.651,13.092,1.64,0,16.264,0,3628.286
16057005100,1386.23,487.55,440.82,476.16,272.496,351.974,193.018,0,65.555,37.3,0,471.146,108.996,131.13,265.532,24.824,0,74.534,186.28,20.972,0,15.624,54.579,2.7,0,4.299,61.895,37.778,123.632,22.149,17.227,80.301,115.666,5530.367
16057005200,2948.62,138.305,273.42,59.52,28.385,158.956,55.148,0,0,58.1,26.857,19.291,11.198,29.538,71.017,0,0,1.926,33.719,1.391,0,7.5,13.86,0,0,0,33.184,16.548,45.582,0,0,52.43,0,4084.496
16057005300,1803.9,277.605,358.98,182.28,363.328,238.434,110.296,60.825,0,39.9,24.931,134.493,26.455,71.559,126.567,18.191,42.8,70.828,41.261,2.461,0,7.549,8.59,1.3,3.709,0,59.797,29.805,35.657,7.182,0,6.217,0,4154.9
16057005400,462.264,305.465,76.26,245.52,295.204,204.372,55.148,60.825,8.079,1136.6,57.994,131.741,49.772,60.836,39.148,4.173,0,18.361,21.506,0,0,37.861,2.9,13.9,0,0,23.886,13.982,69.575,2.951,0,18.832,2.36,3419.515
16057005500,1881.03,363.175,9.3,14.88,0,0,27.574,0,1.016,0,0,44.543,38.054,18.026,35.722,4.708,0,1.712,20.236,0,0,39.772,6.968,0,0,0,33.02,72.347,21.828,7.887,0,7.426,0,2649.224
16057005600,1894.12,306.46,11.16,14.88,11.354,0,0,0,3.174,0,0,55.95,34.282,30.103,31.807,3.103,0,1.926,21.995,0,0,34.809,9.356,2.8,0,0,32.405,43.114,38.258,11.739,14.155,45.154,0,2652.104
16057005700,1481.13,309.445,3.72,29.76,11.354,0,27.574,0,6.348,0,0,44.914,55.186,30.63,48.863,6.68,0,4.837,11.733,0,0,7.988,83.342,2.8,0,0,43.469,101.446,26.537,11.201,11.324,75.033,3.103,2438.417
16059970100,1465.15,247.755,33.48,0,34.062,0,0,0,73.296,3.9,0,48.486,37.63,55.927,35.44,0,0,1.621,31.213,0,0,89.22,12.94,0,0,0,31.255,20.535,46.699,17.876,5.66,3.21,0,2295.354
16059970200,1488.33,277.605,107.88,74.4,5.677,34.062,27.574,0,31.975,41.3,17.762,235.772,66.569,123.119,118.856,10.379,23.54,23.262,90.008,2.889,0,12.1,18.194,0,6.909,0,21.912,29.471,24.077,16.904,0.404,38.199,0,2969.129
16059970300,1725.36,402.975,16.74,11.16,0,0,0,0,3.663,3.9,0,11.836,21.862,7.22,10.857,0,0,0,12.746,0,0,2,2.2,0,0.87,0,19.756,42.799,0,9.144,0,22.682,0,2327.77
16061940001,823.268,146.265,29.76,22.32,5.677,11.354,0,0,29.425,9.1,0,46.384,12.465,20.742,52.555,0,10.379,10.914,8.668,0,0,5.59,3.8,0,0,0,10.652,4.182,19.073,10.74,0,28.248,0,1321.561
16061940002,1157.06,133.33,13.02,7.44,5.677,0,0,0,7.811,33.7,0,38.097,63.553,16.905,30.758,7.276,0,5.564,34.222,0,0,28.529,4.2,0,0,0,9.523,75.266,13.709,21.783,4.28,34.776,0,1746.479
16061950300,52.4535,0.995,0,0,0,0,0,0,0,0,0,0,0,0,0,0,0,0,0,0,0,0,0,0,0,0,0,0,0,0.001,0,0,0,53.4495
16063950100,2167.05,445.76,5.58,11.16,11.354,0,0,0,5.992,25.9,4.173,61.859,76.091,40.441,65.483,3.578,0,13.926,52.906,0,0,8.008,9.9,28.8,0,0,36.171,100.836,77.292,11.688,4.971,70.833,0,3339.751
16065950100,2671.95,181.09,20.46,3.72,11.354,0,0,0,10.343,2.8,0,134.943,90.422,34.841,86.672,0,0,12.109,21.614,2.256,0,37.154,0,81.601,0,0,50.618,140.775,18.19,4.815,0,65.912,0,3683.639
16065950200,619.344,64.675,107.88,111.6,187.341,68.124,27.574,60.825,30.709,8.3,4.602,257.956,32.819,106.411,109.36,20.758,0,21.316,59.513,13.803,0,1.9,49.299,4.499,0,0,16.211,19.211,12.103,24.396,4.815,50.175,2.461,2097.98
16065950301,199.716,24.875,98.58,279,113.54,136.248,137.87,121.65,8.774,269.6,0,12.626,0,32.496,74.429,0,0,0,7.686,4.173,0,4.4,0,0,0,0,6.583,0,5.35,11.149,0,0,0,1548.745
16065950302,1269.82,30.845,94.86,572.88,329.266,556.346,358.462,243.3,16.157,120.4,5.778,102.532,24.611,23.08,74.247,0,0,6.453,35.825,0,0,16.3,2.775,20.999,0,0,35.247,23.8,7.918,0.417,0,68.437,171.628,4212.383
16065950400,1765.09,113.43,93,44.64,51.093,215.726,55.148,0,0,4.9,0,183.373,111.396,56.73,125.481,9.834,53.5,94.769,35.684,0,0,12.099,5.837,2.4,0,0,60.714,115.494,33.504,10.058,0,63.494,0,3317.394
16065950500,1914.41,243.775,29.76,11.16,0,0,0,0,7.954,0,0,81.448,56.07,11.039,61.617,0,0,1.081,34.687,0,0,29.063,13.5,18.5,0,0,57.123,102.855,11.166,0,0,20.651,0,2705.859
16067970100,1632.6,91.54,27.9,22.32,0,22.708,0,0,0,0,0,49.246,133.778,60.496,24.814,2.889,0,0,18.965,0,0,54.3,8.134,57.6,0,0,42.496,259.393,15.741,4.588,0,33.812,0,2563.32
16067970200,2197.72,295.515,133.92,37.2,5.677,0,0,0,7.597,0,0,227.502,132.018,36.984,87.636,0,0,2.162,36.687,0,0,31.04,13.056,9.001,0,0,75.769,107.23,36.645,2.951,0,28.137,0,3504.447
16067970300,1267.11,222.88,0,0,0,11.354,0,0,0,7.9,10.057,38.199,64.374,25.229,46.738,0,0,9.523,8.776,0,0,36.417,2.901,12.2,0,0,18.57,193.565,28.275,3.414,0,12.744,0,2020.226
16067970400,1706.84,171.14,14.88,174.84,51.093,11.354,27.574,0,10.165,35.7,0,142.416,93.963,210.784,127.716,13.161,85.129,18.383,54.062,0,0,12.2,20.181,34.899,0,0,23.194,23.176,71.46,17.761,3.103,73.797,0,3228.971
16067970500,1403.06,471.63,59.52,18.6,0,11.354,0,0,0,8.4,1.373,93.892,78.458,43.352,37.854,4.28,0,15.11,28.285,0,0,4.5,5.8,19.5,0,0,16.687,69.295,20.129,0,0,5.671,0,2416.75
16069940000,2127.78,467.65,18.6,3.72,28.385,11.354,0,0,1.712,0,0,37.411,23.432,11.335,26.911,1.533,0,19.383,17.337,0,0,40.454,1.978,4.4,4.6,0,23.711,64.481,27.536,65.188,3.959,62.08,0,3094.929
16069960200,259.089,22.885,0,0,0,0,0,0,0,0,0,0,4.922,0.881,1.348,0,0,0,0,0,0,0,0,0,0,0,0,9.79,5.029,0,0,0,0,303.944
16069960300,1468.14,258.7,176.7,186,136.248,56.77,165.444,0,235.689,72.8,0,609.623,704.186,234.59,364.003,58.529,127.223,156.655,263.347,42.256,0,248.569,171.17,14.591,1.1,0,179.41,37.497,74.92,106.209,22.684,13.754,0,6186.807
16069960400,1636.16,14.925,98.58,59.52,17.031,22.708,27.574,0,36.506,66.3,0,41.195,32.089,32.593,28.161,28.034,0,19.003,25.965,0,0,18.3,9.156,2.8,0,0,37.877,4.911,21.426,0,0,17.27,64.2,2362.284
16069960500,1733.68,14.925,74.4,145.08,56.77,90.832,0,0,0,180.2,18.511,347.457,30.574,83.752,134.1,10.379,2.675,48.717,33.609,0,0,9.27,16.59,0,0,0,13.887,15.229,39.308,0,0,23.925,0,3123.87
16069960600,2321.42,195.02,33.48,122.76,90.832,0,82.722,121.65,16.371,92.4,16.799,303.365,67.311,103.248,87.014,12.153,0,24.684,142.383,0,0,42.308,6.1,4,0,0,51.002,16.394,32.886,3.316,0,51.477,0,4041.095
16069960700,2764.7,294.52,68.82,159.96,73.801,22.708,27.574,60.825,25.11,11.3,14.552,84.996,50.061,22.941,213.047,5.35,0,23.995,57.355,2.461,0,22.32,9.38,2.9,0,0,44.25,25.295,34.065,2.14,1.712,21.435,0,4147.573
16069960800,1873.46,82.585,94.86,33.48,11.354,22.708,27.574,0,0,5.6,0,84.84,62.546,44.545,39.055,0,0,5.457,13.74,12.406,0,10.3,0.86,0,0,0,47.348,14.704,56.389,0,0,12.935,0,2556.746
16069960900,1280.48,285.565,59.52,18.6,102.186,0,0,0,0,50.4,48.15,63.803,72.608,40.461,43.947,16.05,0,14.889,12.412,0,0,1.9,11.266,10.76,0,0,15.49,4,23.754,0,0,97.321,0,2273.562
16069961000,2951.7,170.145,24.18,0,0,0,0,0,0,4.9,1.391,36.887,17.013,22.624,43.358,0,0,1.926,32.501,0,0,14.24,3.82,0,2.968,0,52.927,20.955,11.556,11.449,0,29.933,0,3454.473
16071960100,2599.3,71.64,22.32,3.72,5.677,22.708,0,0,8.025,35,30.602,104.918,77.063,41.639,49.554,0,4.494,8.058,39.645,1.605,0,27.2,7.278,6.9,19.452,0,29.807,77.061,23.202,10.502,5.243,51.584,0,3384.196
16073950101,1912.26,234.82,16.74,48.36,0,0,27.574,0,9.631,23.8,11.235,61.895,61.361,38.288,35.061,3.852,0,9.416,24.146,0,0,37.2,21.656,0,2.967,0,23.469,75.913,41.516,2.623,0,21.294,0,2745.078
16073950102,1081.61,319.395,0,55.8,11.354,11.354,0,0,6.634,33.3,0,31.512,63.513,15.817,30.367,3.317,0,4.708,15.554,0,0,6.501,8.112,10.7,0,0,16.482,52.378,32.858,4.412,0,46.056,0,1861.734
16073950200,1633.35,627.845,0,14.88,17.031,22.708,0,0,5.349,7.5,0,35.952,68.319,13.047,25.896,0,0,1.926,14.069,0,0,2.308,4.2,0,1.2,0,5.725,95.422,13.306,36.435,4.448,38.934,0,2689.85
16075960100,2916.36,310.44,89.28,74.4,56.77,22.708,27.574,0,0,8.3,17.548,106.519,88.821,91.299,114.071,11.77,0,8.774,46.736,1.284,0,102.007,67.157,4.591,1.484,0,51.615,33.189,64.467,41.211,2.567,37.855,0,4398.797
16075960200,1422.98,150.245,53.94,100.44,17.031,0,27.574,0,0,24.5,16.799,75.635,37.118,44.691,41.067,27.392,0,2.461,11.343,0,0,56.308,13,0.6,0,0,19.762,22.174,15.579,0,0,23.54,0,2204.179
16075960300,3348.42,617.895,5.58,189.72,11.354,0,0,0,0,0,0,138.026,177.537,95.783,166.695,12.413,1.018,42.582,34.677,10.914,0,38.048,28.799,43.864,2.968,0,69.249,338.841,51.158,3.935,0,26.215,0,5455.69
16075960400,2066.54,354.22,9.3,18.6,0,11.354,0,0,2.996,0,4.387,72.85,75.636,36.286,78.844,2.247,0,4.675,26.617,0,0,8.701,3.2,1.2,7.83,0,48.871,122.072,37.999,2.296,4.854,30.753,0,3032.328
16077960100,813.824,184.075,0,0,0,0,0,0,8.31,5.6,2.782,24.797,64.904,21.153,65.649,2.461,0,7.753,6.456,1.128,0,5.2,4.2,129.7,0.84,0,25.539,85.519,18.134,3.78,18.604,12.987,0,1513.395
16077960200,2289.35,508.445,0,26.04,17.031,22.708,27.574,0,23.861,15.3,1.373,135.865,162.223,125.703,112.296,17.334,28.783,25.381,41.262,0,0,94.971,2.501,144.799,1.5,0,53.562,194.86,45.75,28.377,8.025,43.717,0,4198.591
16079960200,2365.74,442.775,22.32,52.08,28.385,11.354,0,0,39.036,0,0,119.378,20.177,67.202,42.52,3.317,0,5.243,49.022,0,0,83.627,22.956,34.5,10,0,57.664,11.449,38.572,24.269,0,26.129,0,3577.715
16079960300,1952.37,279.595,83.7,81.84,96.509,0,27.574,0,69.764,39.2,13.803,155.954,16.904,56.253,72.772,10.96,52.859,57.224,53.487,0,0,14.3,78.3,3.891,3,0,31.527,11.125,47.52,23.268,0,42.479,0,3376.178
16079960400,3151.98,165.17,40.92,59.52,79.478,45.416,0,0,42.996,36.8,15.301,87.779,76.891,76.178,71.982,27.606,0,16.371,75.932,0,0,17.054,42.29,0,41.042,0,24.144,7.254,66.155,27.752,9.311,55.168,0,4360.49
16081960100,6003.92,688.54,187.86,338.52,198.695,34.062,0,0,126.848,4.9,0,199.681,81.438,108.602,208.484,8.239,37.45,26.8,124.178,0,0,45.119,94.322,6.782,1.484,0,146.444,138.347,71.236,36.528,4.601,38.594,0,8961.674
16083000200,3097.84,0,193.44,126.48,113.54,11.354,0,0,7.704,4.2,0,149.926,23.337,68.039,111.079,17.473,2.204,39.013,45.845,0,0,3,2.97,14.083,0,0,53.681,27.568,44.965,0,0,41.699,0,4199.44
16083000300,2645.86,362.18,11.16,11.16,0,0,0,0,0,0,5.564,51.219,68.07,30.554,92.156,1.712,0,6.751,27.368,0,0,12.962,7.678,1.8,0,0,32.728,331.845,20.223,0,0,7.394,0,3728.384
16083000400,1833.91,237.805,40.92,89.28,62.447,0,0,0,14.873,32.2,15.943,116.202,81.506,64.807,73.111,13.612,0,11.139,33.247,0,0,2.5,33.601,315.2,2.8,0,40.257,22.672,75.435,17.245,4.922,1.06,0,3236.695
16083000500,2564.52,284.57,11.16,48.36,28.385,0,0,0,0,0,0,38.354,326.254,29.91,67.343,0,0,1.621,32.672,0,0,75.3,120,12.4,1.484,0,55.8,97.472,42.517,12.689,0,51.233,0,3902.044
16083000600,1634.01,79.6,0,0,0,45.416,0,0,5.885,6.3,1.391,36.984,83.153,35.014,76.853,3.21,0,3.243,32.464,0,0,8.7,18.334,120.199,0,0,46.784,75.196,8.345,3.103,0,2.247,0,2326.431
16083000700,4485.29,260.69,165.54,584.04,141.925,22.708,137.87,0,39.27,65.1,27.286,171.435,58.54,151.133,152.408,5.633,23.433,126.538,59.468,1.284,0,3.908,5.478,0,5.8,0,79.564,43.004,81.583,28.891,0,19.367,0,6947.187
16083000800,2660.17,107.46,167.4,345.96,28.385,34.062,0,0,58.531,86.6,10.296,244.178,40.672,152.13,178.565,21.184,0,67.56,91.717,1.284,0,6.963,5.1,11,0,0,30.999,16.604,67.194,98.549,4.045,1.947,582.401,5120.955
16083000900,2411.18,48.755,31.62,11.16,0,11.354,82.722,121.65,49.434,103.6,12.928,296.97,46.427,30.427,77.314,0,0,21.726,58.14,10.271,0,4.1,5.857,1.701,1.484,0,32.253,25.49,14.567,6.848,0,0.942,0,3518.919
16083001000,4466.68,122.385,57.66,334.8,22.708,11.354,0,0,16.371,68.2,3.852,333.861,536.158,172.158,199.829,6.42,0,46.621,147.681,5.729,0,234.307,99.592,65.5,3.71,0,173.462,63.146,30.746,14.98,0,47.108,0,7285.019
16083001100,1007.56,0,204.6,230.64,34.062,68.124,82.722,0,14.338,58.3,14.659,395.841,162.332,160.797,295.87,43.442,6.484,37.114,97.701,9.844,0,15.824,37.878,145,0,0,57.249,22.96,81.906,228.594,9.737,43.977,0,3567.555
16083001200,2823.23,441.78,48.36,115.32,124.894,11.354,0,0,24.503,21.5,0,154.416,271.075,75.501,72.406,0,0,9.951,31.792,0,0,176.492,77.835,176.801,0,1.1,72.32,10.631,34.201,10.273,1.177,18.189,0,4805.101
16083001300,3370.39,262.68,5.58,33.48,28.385,0,0,0,3.175,25.2,11.449,90.26,105.321,69.302,91.616,4.494,0,6.566,32.085,1.391,0,17.354,7.378,5.2,1.2,0,63.568,100.386,81.334,14.762,0,40.991,0,4473.548
16083001400,457.215,69.65,0,7.44,0,0,0,0,0,1.4,0,28.942,26.819,5.172,9.674,0,0,0,2.443,0,0,1.154,1.4,0,0,0,7,82.236,0.963,1.312,0,6.42,0,709.2401
16083001500,1242.61,289.545,0,3.72,0,0,0,0,7.757,0,0,71.803,47.589,38.281,119.089,0,0,6.324,37.925,0,0,5.962,4.89,14.387,4.8,0,50.273,112.883,24.904,0,0,5.992,1.926,2090.66
16085970100,4477.43,798.985,29.76,14.88,34.062,0,0,0,27.998,3.7,0,56.513,36.987,40.491,71.577,5.136,12.305,1.622,31.505,0,0,6.933,4.711,0,0.741,0,38.934,7.482,40.875,12.447,8.089,18.852,0,5782.016
16085970200,4744.94,71.64,0,66.96,255.465,181.664,27.574,0,44.833,23.9,0,115.63,18.167,42.742,46.676,0,0,7.275,31.188,0,0,1.8,3.299,1.196,0,0,39.47,4.66,19.795,14.338,0,0,0,5763.211
16085970300,4903.61,521.38,13.02,48.36,85.155,158.956,27.574,0,50.326,0,3.531,158.543,98.678,67.198,185.636,6.955,35.31,21.642,82.975,0,0,48.508,19.937,4.782,5.193,0,115.899,34.599,75.227,69.348,4.922,58.86,6.099,6912.224
16087970100,1063.09,138.305,3.72,7.44,5.677,0,0,0,9.63,9.8,0,34.962,34.793,9.085,22.096,2.889,0,0.855,25.972,0,0,9.101,2.599,0,0,1.2,24.766,97.104,23.364,2.624,6.876,43.74,0,1579.688
16087970200,1899.73,162.185,0,14.88,11.354,22.708,0,0,6.687,47.1,9.095,280.604,104.294,98.07,57.158,9.368,31.565,18.404,73.862,2.519,0,88.099,4.6,48.6,0,0,41.554,79.92,62.542,22.669,0,17.686,2.36,3217.613
16087970300,2060.55,279.595,22.32,40.92,17.031,0,82.722,0,17.085,0,0,37.084,57.027,31.702,323.967,0,0,2.579,31.466,0,0,8.208,12.424,8.091,0,0,35.112,81.908,24.448,0,0,68.845,0,3243.084

