Tract,RES1F,RES2F,RES3AF,RES3BF,RES3CF,RES3DF,RES3EF,RES3FF,RES4F,RES5F,RES6F,COM1F,COM2F,COM3F,COM4F,COM5F,COM6F,COM7F,COM8F,COM9F,COM10F,IND1F,IND2F,IND3F,IND4F,IND5F,IND6F,AGR1F,REL1F,GOV1F,GOV2F,EDU1F,EDU2F,TotalSqft
23001010100,116.85,0,121.482,295.368,243.663,71.316,57.732,127.35,0,12.5,14.338,149.586,46.331,97.621,113.907,15.55,0,32.064,47.722,2.354,0,7.2,12.573,0,0,0,11.344,2.762,50.825,49.499,0,20.064,0,1720.001
23001010200,1580.14,43.26,109.572,166.74,130.746,190.176,144.33,254.7,8.56,82.7,6.42,945.025,96.245,127.932,223.626,36.974,0,48.385,118.195,14.659,0,36.83,8.843,0,2.94,1.2,43.616,31.027,77.272,6.12,0,24.182,0,4560.416
23001010300,313.404,10.3,209.616,471.636,213.948,71.316,28.866,0,0,0.3,0,37.606,8.902,14.222,37.544,2.675,0,14.168,3.745,0,0,0,4.8,0,0,0,10.338,4.25,17.227,11.128,8.453,34.454,0,1528.898
23001010400,910.446,0,247.728,0,0,11.886,28.866,0,14.98,89.6,125.19,37.343,80.867,120.321,66.845,3.852,0,12.123,37.878,0,0,11.021,0,2.8,0,0,28.32,19.737,28.462,0,6.282,20.758,5.891,1911.196
23001010500,268.304,11.33,373.974,290.604,106.974,0,0,63.675,1.712,16.1,0,25.087,69.358,46.758,40.912,0,5.992,5.778,33.803,0,0,0,13.4,0,0,0,8.444,0.92,12.519,0,0,0,0,1395.644
23001010600,1440.58,37.08,228.672,85.752,17.829,0,0,0,56.121,5.3,0,71.574,57.459,29.899,47.595,0,0,3.424,26.857,0,0,7.6,3.097,0,0,0,21.171,13.202,11.984,0.728,0,33.705,0,2199.629
23001010700,1291.5,135.96,121.482,38.112,41.601,59.43,86.598,0,1.177,0.3,0,135.402,281.056,118.805,139.057,12.776,25.252,59.133,31.904,1.498,0,944.311,326.947,158,9.7,0,119.234,26.1,20.651,16.38,0,6.206,0,4208.572
23001010800,2300.1,24.72,154.83,95.28,17.829,0,0,0,0,9.1,0,23.464,18.768,28.769,48.756,0,4.815,4.484,16.839,0,0,116.7,145.846,40,0,0,8.244,10.78,10.689,0,0,19.249,0,3099.262
23001020100,30.914,0,90.516,200.088,124.803,106.974,173.196,127.35,0,62.3,1.926,151.065,163.585,130.237,320.598,64.993,23.326,81.845,122.052,0,0,78.66,187.58,2.2,0,0,29.307,2.587,53.735,96.633,20.651,58.859,14.017,2519.997
23001020200,317.34,0,269.166,128.628,35.658,35.658,0,0,6.099,7.7,0,92.818,92.983,21.905,77.628,13.803,429.284,107.117,9.586,0,0,40.504,27.9,0,0,0,19.07,3.45,8.453,1.82,0,16.799,0,1763.369
23001020300,580.56,10.3,669.342,781.296,885.507,202.062,0,191.025,10.383,544.8,119.84,74.667,4.922,108.546,64.533,15.836,9.416,101.724,22.035,0,0,0,0,2.3,0,0,13.038,4.69,34.473,1.498,0,18.725,87.74,4559.259
23001020400,299.218,0,102.426,595.5,320.922,261.492,28.866,0,0,23.1,0,129.646,367.973,63.236,505.291,7.704,0,15.708,45.458,0,0,38.06,83.344,5.2,22,0,25.443,1.724,73.678,4.004,0,10.774,0,3030.767
23001020500,1205.07,7.21,454.962,362.064,77.259,47.544,0,0,3.103,7.7,0,133.614,44.162,61.254,91.485,17.12,0,11.706,33.171,0,0,5.13,13.1,1.7,49.4,0,29.382,11.601,10.325,0,0,13.161,0,2691.223
23001020600,1308.23,112.27,119.1,47.64,5.943,0,0,0,65.056,0,3.959,137.076,293.133,48.784,141.05,3.067,0,45.657,54.141,0,0,105,62.887,19.1,55.8,0,98.538,34.467,46.99,31.45,0,23.101,0,2862.439
23001020700,2366.52,0,416.85,166.74,142.632,0,0,0,1.177,32.3,27.392,89.361,14.608,52.541,72.462,9.523,1.177,16.264,18.904,0,0,50.608,2.4,1.7,0,0,21.266,14.52,32.782,0,0,45.068,0,3596.795
23001020800,2937.73,426.42,240.582,119.1,267.435,11.886,0,0,12.091,78.4,38.413,166.025,376.697,200.572,146.013,10.914,0,40.654,80.35,0,0,162.9,69.829,4,1.614,0,79.21,7.683,37.225,4.954,0,24.93,26.964,5572.591
23001020900,1300.11,116.39,223.908,195.324,89.145,106.974,86.598,0,15.408,253.1,23.433,98.377,75.97,102.328,127.302,1.284,0,66.234,77.632,0,0,139.66,15.801,8.5,0,0,97.931,13.225,17.794,15.346,0,0,5.992,3273.766
23001030100,1330.86,581.95,207.234,76.224,17.829,11.886,57.732,0,1.712,23.8,12.412,431.362,22.486,50.671,70.086,9.095,0,27.089,16.514,1.391,0,4.5,242.6,0,0,0,22.509,21.699,39.59,16.419,10.272,19.829,0,3327.751
23001030200,1641.56,233.81,38.112,304.896,71.316,23.772,28.866,0,6.741,4.2,0,107.666,43.003,61.569,56.088,5.885,0,3.804,36.416,0,0,363.86,45.087,19.911,0,0,95.213,8.41,30.174,12.841,0,68.021,0,3311.221
23001040000,2109.2,90.64,83.37,0,11.886,0,0,0,9.309,0,0,29.05,30.556,27.347,28.485,0,0,0.56,12.412,0,0,9.51,5.36,0,1.7,0,44.844,26.05,17.762,0,22.272,13.589,0,2573.902
23001041000,2936.99,550.02,69.078,33.348,0,11.886,0,0,60.518,4.7,0,89.093,42.267,110.775,75.302,0,0,33.487,48.098,0,0,28.6,1.4,0,0,0,40.481,29.91,42.907,27.651,0,32.71,0,4269.221
23001041500,2100.84,542.81,183.414,152.448,11.886,23.772,28.866,0,0,21,3.959,72.701,65.718,98.868,233.13,20.437,0,4.633,39.055,27.442,0,155.19,21.487,8.11,0,0,77.154,29.687,33.277,15.283,5.136,56.696,0,4032.999
23001042000,2885.91,420.24,97.662,19.056,23.772,0,28.866,0,1.926,2.4,0,122.768,79.375,94.86,54.066,1.284,0,12.947,29.417,0,0,96.53,6.137,0,0,0,67.019,106.256,18.19,14.619,5.774,65.912,0,4254.986
23001043000,1100.85,212.18,11.91,0,5.943,0,0,0,10.807,0,0,50.339,7.276,15.59,17.021,0,0,1.07,14.338,0,0,14.352,6.4,0,0.16,0,30.561,9.1,10.582,1.82,10.311,13.161,0,1543.771
23001044000,1145.05,340.93,145.302,47.64,53.487,11.886,0,0,5.35,8.4,30.797,71.596,31.895,44.354,64.986,3.066,0,12.305,22.683,0,0,61.37,4.459,9.341,0,0,18.618,14.937,27.488,9.72,8.249,53.607,0,2247.516
23001045000,1045.01,233.81,14.292,0,47.544,0,0,0,32.639,0,1.391,34.659,20.119,16.5,13.234,1.177,0,13.161,11.021,0,0,40.61,0,0,0,0,17.454,14.625,6.527,6.72,0,13.161,0,1583.654
23001046000,2246.72,249.26,26.202,28.584,11.886,11.886,0,0,3.535,4.2,4.922,58.402,10.486,48.286,58.465,0,0,2.404,20.634,6.848,0,27.72,67.177,4.9,4.829,0,60.131,17.552,5.564,3.103,0,19.367,0,3003.063
23001046500,2384.97,890.95,111.954,42.876,59.43,0,0,0,5.671,7.7,21.4,109.528,42.343,104.62,55.869,0,0,8.573,44.843,0,0,4,0,0,0,0,137.972,24.76,24.011,4.922,11.062,49.307,0,4146.761
23003950100,2799.4,106.09,28.584,4.764,0,0,28.866,0,3.102,6.3,21.4,18.278,10.808,10.835,19.763,0,0,0,28.527,0,0,3.3,4.787,0,0,0,10.75,45.252,23.647,4.152,10.62,18.832,0,3208.057
23003950200,1033.86,122.57,321.57,133.392,23.772,35.658,0,0,13.911,42.5,11.021,63.412,39.026,39.014,35.381,7.062,0,2.14,26.92,0,0,48.68,1.4,4,0,0,13.161,27.31,75.05,34.767,9.951,36.235,1.926,2203.689
23003950300,1823.52,224.54,333.48,142.92,77.259,23.772,57.732,63.675,23.326,50.4,6.741,49.424,46.906,38.899,24.666,0,11.128,14.815,20.855,0,0,425.042,3.3,31.2,0,0,19.771,79,31.993,24.204,7.811,22.363,0,3678.742
23003950400,964.32,100.94,73.842,66.696,0,0,0,0,6.851,0,22.363,130.648,29.514,22.642,45.011,15.408,0,4.438,34.088,0,0,12.83,5.8,0,0,0,18.83,41.829,23.86,28.753,0,54.57,0,1703.233
23003950600,1645.74,283.25,102.426,181.032,77.259,0,28.866,0,29.001,91.3,13.161,232.416,135.531,77.612,78.379,18.297,184.468,53.8,70.609,1.605,0,94.028,172.879,4.1,0,0,39.231,36.646,42.998,34.971,5.992,45.69,28.034,3809.321
23003950700,2466.81,287.37,16.674,38.112,53.487,11.886,0,0,11.342,53.9,23.54,45.602,27.991,18.182,14.788,4.354,0,6.735,8.453,0,0,23.34,5.1,0,0,0,27.51,8.95,41.511,9.911,7.011,27.82,0,3240.379
23003950900,1414.5,221.45,42.876,76.224,11.886,0,28.866,0,20.544,0,0,53.928,52.529,30.035,42.863,6.206,0,4.548,12.305,0,0,90.334,2.687,0,0,0,17.832,15.745,21.226,34.292,0,29.222,0,2230.098
23003951000,1532.66,239.99,9.528,104.808,5.943,0,57.732,0,12.946,0,0,33.769,12.733,19.217,28.314,8.239,0,11.876,26.001,0,0,10.37,4.473,10.1,0,0,31.557,32.849,46.747,10.402,0,54.784,0,2305.038
23003951100,1332.09,188.49,26.202,28.584,5.943,0,0,0,2.354,1.4,0,12.091,49.541,30.031,73.634,0,14.445,2.461,7.901,0,0,7.34,0.987,0,0,0,27.26,101.964,17.869,2.184,10.311,13.375,0,1956.457
23003951200,1116.59,94.76,73.842,142.92,47.544,0,28.866,0,2.033,4.9,5.029,317.343,54.683,46.025,68.504,0,0,38.993,22.149,2.458,0,0,14.37,0,0,0,18.05,26.12,70.739,25.771,0,33.352,0,2255.042
23003951300,1309.95,235.87,138.156,85.752,83.202,0,28.866,0,40.137,82.2,48.364,311.67,87.711,123.771,107.923,30.661,149.8,48.012,101.99,0,0,39.642,39.2,9.355,2.1,0,34.949,63.914,15.087,37.664,9.416,24.439,2.675,3292.476
23003951400,976.62,83.43,21.438,23.82,47.544,59.43,0,0,122.836,1.4,0,52.302,30.962,14.359,113.017,3.066,15.625,25.145,17.086,0,0,106.5,3.2,0,0,0,38.113,29.357,10.807,1.819,0,11.342,0,1809.218
23003951600,706.266,107.12,54.786,223.908,29.715,11.886,0,0,3.103,330.6,8.025,29.474,40.057,23.705,24.435,3.852,0,4.922,15.765,0,0,2.2,2.2,0.75,0,0,33.404,23.042,36.098,45.669,3.638,26.857,0,1791.477
23003951700,1893.54,325.48,142.92,157.212,65.373,35.658,57.732,0,0,0,0,57.016,57.873,50.838,74.427,12.685,32.314,26.651,28.582,2.458,0,64.79,17.493,108.928,0,0,32.587,55.381,27.156,13.85,3.896,101.436,0,3446.276
23003951800,1253.12,174.07,102.426,185.796,225.834,59.43,28.866,0,13.161,2.8,0,709.152,217.067,126.263,218.099,36.973,7.276,26.279,74.508,12.292,0,25.722,12.4,0,0,0,29.884,28.86,25.433,85.768,10.165,43.121,0,3734.765
23003951900,1206.14,37.08,114.336,114.336,124.803,23.772,57.732,63.675,59.92,51.8,38.627,111.679,27.87,38.59,139.457,10.117,128.4,90.843,14.463,0,0,5.4,14.56,4.055,0,0,13.852,7.64,29.211,1.819,0,13.161,0,2543.337
23003952000,1012.29,118.45,288.222,57.168,59.43,11.886,0,0,12.519,188,0,205.374,131.624,75.714,99.17,0,0,23.394,42.72,0,0,212.601,83.417,56.569,0,0,40.986,26.997,43.301,38.905,0,86.947,32.101,2947.785
23003952100,1140.21,110.21,47.64,76.224,112.917,0,0,0,4.815,60.8,19.902,33.135,48.471,32.795,42.642,3.317,0,8.453,20.108,0,0,2.78,17.53,54.8,0,0,25.009,29.774,26.643,10.616,0,31.137,0,1959.928
23003952300,1732.58,191.58,0,76.224,5.943,11.886,0,0,1.926,0,0,14.65,45.949,18.651,15.295,0,0,2.801,5.992,0,0,0,11.399,0,0,0,7.41,75.38,19.901,14.468,0,13.589,0,2265.624
23003952400,1261.41,79.31,131.01,204.852,130.746,47.544,115.464,0,18.083,117.7,93.08,166.39,71.515,126.215,104.29,16.929,0,15.595,60.753,0,0,27.112,17.5,56.4,6.458,0,64.082,35.656,90.601,24.947,14.9,85.407,2.357,3186.306
23003952500,940.95,40.17,76.224,157.212,41.601,0,0,0,18.832,67.9,22.898,214.971,85.234,155.738,85.845,13.054,107,40.553,41.16,0,0,14.521,11.5,28.9,0,0,32.036,17.159,18.81,4.237,7.811,25.787,0,2270.103
23003952600,1849.35,335.78,14.292,85.752,0,0,0,0,0,7,0,20.06,5.282,13.482,3.306,2.354,0,0,10.898,0,0,59.391,33.6,0,0,0,12.359,13.1,18.938,2.548,0,0,0,2487.492
23003952700,1697.4,176.13,33.348,66.696,17.829,0,0,0,24.61,7.7,3.428,66.434,23.829,40.028,73.485,1.712,0,14.779,17.049,0,0,25.191,2.8,60.3,0,0,13.711,31.764,20.213,2.74,0,20.865,0,2442.041
23003952900,2538.72,322.39,47.64,14.292,0,0,0,0,5.029,0,0,25.611,38.191,11.761,9.822,1.022,0,0,9.693,0,0,37.764,2.7,0,0,0,15.303,14.799,17.74,13.509,9.486,34.723,0,3170.195
23005000100,410.41,0,247.728,423.996,160.461,83.202,57.732,63.675,0,0,0,47.375,38.52,43.854,70.451,0,0,2.725,13.268,0,0,0,15.3,0,0,0,14.517,3.5,7.093,0,0,0,0,1703.807
23005000200,360.636,0,219.144,643.14,160.461,0,0,127.35,0,4.2,0,12.248,3.745,10.589,24.8,0,0,2.14,13.26,0,0,0,0.987,0,0,0,2.544,0.62,13.792,28.248,0,12.733,0,1640.637
23005000300,17.302,0,97.662,228.672,249.606,154.518,490.722,573.075,442.692,67.8,10.165,516.098,475.735,347.212,2606.67,28.093,35.952,124.633,549.224,5.029,0,114.881,396.325,55.01,4.5,0,93.918,73.496,322.63,126.047,17.976,142.354,23.005,8391.001
23005000500,330.46,32.96,111.954,295.368,142.632,23.772,57.732,63.675,3.21,136.5,0,117.719,210.13,139.231,154.341,7.918,0,33.342,94.173,0,0,7.06,65.573,544.28,2.422,0,29.559,8.7,35.126,1.092,0,15.466,0,2664.395
23005000600,103.402,0,92.898,347.772,261.492,178.29,144.33,382.05,8.132,503,87.967,101.445,67.826,206.62,272.631,32.421,0,14.117,40.697,0,0,42.875,14.42,32.028,4.8,0,13.49,4.679,112.297,108.38,0,19.293,0,3197.352
23005001000,87.33,0,197.706,333.48,528.927,380.352,86.598,0,6.638,24.1,0,37.164,25.515,32.19,80.791,0,0,31.216,37.322,0,0,2.6,12.877,3.4,0.807,0,9.29,4.092,12.412,0,0,7.169,0,1941.976
23005001100,164.574,0,266.784,352.536,314.979,130.746,115.464,254.7,10.7,35,0,31.847,81.383,60.992,49.077,0,245.565,40.458,38.948,0,0,6,0.94,1.1,0,0,10.1,0,24.182,0,0,31.579,0,2267.654
23005001200,164.984,0,64.314,276.312,77.259,106.974,28.866,0,0,5.6,0,5.292,0,15.354,19.261,0,0,1.787,10.7,0,0,0,2.77,0,0,0,2.45,5.3,3.317,0,0.888,17.976,0,809.4041
23005001300,489.704,0,100.044,605.028,439.782,130.746,173.196,63.675,36.915,40.1,3.658,112.909,299.742,112.498,138.088,9.073,902.866,182.397,52.855,0,0,2.26,32.987,75.1,0,0,21.061,5.4,36.059,0,0,93.411,0,4159.554
23005001500,764.568,0,414.468,643.14,59.43,154.518,28.866,63.675,3.103,0,0,103.48,72.546,194.495,153.94,18.937,1.07,56.646,101.285,7.062,0,0,20.002,15,1.4,0,32.703,6.099,87.694,8.432,0,48.804,15.301,3076.664
23005001700,2068.7,0,371.592,171.504,77.259,71.316,0,0,0,16.7,0,46.566,21.817,45.956,65.838,0,23.647,267.419,975.259,0,0,5.7,2.3,3.041,0,0,18.866,6.51,21.507,3.103,0,3.649,0,4288.248
23005001800,1704.78,8.24,345.39,200.088,136.689,23.772,0,127.35,4.815,14,0,87.238,51.216,49.725,129.939,0,0,13.621,26.214,13.268,0,2.26,22.86,0,1.614,0,17.739,7.037,89.28,0,0,119.197,0,3196.333
23005001900,1560.13,0,474.018,176.268,47.544,35.658,0,254.7,13.589,9.8,0,72.916,8.891,70.506,90.904,0,0,55.31,19.617,0,0,0,9.41,0,0.61,0,18.715,6.362,45.56,1.819,0,57.566,0,3029.894
23005002001,1909.62,13.39,131.01,47.64,0,0,0,0,97.156,155.9,42.586,290.821,35.394,128.123,85.544,14.658,0,16.703,63.214,0,0,0,12.2,15,0,0,25.565,7.297,17.325,1.092,0,27.424,0,3137.662
23005002002,818.196,0,207.234,290.604,11.886,11.886,57.732,0,77.282,39.9,0,184.76,271.058,82.684,541.859,14.446,0,193.101,141.548,0,0,136.375,92.974,22.8,0,10.169,53.387,9.75,52.339,34.881,24.395,24.255,0,3405.501
23005002101,3096.24,22.66,111.954,66.696,172.347,47.544,28.866,0,0,11.2,89.024,146.814,19.384,78.795,171.622,14.017,0,90.008,60.335,0,0,2.26,17.4,6.6,0,0,54.098,3.6,76.719,0,0,50.441,42.8,4481.424
23005002102,1971.44,0,133.392,209.616,219.891,118.86,144.33,0,1.819,55.8,10.058,365.22,702.735,175.906,290.152,12.091,0,73.857,86.898,0,0,89,179.111,119.489,0,0,162.164,23.044,61.751,30.938,13.61,23.906,32.1,5307.177
23005002200,2046.72,12.36,292.986,152.448,29.715,95.088,28.866,254.7,19.046,206.7,59.492,113.372,721.086,199.433,157.781,1.022,0,52.013,35.839,0,0,28.795,30.946,56.799,0,0,39.46,9.72,80.463,46.779,0,8.453,0,4780.082
23005002300,1279.69,16.48,259.638,390.648,83.202,47.544,28.866,0,1.767,90.3,26.75,22.459,164.888,47.551,85.005,0.781,0,109.868,28.909,0,0,30,9.7,43.8,13,0,78.488,6.662,12.891,40.446,0,42.158,0,2961.491
23005002400,2397.76,4.12,52.404,52.404,5.943,11.886,0,0,0,8.4,0,16.478,8.075,9.347,45.49,0,0,0.803,14.081,6.848,0,13.3,9.446,0,0,0,9.991,0.862,20.061,4.368,0,10.273,0,2702.34
23005002501,1728.48,19.57,76.224,109.572,95.088,95.088,57.732,0,15.301,123.9,23.218,226.76,87.911,62.22,350.603,9.737,0,103.537,146.581,7.704,0,24.399,13.287,22.7,0,0,24.563,37.914,44.489,2.996,0,17.282,2.247,3529.103
23005002502,4709.92,0,140.538,33.348,11.886,23.772,28.866,0,31.003,0.7,2.461,94.948,127.098,109.881,252.835,14.039,0,54.191,68.677,0,0,38.611,45.9,7.543,0.001,0,100.831,28.098,27.539,41.311,12.412,67.442,0,6073.851
23005002600,2183,0,119.1,76.224,23.772,11.886,0,0,0,4.2,6.848,61.385,19.816,33.742,83.502,4.815,0,8.385,21.075,0,0,81.299,6.487,0,0.98,0,34.882,21.472,23.433,1.926,0,15.226,0,2843.455
23005002700,1558.41,0,314.424,352.536,59.43,35.658,115.464,127.35,0,0,4.066,63.971,14.434,47.904,80.083,3.745,2.996,24.643,20.839,2.354,0,9.8,12.72,8.6,0,0,38.918,4.04,22.577,0,0,37.892,0,2962.855
23005002800,621.15,0,450.198,276.312,124.803,11.886,28.866,127.35,15.943,6.3,0,286.605,145.811,166.238,188.977,6.634,15.943,59.406,70.02,1.498,0,533.299,9.798,42.7,0,0,114.494,14.731,47.574,15.515,5.564,14.059,0,3401.674
23005002900,1825.57,409.94,328.716,428.76,148.575,47.544,57.732,0,2.851,74.9,27.392,299.712,630.217,139.577,313.093,23.219,83.995,14.348,64.497,17.324,0,249.285,302.249,3.041,0,271.796,100.454,45.175,122.451,2.548,0,67.21,0,6102.171
23005003000,2102.07,11.33,395.412,238.2,101.031,309.036,173.196,63.675,163.611,25.5,20.651,1405.25,689.06,243.65,733.298,39.352,6.527,178.233,260.762,14.98,0,103.358,65.874,28.355,6.121,67.7,95.252,11.938,76.499,31.886,0,77.25,1.176,7740.233
23005003100,1359.56,0,285.84,228.672,166.404,35.658,0,63.675,0,59.5,0,144.565,37.343,67.842,133.282,9.309,0,3.799,17.013,3.103,0,6.7,8.233,0,0,0,49.847,9.165,87.882,1.284,16.05,24.428,0,2819.154
23005003200,1200.73,6.18,240.582,247.728,65.373,118.86,57.732,191.025,17.98,0,0,231.849,10.243,51.097,224.649,22.861,0,9.362,63.191,1.391,0,8.5,7.3,0,0,3.8,121.859,6.542,22.566,13.621,0,43.539,0,2988.56
23005003300,1540.94,0,157.212,100.044,0,0,0,0,58.66,6.3,0,88.676,239.37,144.665,402.827,0,0,25.616,24.908,0,0,99.589,4.797,8.863,0.057,0,141.285,1.89,23.689,51.277,0,33.256,0,3153.921
23005003400,2558.4,0,190.56,104.808,0,0,0,0,0.057,2.1,0,38.51,12.656,70.685,67.552,5.527,0,21.512,15.192,0,0,5.992,0,0.333,0,0.755,34.894,9.749,29.758,10.174,0,63.621,0,3242.835
23005003500,1601.3,0,271.548,238.2,41.601,47.544,28.866,191.025,2.14,164,12.412,45.765,40.498,255.291,61.528,0,0,13.521,33.733,1.819,0,47.4,6.905,3.7,0,0,24.299,3.2,24.162,28.955,0,5.029,121.952,3316.393
23005003701,2382.59,19.57,66.696,28.584,71.316,11.886,0,0,0,0,0,48.73,12.765,34.448,89.17,3.066,0,21.065,16.793,0,0,5.8,4.5,1.695,0,3.845,28.469,12.311,24.476,32.733,0,8.528,2.889,2931.925
23005003702,3147.08,0,73.842,23.82,17.829,11.886,0,0,24.875,0,37.451,59.002,25.851,29.992,106.298,4.066,0,13.108,47.011,0,0,2.638,12.259,0,2.422,0,36.542,23.374,23.854,10.486,2.247,43.902,0,3779.835
23005004001,1297.65,211.15,80.988,0,0,0,28.866,0,15.729,4.2,0,101.35,188.796,107.792,100.245,0,0,24.397,14.444,0,0,181.13,66.1,26.527,0,0,94.913,27.223,18.385,0.728,0,1.038,0,2591.652
23005004002,2896.65,50.47,192.942,138.156,77.259,0,86.598,0,11.449,676.8,110.852,80.397,54.543,73.528,140.823,33.17,0,45.119,56.382,14.925,0,4.5,5.15,0,0,0,59.743,32.966,109.069,37.993,5.885,83.877,90.308,5169.553
23005004100,3014.07,51.5,147.684,119.1,11.886,0,0,0,5.457,2.5,0,75.933,40.774,50.912,58.704,0.005,0,6.85,36.115,17.227,0,10.043,12.3,0,1.7,0,103.731,35.972,29.893,5.57,0,32.806,0,3870.732
23005004200,5151.9,24.72,21.438,42.876,11.886,0,0,0,13.728,0,0,103.638,87.225,99.916,138.488,0,0,31.009,50.546,0,0,1060.36,15.418,2.9,2.399,1.88,113.362,54.568,52.448,29.92,6.313,76.291,0,7193.229
23005004401,2320.44,0,147.684,76.224,219.891,59.43,86.598,0,14.88,77.7,31.137,122.406,89.006,59.589,132.25,5.029,0,54.548,51.398,0,0,3.83,15.631,3.9,4.843,0,61.326,27.614,45.689,17.277,3.638,40.093,0,3772.051
23005004402,2173.33,0,54.786,95.28,130.746,47.544,0,0,24.824,0,1.027,194.267,60.728,103.431,181.127,16.05,25.252,70.778,34.209,0,0,317.03,72.615,0,0,0,28.036,10.364,65.461,23.052,0,30.991,0,3760.928
23005004501,1660.83,160.68,14.292,0,0,0,0,0,43.442,77.7,27.499,55.441,28.693,27.728,52.398,0,0,3.638,20.002,0,0,7.09,16.176,2.265,0,0,41.708,19.816,12.876,6.099,0,23.219,0,2301.592
23005004502,2438.52,106.09,171.504,223.908,136.689,47.544,0,0,147.896,37.8,26.75,591.742,834.259,120.498,221.718,18.832,0,36.575,113.966,0,0,8.83,151.862,8.835,0,0,75.129,26.008,54.765,21.089,9.737,55.587,0,5686.132
23005004600,1718.06,44.29,173.886,0,0,0,0,0,0,4.9,0,22.322,8.857,39.795,73.653,0,0,2.033,25.796,0,0,14.041,15.706,2.028,2.2,0,66.673,34.911,0,0,6.599,14.627,0,2270.377
23005004701,1710.68,84.46,114.336,0,0,0,0,0,0.421,0,0,17.419,5.029,19.282,41.856,0,0,7.906,10.949,0,0,0,8.328,0,0,0,27.809,2.756,14.529,0,0,0,0,2065.76
23005004702,2837.53,189.52,412.086,19.056,47.544,11.886,28.866,0,23.861,3.5,0,169.884,177.63,138.384,113.519,19.474,0,22.641,59.924,0,0,20.19,36.887,3.5,5.629,32,98.698,38.267,48.235,32.596,11.445,31.855,0,4634.607
23005004801,3671.63,123.6,250.11,257.256,41.601,35.658,57.732,0,90.47,40.5,20.972,548.636,246.044,280.325,305.159,45.435,3.959,73.469,166.724,4.066,0,146.521,94.647,14.194,0,0,133.01,33.164,85.119,10.92,0,34.443,17.12,6832.485
23005004802,2106.99,197.76,57.168,66.696,41.601,0,0,0,0,14.7,0,54.725,16.297,20.129,34.35,0,0,3.921,21.91,0,0,4.14,4.973,4.2,0,0,64.927,34.861,7.169,19.367,0,5.982,0,2781.866
23005004803,2256.8,56.65,121.482,104.808,65.373,0,28.866,0,0,80.4,0,73.82,27.042,57.693,52.05,0,0,20.33,9.559,0,0,14.2,3.733,35.7,0,0,64.621,33.61,29.853,28.612,19.367,59.492,0,3244.061
23005011100,1345.54,828.12,35.73,152.448,71.316,0,0,63.675,110.317,24,0,220.441,56.46,63.463,92.749,10.067,0,28.474,126.772,0,0,3.999,2.487,6.222,0,0,17.158,34.224,19.709,127.751,0.412,2.084,4.387,3448.005
23005011201,3620.96,318.27,109.572,147.684,47.544,47.544,144.33,191.025,64.769,131.6,38.092,189.463,68.326,62.86,157.602,32.528,95.979,111.961,60.152,0,0,118.3,12.737,10.704,1.7,0,46.808,20.652,65.203,15.087,0,45.337,0,5976.788
23005011202,1668.04,108.15,409.704,719.364,368.466,106.974,57.732,63.675,47.615,581.4,33.919,303.393,89.776,200.398,372.507,55.962,0,126.87,148.532,3.852,0,30.799,60.3,4.675,0,0,51.01,25.085,157.286,14.657,51.078,111.605,97.798,6070.622
23005011300,1241.73,172.01,0,0,0,0,0,0,17.013,2.4,0,114.236,16.371,19.425,32.893,0,0,5.359,9.452,0,0,12.9,2.1,2.028,0,0,32.721,38.2,24.792,4.708,0,0,0,1748.338
23005011500,3486.56,242.05,223.908,47.64,0,0,0,0,35.845,14.4,5.992,112.94,94.316,86.57,203.129,1.391,0,17.227,54.677,10.165,0,66.591,18.39,5,24,0,127.125,57.168,64.437,13.656,0,66.511,0,5079.688
23005012000,3985.94,42.23,64.314,28.584,11.886,23.772,28.866,0,185.298,2.1,0,146.155,61.053,61.797,90.924,2.996,0,6.802,39.758,0,0,4.694,38.623,0,0,0,63.511,20.887,17.868,13.756,2.475,2.889,0,4947.178
23005013000,3194.31,458.35,30.966,80.988,77.259,0,0,0,52.575,1.6,24.397,60.777,25.682,35.284,34.941,1.177,0,18.713,33.082,0,0,16.605,0.8,7.1,0,0,36.703,5.89,19.149,3.682,0,17.976,0,4238.006
23005014000,3310.18,396.55,66.696,142.92,53.487,11.886,0,0,7.276,4.3,0,29.032,15.408,18.879,22.696,0,0,10.016,8.025,0,0,1.6,5.539,0,0,0,19.197,1.7,5.389,5.457,0,23.325,0,4159.559
23005015000,1819.17,279.13,0,14.292,0,0,0,0,29.927,0,0,43.536,19.075,39.522,211.263,2.247,0,0.978,25.531,1.498,0,8.65,11.174,0,0,0,33.717,7.679,24.318,3.64,16.498,16.831,0,2608.676
23005016000,3953.47,302.82,331.098,176.268,154.518,0,0,0,143.416,89.4,32.1,220.292,88.46,132.864,112.636,12.305,28.569,44.54,72.677,0,0,89.549,23.099,0,0.62,0,58.351,17.78,47.784,8.736,2.062,69.336,0,6212.75
23005016500,2592.84,222.48,28.584,4.764,5.943,0,0,0,32.848,0,0,42.315,11.78,35.887,46.127,0,0,0.942,6.59,0,0,10.34,5.8,0,0,0,41.984,6.4,23.111,6.891,0,26.108,0,3151.734
23005017001,3053.84,557.23,14.292,33.348,29.715,0,0,0,29.48,3.5,0,87.873,48.144,34.096,67.571,4.596,0,12.938,26.452,0,0,104.29,14.374,0,0,0,60.558,16.388,19.666,12.496,0,62.06,0,4292.907
23005017002,3188.24,47.38,33.348,0,0,0,0,0,23.219,284.8,0,48.76,21.582,36.833,43.383,5.564,0,6.099,12.921,0,0,84.277,14.4,0,1.7,0,52.536,15.609,20.972,7.704,0,4.28,40.981,3994.588
23005017101,2333.56,125.66,0,14.292,0,0,0,0,6.741,8.4,0,20.877,22.246,12.507,43.095,0,0,1.819,14.016,0,0,14.1,4.45,0,0,0,18.362,7.701,16.478,0,0,12.572,0,2676.876
23005017102,3245.23,70.04,80.988,23.82,17.829,11.886,0,0,26.219,0,0,39.094,34.789,22.461,67.465,0,0,0,56.429,0,0,15.33,6,1.014,3.5,0,37.865,10.832,9.883,5.46,0.412,15.087,0,3801.633
23005017301,4182.66,149.35,178.65,66.696,83.202,35.658,0,0,80.343,24.5,47.508,594.403,472.299,176.689,525.352,17.548,31.494,124.135,106.857,5.671,0,201.208,64.669,30.5,3.818,0,189.031,55.691,68.493,0,8.025,95.248,0,7619.697
23005017303,2530.19,103,73.842,14.292,59.43,0,0,0,36.556,9.8,0,374.217,249.766,98.988,112.028,14.659,0.009,34.326,33.457,0,0,89.52,24.203,15.837,4.145,0,103.889,13.264,17.409,0,0,18.95,0,4031.777
23005017304,4381.83,21.63,142.92,142.92,47.544,11.886,57.732,127.35,82.832,183.4,39.376,103.315,316.051,109.788,266.947,3.852,0,19.281,115.125,0,0,74.051,72.833,18.124,7.551,0,92.05,19.1,33.603,1.82,0,30.211,0,6523.121
23007970101,3234.41,49.44,169.122,252.492,142.632,225.834,0,0,67.468,5.2,0,68.167,21.924,13.043,51.616,4.708,0,8.143,41.445,0,0,54.7,8.43,5.991,0,0,25.32,10.52,26.996,8.372,0,33.842,0,4529.815
23007970102,1789.65,47.38,11.91,42.876,35.658,35.658,0,0,37.344,0,0,30.067,12.169,4.665,20.052,1.533,0,3.525,13.803,0,0,44.5,0,0,0,0,12.39,8.125,2.889,4.954,0,14.552,0,2173.7
23007970601,3728.13,76.22,69.078,52.404,23.772,0,0,0,121.443,0,0,76.28,40.125,39.9,74.889,4.387,0,8.763,56.168,0,0,11.2,17.3,0,0,0,35.488,12.831,29.825,18.639,0,14.98,0,4511.822
23007970602,2088.54,209.09,38.112,4.764,17.829,0,0,0,52.858,0,1.712,47.489,14.766,12.563,30.314,2.461,0,1.12,3.852,0,0,11.91,7.6,2.9,0,0,29.25,7.462,4.387,2.119,7.011,9.844,0,2607.953
23007971000,2487.06,316.21,30.966,28.584,41.601,0,0,0,0.374,0,13.91,48.035,14.552,30.658,21.642,3.577,7.383,0.856,5.021,0,0,42.072,5.1,0,1.3,0,27.484,10,24.182,3.232,17.632,44.446,0,3225.877
23007971100,1441.56,290.46,4.764,23.82,0,0,0,0,0,0,0,20.856,6.527,23.7,19.055,0,0,6.527,4.922,0,0,15.01,2.32,6.599,0,0,29.68,9.8,0,29.962,13.61,41.409,0,1990.581
23007971200,2452.13,510.88,242.964,343.008,332.808,83.202,28.866,0,17.655,473.3,25.252,436.742,101.206,198.086,164.368,24.504,0,77.294,110.06,10.7,0,193.849,52.833,9.8,0,0,46.748,35.423,71.837,43.829,4.922,87.954,80.892,6261.112
23007971300,1619.91,307.97,142.92,123.864,136.689,0,28.866,0,16.8,0,6.206,91.715,23.999,55.202,69.105,10.379,0,10.505,40.241,0,0,14.419,13.46,3,4.036,0,28.651,11.79,50.071,9.72,2.062,34.561,0,2856.141
23007971400,1741.68,441.87,42.876,347.772,65.373,0,0,0,13.161,0,0,76.915,42.128,72.333,58.065,13.054,0,16.039,33.965,0,0,928.11,7.874,10.5,0,0,51.556,30.362,37.963,10.294,26.186,47.83,0,4115.906
23009965100,2834.17,230.72,4.764,9.528,0,0,0,0,0,0,0,0,0.535,4.58,4.647,0,0,1.177,1.605,0,0,0,0,0,0,0,6.71,2.2,0,0.728,4.949,0,0,3106.313
23009965200,2757.17,120.51,11.91,0,0,0,0,0,25.68,0,0,3.152,6.431,0,4.945,0,0,4.387,0,0,0,0,1.6,0,0,0,14.919,1.6,6.099,0,0,0,0,2958.403
23009965300,2380.54,313.12,195.324,14.292,59.43,83.202,115.464,0,34.579,9.1,4.28,137.377,47.657,64.263,108.078,17.891,9.951,23.226,55.33,2.568,0,17.9,6.386,0,0,0,66.477,4.4,28.48,16.116,3.852,49.113,0,3868.396
23009965400,1958.16,155.53,21.438,0,0,0,0,0,20.761,23.1,0,57.372,9.841,11.588,16.568,0,0,12.412,9.522,0,0,1,10.686,7.3,0,0,33.899,14.9,13.308,5.438,0,13.589,0,2396.412
23009965503,1394.08,161.71,42.876,171.504,89.145,47.544,57.732,63.675,66.768,58.3,16.05,689.859,167.141,209.837,504.13,34.24,185.217,126.608,132.773,11.984,0,60.031,53.973,18,0.93,0,109.531,17.804,105.052,108.487,5.885,87.847,0,4798.713
23009965504,2861.23,227.63,85.752,90.516,29.715,0,0,0,44.833,55.3,20.758,197.97,46.866,135.654,140.558,107,0,26.846,55.029,1.391,0,39.73,42.247,0,0,0,64.832,17.712,28.462,14.515,4.387,11.086,5.992,4356.012
23009965700,2376.85,344.02,52.404,33.348,11.886,0,0,0,11.128,4.9,5.35,38.565,52.965,16.258,26.73,2.996,0,0.877,35.252,1.712,0,19.36,15.423,32.4,3.229,0,28.412,16.06,4.9,26.113,0.412,49.006,0,3210.556
23009965800,2194.57,195.7,33.348,85.752,23.772,0,0,0,131.403,0,0,45.021,36.422,29.629,41.222,0,0,8.556,32.242,0,0,20.261,10.49,8.9,0,0,30.36,11.582,9.456,30.375,0,18.973,0,2998.034
23009965900,3829.32,140.08,161.976,376.356,154.518,23.772,57.732,63.675,560.521,91.5,65.378,238.326,52.532,81.409,155.578,13.482,0,135.81,177.267,0,0,11.2,40.5,11.9,0.807,0,66.763,21.686,81.297,42.632,9.202,21.39,37.45,6724.06
23009966000,2766.76,43.26,145.302,57.168,11.886,0,0,0,138.244,0,4.815,122.834,12.433,110.154,120.811,6.527,0,17.29,90.731,1.391,0,14.343,11.847,4.9,0,0,48.627,15.637,45.836,7.941,8.881,28.142,0,3835.76
23009966100,1769.97,179.22,111.954,0,47.544,23.772,57.732,0,94.053,6.4,0,125.618,100.52,55.159,138.226,4.065,15.408,13.575,68.694,0,0,455.28,32.325,21.9,0,0,52.182,11.625,53.393,32.323,17.322,19.58,0,3507.84
23009966200,1856.07,180.25,61.932,52.404,29.715,0,0,0,25.252,0,0,18.289,52.021,13.848,32.124,0,0,2.247,17.227,0,0,45.921,0,19.4,0,0,26.212,64.48,30.856,14.939,0.413,31.351,0,2574.951
23009966300,3842.77,167.89,16.674,80.988,29.715,0,0,0,51.788,15.4,0,147.79,25.619,62.33,122.461,11.984,119.947,41.26,51.057,0,0,32.81,15.4,0,10.26,0,54.42,43.14,31.137,7.854,0,65.774,0,5048.467
23009966400,1877.47,107.12,40.494,33.348,11.886,0,0,0,44.512,250.2,44.084,42.907,6.313,54.553,92.052,4.815,0,5.029,37.664,0,0,12,1.7,6.155,0,0,18.96,1.89,22.481,2.912,8.249,37.129,32.1,2796.023
23009966500,2890.5,184.37,57.168,0,5.943,23.772,0,0,57.326,0,0,78.937,31.083,20.78,60.863,1.022,0,3.478,24.282,0,0,96.21,22.173,3.5,1.2,0,36.12,11.55,22.363,19.37,0,26.546,0,3678.556
23009966600,3161.1,252.35,61.932,66.696,0,0,0,0,49.332,47.6,31.672,54.915,21.632,15.346,35.466,6.955,0,0.824,17.869,0,0,10.199,10,0,0,0,15.84,6.29,11.489,8.736,0,30.175,0,3916.419
23009966700,3730.59,491.31,45.258,47.64,5.943,11.886,0,0,17.976,8.4,5.133,274.689,66.447,65.155,74.271,1.926,0,41.053,71.987,2.461,0,94.46,45.2,51.6,1.4,0,65.877,41.532,16.478,14.917,9.898,20.052,0,5323.538
23011010100,2087.15,319.3,28.584,128.628,190.176,11.886,115.464,63.675,3.531,0,0,237.911,48.577,70.276,68.936,8.25,0,21.704,83.138,1.391,0,31.191,15,14.5,0,0,93.024,15.813,109.841,0,0,37.375,0,3805.321
23011010200,1278.87,143.17,347.772,300.132,154.518,142.632,57.732,63.675,26.595,6.3,7.918,368.429,135.785,118.537,101.659,16.638,0,13.104,62.364,0,0,0,749.341,32,0,0,61,15.853,131.931,16.05,0,59.974,44.512,4456.491
23011010300,721.436,0,233.436,404.94,279.321,285.264,86.598,0,46.87,68.6,20.531,139.149,72.174,179.251,279.902,24.824,0,125.716,85.204,1.498,0,39.335,37.447,1.3,1.7,0,33.855,11.87,201.521,57.46,21.55,48.259,0,3509.012
23011010400,661.166,0,54.786,133.392,314.979,118.86,28.866,0,45.475,93.1,46.759,283.444,222.717,188.497,350.193,39.277,0,34.623,105.929,0,0,3.861,60.799,0,0,3.76,13.734,62.409,101.54,1307.9,60.882,49.628,9.951,4396.527
23011010500,1263.95,123.6,207.234,233.436,136.689,118.86,0,0,18.939,332.5,42.479,69.625,37.071,71.146,96.486,2.555,166.492,217.384,34.525,0,0,3.5,5.3,0,0,0,68.201,17.388,49.273,179.657,23.509,71.712,0,3591.511
23011010600,3204.89,620.06,116.718,128.628,41.601,23.772,28.866,0,4.654,86.3,0,77.142,5.243,36.294,43.598,20.865,0,0,104.685,0,0,1.4,8.8,0,0,0,15.403,13.82,18.618,1.092,2.062,15.826,0,4620.337
23011010700,1201.46,0,183.414,104.808,95.088,35.658,57.732,63.675,17.548,62.2,11.556,100.302,44.084,85.225,148.322,21.93,0,16.888,82.043,0,0,5.9,14.093,3.041,1.614,0,26.301,22.3,60.35,58.765,5.564,59.831,25.145,2614.837
23011010801,1591.13,41.2,35.73,0,89.145,0,0,0,10.379,1.4,0,85.461,51.991,71.925,76.061,3.959,1.07,12.84,25.228,0,0,3.5,2.959,0,0,0,36.176,26.565,27.392,1.82,0,20.758,0,2216.689
23011010802,2911.66,375.95,142.92,204.852,136.689,23.772,0,0,13.376,48.3,19.966,266.68,83.674,122.3,96.014,0,0,28.348,68.144,0,0,11.901,8.4,6.3,0,0,131.674,35.442,34.711,7.426,5.136,59.975,0,4843.609
23011010900,383.76,10.3,204.852,90.516,130.746,11.886,28.866,0,12.305,30.8,4.28,37.985,27.927,9.715,20.438,10.7,0,10.796,32.1,0,0,2.8,1.2,0,0,0,4.322,4,31.245,44.405,0,38.413,0,1184.357
23011011000,1823.84,256.47,221.526,190.56,118.86,0,0,0,14.766,27.3,22.363,110.452,158.167,64.005,98.13,4.066,11.128,11.235,52.665,0,0,98.714,3.9,5.2,1.1,0,27.856,5.562,37.158,33.011,11.021,23.968,0,3433.023
23011012000,2214,338.87,9.528,9.528,11.886,0,0,0,19.581,10.5,0,45.738,12.329,31.041,24.685,0,0,0,46.384,0,0,8.881,1.4,5.069,0,0,24.935,30.531,24.717,6.956,0,9.492,0,2886.052
23011013000,2191.12,182.31,109.572,52.404,23.772,11.886,0,0,4.066,14.7,0,58.379,25.864,43.001,46.618,2.889,0,13.044,48.646,0,0,20.781,24.344,6,0,0,55.365,114.707,14.017,4.625,0,22.157,0,3090.267
23011014000,3849.65,252.35,192.942,90.516,130.746,11.886,0,0,43.66,60.9,14.98,171.065,125.511,124.473,239.42,12.626,0,37.654,56.389,5.671,0,36.961,24.3,0,0,35,54.018,51.271,99.787,18.836,5.35,37.226,0,5783.188
23011014500,2218.43,123.6,45.258,0,0,0,0,0,5.885,0,0,14.552,6.848,12.093,50.486,0,0,1.391,14.443,0,0,9.6,2.85,1.9,0,0,20.726,39.84,32.314,3.64,0.412,255.762,0,2860.031
23011015000,1760.87,79.31,21.438,0,0,0,0,0,25.68,27.3,0,23.053,14.552,21.946,53.511,0,0,2.241,10.902,0,0,61.582,11.81,0,0,0.94,38.772,14.977,16.692,8.454,0,42.245,0,2236.275
23011015500,3301.07,215.27,7.146,14.292,5.943,23.772,0,0,1.07,0,0,25.224,18.297,18.611,23.283,0,0,0.92,3.638,0,0,30.18,1.8,0,0,0,24.232,11.333,7.49,4.732,13.198,7.383,0,3758.884
23011016000,2801.94,154.5,64.314,23.82,5.943,0,0,0,22.042,1.2,0,70.027,48.2,16.585,42.114,0,0,21.153,32.093,0,0,23.941,2.96,0,0,0,35.739,2.913,8.56,4.58,0,1.038,0,3383.662
23011017000,2209.57,219.39,57.168,23.82,59.43,0,0,0,35.631,11.2,61.593,84.502,225.042,64.815,52.124,0,0,3.21,38.513,0,0,82.41,13.1,2.4,1.614,3.76,54.961,25.58,17.548,11.149,0,0,0,3358.53
23011018000,2162.09,252.35,28.584,104.808,0,47.544,0,0,19.371,0.5,8.774,47.333,38.744,20.07,38.161,1.712,0,0.685,76.755,0,0,55.8,11,22.4,0,0,20.909,28.023,12.946,3.276,12.786,18.393,0,3033.014
23011019000,1153.74,191.58,26.202,0,5.943,0,0,0,40.446,0,0,52.323,18.511,21.668,30.302,0,0,11.556,9.844,1.391,0,1.5,2,2.7,0,0,10.98,21.1,0,3.103,0,15.301,0,1620.19
23011020000,2739.46,348.14,61.932,23.82,23.772,23.772,0,0,18.404,0,0,94.48,55.533,39.294,49.669,3.745,0,5.992,39.868,0,0,16.2,9.573,3.1,0,0,45.272,7.58,21.293,5.46,0,28.731,0,3665.09
23011020500,1057.31,144.2,9.528,14.292,0,0,0,0,7.597,0,0,11.438,12.412,20.116,12.491,0,0,2.675,1.712,0,0,0.99,6.3,0,0,0,12.562,25.6,5.35,5.824,0,0,0,1350.397
23011021000,1277.97,433.63,66.696,0,11.886,11.886,0,0,0,0,4.815,50.825,18.832,16.264,23.258,25.042,0,0.877,5.814,0,0,34.4,2.4,10.138,3.2,0,42.902,59.5,20.18,2.912,0,16.906,0,2140.333
23011022000,1012.29,271.92,30.966,9.528,29.715,11.886,0,0,0,0,0,31.777,44.23,23.294,17.078,0,0,7.276,13.553,0,0,167.6,0,0,0,0,82.96,14.93,15.978,1.456,0,1.391,0,1787.828
23011023001,1373.66,63.86,328.716,247.728,160.461,0,0,0,0,0,3.593,44.247,35.068,33.752,30.075,1.712,0,9.844,26.68,3.745,0,15.7,0,14.2,0,0,23.344,0,28.565,5.35,5.029,115.56,0,2570.889
23011023002,2267.14,212.18,90.516,52.404,11.886,0,0,0,0,0,0,31.847,9.951,16.393,14.798,3.745,0,2.033,30.461,0,0,9,0,0,0,0,10.63,1.9,8.988,0,0,0,0,2773.872
23011024101,938.162,0,602.646,376.356,124.803,83.202,28.866,0,96.843,116.9,111.815,501.914,55.476,132.553,172.002,22.684,18.832,67.552,110.656,9.951,0,135.67,22.36,0,0,0,17.394,1.36,135.997,10.593,0,21.507,0,3916.094
23011024102,781.952,50.47,716.982,690.78,368.466,59.43,173.196,63.675,5.136,63.4,2.675,235.201,37.09,141.346,254.344,32.207,0,85.095,123.738,0,0,67.03,20.324,15.6,0,0,31.635,5.9,87.235,114.418,11.556,22.898,0,4261.779
23011024200,2055.74,317.24,271.548,52.404,65.373,118.86,28.866,0,22.529,827.1,45.261,394.097,238.134,119.263,196.723,14.859,216.033,163.122,123.549,2.247,0,16.6,53.28,21.7,3.3,0,80.133,18.621,47.925,7.49,0,117.058,105.074,5744.129
23011025000,2997.02,475.86,92.898,138.156,136.689,11.886,0,0,35.741,2.8,4.173,152.106,196.833,85.553,66.243,4.28,34.882,22.438,35.667,0,0,71.82,138.407,0,1.614,0,76.411,21.299,83.629,8.285,21.145,37.45,0,4953.285
23013970200,3159.13,123.6,138.156,166.74,160.461,47.544,57.732,0,216.675,42,145.198,336.07,22.227,128.788,290.115,49.327,0,48.195,121.59,4.066,0,194.051,43.48,0,0,1.9,77.534,29.148,97.807,23.415,16.198,74.742,0,5815.89
23013970300,3966.26,407.88,66.696,0,23.772,0,0,0,20.758,28,18.297,139.766,56.654,90.491,92.268,0,0,10.052,50.692,0,0,86.932,30.297,10,0,0,83.638,59.244,40.334,9.829,4.125,80.356,0,5376.341
23013970400,3150.03,415.09,104.808,204.852,83.202,11.886,28.866,0,28.255,127.3,3.959,281.951,102.582,125.37,107.981,8.667,0,30.071,50.865,10.165,0,111.36,31.105,0,0,0,175.186,55.358,60.989,54.114,13.198,138.747,4.387,5520.344
23013970500,2621.95,52.53,73.842,114.336,11.886,0,0,0,309.979,3.4,0,212.75,31.798,57.64,150.628,19.902,82.283,90.436,95.08,1.498,0,42.722,99.855,25.607,0,7.5,101.729,68.852,26.107,6.4,5.029,63.418,0,4377.157
23013970600,956.12,100.94,221.526,323.952,11.886,0,28.866,0,77.489,36.1,0,180.152,82.951,111.065,196.875,18.497,0,50.677,106.276,0,0,174.992,126.995,46,0,0,44.287,9.72,57.245,36.698,11.77,61.806,0,3072.885
23013970700,1537.75,106.09,359.682,219.144,196.119,178.29,57.732,0,68.03,89.9,29.102,414.613,137.242,152.356,163.435,22.578,0,48.53,100.184,13.79,0,49.29,59.242,42.6,2.73,0,39.99,17.433,127.629,101.637,0,58.432,0,4393.55
23013970800,2317.32,112.27,104.808,19.056,5.943,0,0,0,9.951,6.3,0,36.03,45.55,66.175,73.949,0,0,0.663,115.5,0,0,17.4,3.249,1.014,1,0,32.673,29.995,18.939,11.386,10.311,23.326,0,3062.808
23013970900,2434.17,87.55,42.876,9.528,0,0,0,0,29.853,0,0,33.636,65.912,29.92,56.148,2.354,0,0,18.415,0,0,33,0,10.755,0,0,22.35,35.532,32.314,7.513,0,15.943,0,2967.769
23013971000,2021.38,228.66,30.966,0,0,0,0,0,14.445,2.8,4.28,17.828,30.591,11.197,25.718,0,0,1.926,15.012,0,0,37.1,4.6,1.8,0,0,19.665,17.331,30.388,1.167,10.311,14.766,0,2541.932
23013971100,2519.37,93.73,38.112,28.584,11.886,23.772,0,0,17.076,0,0,36.711,8.103,12.455,27.74,0,0,6.314,25.679,0,0,12.701,0,2.6,0,0,19.839,6.92,13.674,4.666,0,20.651,0,2930.583
23015975100,3145.11,453.2,59.55,0,5.943,0,0,0,11.556,28.7,18.618,86.944,47.677,38.639,56.337,1.284,0,7.618,59.652,2.458,0,38.83,14.546,9.9,0,0,57.768,24.086,52.857,15.99,10.908,19.249,0,4267.42
23015975200,2257.05,564.44,111.954,142.92,0,11.886,28.866,0,35.31,2.8,29.853,160.439,54.445,120.712,79.897,10.272,0,19.82,56.507,0,0,33.85,66.824,40.799,0,0,51.385,51.069,37.832,5.096,0,57.138,0,4031.164
23015975300,2814.98,202.91,88.134,80.988,29.715,11.886,57.732,0,58.283,58.8,57.459,154.732,62.563,84.954,206.161,34.025,67.725,45.749,80.455,0,0,55.7,31.1,10.3,0,0,64.477,42.227,45.145,8.008,9.485,46.845,0,4510.538
23015975400,2624.33,127.72,73.842,71.46,29.715,0,28.866,0,29.96,14.7,10.593,273.243,126.633,73.891,75.225,2.675,0,18.875,46.618,0,0,33.35,14.887,3.2,5,0,73.86,39.761,69.264,13.953,25.158,43.304,0,3950.083
23015975500,3297.47,430.54,107.19,71.46,29.715,35.658,0,0,91.168,53,12.305,266.627,22.666,106.027,180.665,7.988,0,32.202,80.108,0,0,49.729,15,0,0,0,75.746,41.199,68.755,25.04,30.264,50.247,0,5180.77
23015975600,4209.14,174.07,23.82,9.528,59.43,0,0,0,134.865,13.3,0,113.646,42.546,25.651,73.367,1.712,0.648,3.916,111.597,0,0,130.49,7.46,6.1,0,0,67.462,31.49,15.262,11.454,26.809,14.445,0,5308.208
23015975700,1492.24,45.32,21.438,4.764,0,0,0,0,16.692,0,0,43.714,51.669,3.825,39.516,0,0,0,7.348,0,0,30.5,4.4,0,0,0,10.8,26.797,3.317,4.495,0,10.561,0,1817.396
23015975800,3175.86,131.84,61.932,42.876,11.886,0,0,0,78.966,5.6,10.165,77.468,45.198,54.097,101.951,0,0,5.009,85.814,0,0,126.76,27.1,0.98,0,0,76.669,20.595,8.132,1.092,26.808,4.922,0,4181.72
23015976200,3886.55,80.34,88.134,95.28,89.145,11.886,28.866,0,790.628,76.7,0,183.801,45.189,60.699,204.754,15.515,34.24,18.233,99.021,0,0,22.8,24.047,12.9,0,0,44.579,17.276,40.998,39.721,0,36.915,0,6048.218
23017965100,2153.32,115.36,21.438,90.516,11.886,11.886,115.464,573.075,39.483,0,0,28.529,6.634,15.429,20.483,0,0,2.033,16.264,0,0,180.87,0,190,4.314,0,10.34,2,10.914,6.272,10.315,19.795,0,3656.62
23017965400,1846.23,127.72,147.684,209.616,112.917,0,0,0,15.408,5.6,5.136,135.208,66.662,61.504,84.533,24.931,0,7.704,43.359,0,0,8.1,1.7,0,0,0,16.608,3.99,33.125,8.392,11.429,86.104,3.746,3067.406
23017965500,873.054,69.01,157.212,95.28,231.777,47.544,0,63.675,13.058,5.6,0,102.497,18.939,59.841,62.543,17.441,12.626,10.832,24.628,0,0,3.9,41.9,0,0,0,9.122,10.415,41.697,5.714,8.881,25.573,0,2012.759
23017965600,1445.25,58.71,231.054,400.176,160.461,11.886,0,0,138.351,21.7,21.186,100.858,10.643,73.833,34.773,0.631,133.322,44.587,16.817,0,0,3.12,0,0,0,0,50.95,10.062,26.75,6.249,0,31.672,0,3033.041
23017965700,1478.46,227.63,21.438,119.1,59.43,23.772,0,0,3.535,31.5,30.388,82.847,8.132,120.141,20.238,7.442,0,14.659,14.095,0,0,18.761,19.2,0,0,0,17.079,20.326,14.445,26.73,3.317,26.633,0,2409.298
23017965800,2259.51,336.81,28.584,9.528,0,0,0,0,22.898,0,0,37.677,62.488,12.872,30.865,0,0,2.24,3.677,0,0,43.01,0.987,0,0.48,0,27.286,12.625,23.602,4.388,23.281,33.215,0,2976.023
23017965900,2078.7,164.8,45.258,128.628,41.601,59.43,57.732,0,358.775,0,0,200.396,49.267,55.337,108.668,9.737,0,28.89,102.738,1.498,0,102.202,22.052,10,4.3,0,42.18,32.713,31.819,8.649,2.782,77.436,0,3825.588
23017966000,3199.72,265.74,50.022,38.112,17.829,0,0,0,19.271,1.7,0,34.424,23.618,24.925,17.913,0,0,3.21,7.918,0,0,12.041,6.96,0,0,0,28.785,11.062,7.383,4.943,0,5.778,0,3781.354
23017966100,693.72,154.5,35.73,57.168,11.886,0,0,0,8.132,70,0,24.65,10.272,19.871,13.246,4.494,0,7.811,7.74,0,0,31.7,4,0,4,0,17.212,20.3,30.079,6.635,0,26.581,0,1259.727
23017966200,1931.84,217.33,216.762,223.908,106.974,0,86.598,0,12.092,135.1,110.21,199.292,212.198,73.472,112.349,15.728,0,15.624,177.701,0,0,157.162,13.155,0,0,0,46.274,25.949,40.125,16.139,3.103,84.879,5.992,4239.956
23017966300,1413.52,252.35,52.404,0,0,0,0,0,7.49,126,0,46.434,37.129,26.202,19.717,3.21,0,7.971,10.585,0,0,36.2,7.2,2.928,2.2,0,25.903,34.352,5.885,5.115,0,19.046,0,2141.841
23017966400,3385.21,636.54,69.078,0,11.886,0,28.866,0,31.3,7,6.099,265.494,117.682,90.568,230.237,12.412,0,25.853,55.005,28.382,0,357,31.106,7,0,0,58.65,18.021,38.284,6.777,3.531,55.533,0,5577.514
23017966500,2330.85,510.88,211.998,276.312,124.803,35.658,0,0,44.297,60.2,15.622,152.502,37.93,144.057,105.017,21.293,72.439,72.82,54.851,3.849,0,37.361,73.46,0,6,0,49.444,13.112,49.935,14.737,21.447,31.758,0,4572.631
23017966600,3090.74,214.24,14.292,23.82,11.886,23.772,0,0,78.859,0,0,37.119,12.722,26.683,65.72,0,0,2.782,36.978,0,0,130.42,9.6,0,0,0,36.19,20.01,24.503,8.54,0,24.717,18.19,3911.783
23017966700,1947.58,166.86,42.876,52.404,35.658,23.772,0,0,58.315,76.8,37.45,81.675,66.746,42.149,57.496,2.996,0,16.432,65.199,1.498,0,192.894,36.174,0,2.422,0,39.596,27.145,34.645,14.865,19.385,73.906,0,3216.938
23017966800,2292.72,120.51,30.966,28.584,11.886,0,0,0,19.05,0,0,22.096,10.593,15.472,23.05,0,0,5.885,20.009,0,0,8.09,5.2,0,0,0,23.022,5.897,3.21,2.912,12.785,11.128,0,2673.065
23017966900,1753.98,200.85,69.078,28.584,5.943,0,0,0,16.05,0,0,205.81,19.854,24.886,37.057,0,0,13.964,21.795,0,0,35.35,0,2.2,6,0,28.682,6.6,14.124,7.28,0.412,56.251,0,2554.75
23019000200,547.596,0,319.188,419.232,404.124,130.746,144.33,254.7,27.717,39.9,22.042,264.97,159.805,311.871,685.075,56.97,165.85,221.553,123.408,1.391,0,16,18.297,4.3,7.3,0,35.202,22.875,122.882,119.211,9.309,157.3,73.83,4886.974
23019000300,1723.48,11.33,190.56,447.816,83.202,59.43,0,0,10.7,338.1,69.872,261.572,18.527,72.326,253.369,0,73.509,126.336,19.422,0,0,8.3,10.187,0,0,0,25.412,5.67,47.176,122.167,0,59.921,36.38,4074.764
23019000400,753.99,0,166.74,204.852,130.746,59.43,0,0,5.029,56,0,60.553,5.564,34.765,82.695,0,99.51,43.678,10.04,0,0,10.76,3.9,2.028,0,0,11.232,2.03,10.058,0,0,0,0,1753.6
23019000500,1184,109.18,278.694,304.896,261.492,35.658,0,0,14.98,51.2,0,74.249,8.026,113.848,61.59,3.745,2.675,41.195,42.087,0,0,1.13,12.1,0,0,0,19.629,7.942,32.095,48.345,31.244,28.612,0,2768.612
23019000600,308.566,0,312.042,457.344,160.461,106.974,0,0,0,49.7,0,55.657,49.006,64.649,48.378,0,6.25,68.192,26.964,0,0,1.5,2.1,0,0,0,5.902,0,27.071,0,0,10.465,0,1761.221
23019000700,1385.96,7.21,204.852,114.336,41.601,47.544,0,0,368.068,125.3,0,451.627,2440.85,255.964,429.131,12.84,9.63,56.18,272.639,1.498,0,131.561,280.773,60.9,33,0,145.532,17.114,85.427,121.857,0,58.864,32.1,7192.357
23019000900,1347.01,363.59,73.842,871.812,249.606,106.974,144.33,127.35,1.07,312.1,25.894,80.532,55.212,60.166,84.529,18.545,23.219,31.669,71.643,0,0,8.3,2.2,0,0,0,20.392,64.15,58.957,70.192,10.486,24.396,3.852,4312.018
23019002000,4124.03,186.43,102.426,38.112,47.544,0,0,0,7.922,12.6,0,165.982,228.552,166.724,154.909,19.081,0,34.425,94.284,0,0,25.411,18.051,3.042,16.8,0,76.417,14.109,63.926,8.699,8.667,76.684,0,5694.827
23019003000,2134.3,96.82,28.584,57.168,0,0,0,0,5.671,0,0,30.924,18.978,23.855,68.073,2.996,0,0,6.456,0,0,22.9,14.1,3.3,0,0,51.456,17.311,32.827,0.728,0.412,34.422,0,2651.281
23019004100,401.144,0,131.01,390.648,95.088,35.658,28.866,0,45.475,2.8,0,94.551,91.173,44.949,63.929,5.317,0,17.719,20.619,1.498,0,17.13,11.773,0,0,0,21.124,1.5,43.869,47.319,8.249,4.421,0,1625.829
23019004200,1217.78,9.27,169.122,66.696,11.886,23.772,0,0,28.783,74.2,21.4,185.906,200.078,81.515,112.578,17.762,0,20.242,77.851,0,0,211.4,35.91,0,0,0,66.31,32.85,354.813,10.555,0,75.03,0,3105.709
23019004300,2283.45,222.48,169.122,242.964,47.544,11.886,0,63.675,49.648,14,6.932,181.764,68.715,44.131,71.962,7.704,0,10.968,39.484,0,0,5.4,6.959,0,0,0,28.506,17.9,46.224,4.922,13.198,32.849,0,3692.387
23019005000,931.93,75.19,23.82,52.404,29.715,35.658,0,0,7.117,2.8,0,21.143,6.887,4.794,36.466,0,0,2.001,7.671,0,0,24.6,2.4,0,0,0,23.7,9.9,5.029,2.782,0,13.589,0,1319.596
23019006100,557.19,8.24,209.616,204.852,130.746,178.29,0,0,0,10.5,0,34.317,16.584,18.735,25.569,0,0,2.241,29.318,1.391,0,8,30,0,0,0,7.57,2.099,16.799,0,0,0,0,1492.057
23019006200,1271.33,219.39,0,0,11.886,11.886,86.598,63.675,26.857,113.4,9.844,32.204,22.537,23.326,121.556,33.015,0,36.752,22.997,0,0,4.83,16.23,36,0,0,19.86,7.16,26.675,0,17.322,19.795,0.589,2255.714
23019006300,179.662,0,26.202,142.92,47.544,118.86,0,0,5.136,1480.8,0,9.727,2.218,22.384,189.744,11.021,11.77,25.139,40.018,4.494,0,5.7,13.473,0,0,0,1.7,2.7,56.796,0.824,0,107.749,349.355,2855.936
23019007100,1548.65,55.62,412.086,238.2,142.632,142.632,57.732,0,20.223,9.8,0,59.434,24.991,43.959,89.232,3.959,0,17.12,28.48,0,0,288.19,1.3,75,0,0,28.654,14.15,83.49,51.18,0,100.039,0,3536.753
23019007200,1043.29,174.07,85.752,228.672,35.658,35.658,0,0,1.926,0.3,0,59.524,23.472,31.697,36.337,0,0,3.531,36.077,0,0,4.16,3.6,0,0,0,15.55,0,14.766,1.82,0,0,0,1835.86
23019008001,1530.12,516.03,197.706,90.516,59.43,35.658,0,0,13.268,0,0,78.387,32.314,61.357,65.157,17.929,0,20.544,26.554,0,0,22.703,24.8,12.8,3.1,0,42.02,9.737,12.035,8.862,18.147,53.286,0,2952.46
23019009000,3143.39,474.83,61.932,76.224,17.829,0,28.866,0,9.629,17.5,0,412.547,108.391,99.701,55.091,0,0,11.846,21.518,2.354,0,25.6,3.587,7.3,0.807,0,57.585,24.437,11.106,15.026,11.548,27.703,0,4726.347
23019010000,2552,226.6,52.404,76.224,83.202,0,0,0,54.035,2.1,0,48.574,206.51,91.577,78.454,0,0,8.774,50.343,0,0,15.7,27.6,3.041,0,0.94,66.34,10.31,8.324,4.922,0,36.455,0,3704.429
23019011000,1103.8,251.32,16.674,119.1,0,0,0,0,5.029,0,5.778,22.119,29.61,22.717,87.391,0,19.367,2.568,19.046,0,0,2.9,0,0,0,0,26.721,1.2,6.099,6.966,0,27.713,0,1776.118
23019012000,801.468,92.7,4.764,19.056,0,0,0,0,0,0,0,4.494,16.242,11.608,26.465,0,0,0.867,6.884,0,0,1.8,0.92,0,0,0,21.244,6.8,3.044,3.959,0,6.527,0,1028.842
23019012500,1142.67,335.78,2.382,0,0,0,0,0,0,1.6,0,28.232,34.921,45.753,37.112,0,0,2.782,19.831,1.391,0,7.03,0,0,3.229,0,34.657,22.497,7.656,2.912,8.249,0,0,1738.684
23019013000,1727.33,210.12,50.022,42.876,65.373,47.544,0,0,48.15,0,0,206.346,96.797,82.311,116.09,17.655,0,18.511,26.706,1.229,0,73.29,84.209,0,0,0,58.066,80.437,18.618,19.37,7.918,31.244,0,3130.212
23019013500,1187.93,256.47,57.168,4.764,5.943,0,0,0,1.926,0,0,21.362,15.729,17.161,9.945,0,0,0,5.885,0,0,20.16,8.173,0,0,0,22.49,19.22,10.379,3.254,15.982,9.063,0,1693.004
23019014000,858.54,232.78,71.46,47.64,11.886,0,28.866,0,0,0,0,25.252,70.192,16.528,20.753,0,0,0,7.419,0,0,41.053,11.9,12.1,0,0,15.794,20.01,34.989,2.549,0,0,0,1529.711
23019015000,1619.91,400.67,100.044,300.132,83.202,0,0,0,13.482,51.8,0,251.528,17.236,127.576,80.819,27.212,0,36.477,36.793,0,0,35.644,15.692,0,0,0,31.612,20.13,34.899,2.996,5.243,32.849,0,3325.946
23019015500,949.56,264.71,4.764,0,11.886,0,0,0,0,0,0,20.01,25.155,12.788,11.898,0,0,0,5.306,0,0,4.1,14.4,0,0,1.2,13.99,36.17,6.42,2.184,10.723,17.976,0,1413.24
23019018000,1211.8,301.79,11.91,28.584,0,0,0,0,0,0,0,37.713,20.544,24.681,16.716,0,0,2.996,12.947,0,0,5.8,1.976,0,0,0,45.935,9.362,13.928,1.82,9.074,16.371,0,1773.947
23019020500,1210.32,350.2,16.674,23.82,0,0,0,0,0,0,0,37.169,7.219,17.024,23.84,0,0,5.35,4.173,0,0,18.9,0,0,0,0,34.42,10.83,12.733,1.092,9.898,35.845,0,1819.507
23019021500,762.6,312.09,4.764,28.584,0,0,28.866,0,0,0,0,18.832,10.753,6.676,0.856,0,0,0,1.409,1.391,0,6,0,0,0,0,9.89,5.175,8.56,3.276,0,11.449,0,1221.171
23019022500,750.3,292.52,14.292,0,5.943,11.886,0,0,0,0,2.675,8.346,4.28,0.706,6.442,0,0,0,0,0,0,145.656,0,0,0,0,6.2,0,7.36,1.82,5.885,0,0,1264.311
23019024500,1789.65,311.06,50.022,0,11.886,0,0,0,4.494,55.3,0,41.087,28.676,8.667,10.745,0,0,0,1.391,0,0,16.73,4.2,0,0,0,10.43,10.291,14.293,4.324,6.186,38.199,0,2417.631
23019025500,1519.05,228.66,42.876,19.056,0,0,0,0,7.912,0,0,29.871,11.167,4.412,21.357,0,0,2.643,1.391,0,0,3.23,0,0,0,0,10.277,0.89,9.096,6.357,3.3,27.82,0,1949.365
23019026500,832.71,348.14,16.674,19.056,11.886,0,0,0,0,0,0,3.735,0,9.713,5.029,0,0,0,3.21,0,0,0,0,0,0,0,6.6,1,0,0,0,0,0,1257.753
23019027000,2273.04,316.21,240.582,114.336,77.259,83.202,0,0,15.408,60.2,18.618,202.76,20.369,47.569,66.706,4.387,53.5,42.608,21.186,0,0,122.62,6.709,0,0,0,34.345,7.13,42.882,9.909,9.523,62.776,0,3953.833
23019028000,878.22,158.62,57.168,19.056,0,0,0,0,5.35,0,0,2.675,4.066,3.603,1.177,0,0,2.461,0,0,0,0,1.2,0,0,0,2.15,0,0,2.033,0,0,0,1137.779
23019028500,726.93,110.21,30.966,71.46,17.829,11.886,0,0,5.136,21,17.12,24.075,17.227,6.527,15.293,4.922,0,2.514,0.705,0,0,11.85,7.3,0,0,0,8.52,2.32,11.021,1.092,0.412,18.725,0,1145.04
23019029000,2432.94,152.44,26.202,42.876,17.829,11.886,0,0,32.2,23.8,10.054,28.058,22.045,13.777,120.002,4.28,0,11.019,9.63,0,0,115.475,10.733,2.027,0,0,16.199,9.666,24.745,8.283,14.435,36.808,0,3197.409
23019030000,2140.2,389.34,142.92,233.436,77.259,35.658,28.866,0,69.443,24.5,17.761,166.125,43.519,119.772,149.925,19.877,56.175,26.536,64.515,4.387,0,8.631,19.054,3,28,0,33.312,5.52,63.413,14.235,8.56,41.409,0,4035.348
23019031000,789.66,74.16,45.258,90.516,11.886,23.772,0,0,7.169,11.2,0,37.671,7.636,34.232,8.999,11.128,0,7.283,5.564,0,0,104.3,1.2,2.027,0,0,10.887,3.125,21.378,8.925,5.35,58.636,3.21,1385.172
23019031100,2041.31,710.7,50.022,366.828,190.176,71.316,28.866,0,112.173,447.8,31.458,902.031,95.15,146.393,247.27,38.199,5.992,89.75,160.707,11.984,0,35.8,10.687,39.61,7.5,0,66.624,40.543,60.73,10.187,0,45.989,389.587,6455.381
23019031200,1537.75,557.23,23.82,9.528,41.601,0,0,0,0,20.1,10.058,67.167,47.422,35.502,33.651,4.28,0,11.663,27.499,0,0,10.87,10.167,3.3,0,0,34.842,33.687,42.8,17.571,0,52.357,0,2632.866
23019031300,2888.2,587.1,47.64,14.292,0,11.886,28.866,0,2.838,0,0,98.05,42.797,66.908,45.593,0,0,2.241,10.165,0,0,17.442,9.297,0,0,0,51.483,17.97,6.205,11.132,14.848,0,0,3974.953
23019940000,176.956,31.93,11.91,0,41.601,0,0,0,0,3.5,0,3.103,1.498,0,2.568,0,0,0,1.712,0,0,0,0,0,0,0,0,0,0,1.712,0,0,0,276.49
23021960301,2168.74,84.46,50.022,95.28,59.43,11.886,57.732,0,58.529,16.8,0,104.052,16.906,37.983,61.838,9.737,0,10.057,39.041,0,0,28.008,5,1.2,8.1,0,24.827,16.211,33.065,12.681,0,12.916,0,3024.5
23021960302,2644.5,9.27,0,23.82,0,0,0,0,33.17,0,0,25.562,0,0,4.13,2.14,0,0,5.029,0,0,0,1.2,0,0,0,0,0,0,0,0,0,0,2748.821
23021960400,1838.6,123.6,0,19.056,0,0,28.866,0,9.951,0,0,43.58,0,8.892,14.445,0,0,1.68,1.391,0,0,1.13,51.3,1.7,0,0,13.052,2.62,18.725,9.418,0,8.743,3.959,2200.708
23021960500,1451.97,214.24,19.056,4.764,5.943,0,0,0,8.882,9.1,0,29.426,43.332,16.921,5.757,0,0,0.56,4.708,0,0,293.1,0,0,0,0,14.672,12.632,20.775,4.259,0,16.799,0,2176.896
23021960600,1495.68,180.25,80.988,157.212,95.088,11.886,28.866,0,5.136,0,0,82.186,19.688,19.38,34.368,7.536,0,3.959,15.926,0,0,41.23,89.157,0,0,0,16.392,16.905,8.56,6.23,11.548,39.175,0,2467.346
23021960700,2214,317.24,85.752,309.66,17.829,0,0,0,66.397,90.9,33.598,123.924,64.235,114.343,159.838,12.269,0,38.874,48.01,0,0,30.48,59.053,3.328,0,2,33.646,32.732,48.34,26.446,19.099,32.197,3.103,3987.293
23021960800,2007.28,436.72,88.134,14.292,23.772,0,86.598,0,8.239,0,0,82.422,32.878,51.894,54.233,5.136,0,7.383,12.933,0,0,163.249,4.3,3.4,0.017,0,20.744,5.25,19.514,17.167,1.498,49.06,30.174,3226.287
23021960900,1343.16,75.19,4.764,28.584,0,0,0,0,1.177,0,0,33.484,5.506,12.028,5.492,1.819,0,0,5.172,0,0,12.341,1.5,0,3.883,0,6.728,1.55,5.992,33.487,0,12.84,0,1594.697
23023970100,1631.72,264.71,40.494,147.684,41.601,11.886,0,0,5.35,14,0,41.244,99.319,38.277,57.947,7.585,0,11.706,25.048,0,0,11.3,25.073,3.004,0,0,23.333,12.935,16.777,11.001,0,38.338,0,2580.332
23023970200,2718.79,601.52,42.876,0,5.943,0,0,0,0,5.6,0,24.298,14.443,40.443,55.879,2.782,0,7.212,10.799,0,0,8.2,33.367,2.396,0,0,71.333,15.971,21.723,6.636,0,16.51,0,3706.721
23023970301,2194.81,292.52,273.93,176.268,59.43,0,0,0,4.922,54.6,0,156.46,30.065,57.619,112.908,0,0,10.326,50.396,1.498,0,13.86,5.273,0,0,0,58.423,26.689,21.395,29.853,0,35.439,0,3666.684
23023970302,2349.46,60.77,76.224,185.796,47.544,11.886,0,0,0,41.5,16.692,123.101,49.864,52.912,103.008,12.197,0,31.928,54.352,3.21,0,20.13,96.05,2.3,1.6,0,35.684,15.302,34.346,1.006,0,20.653,0,3447.515
23023970400,3424.07,259.56,35.73,14.292,0,0,0,0,24.503,0,0,97.111,28.822,53.16,76.467,0,0,0.824,39.94,0,0,18.26,9.2,0,0,0,67.165,28.364,28.931,22.645,15.672,31.555,0,4276.271
23023970500,2319.04,23.69,173.886,362.064,208.005,118.86,115.464,63.675,43.984,60.7,25.68,176.075,70.552,177.659,208.432,36.808,14.661,54.604,56.136,2.996,0,21.69,18.06,32.6,0,0,33.591,24.697,131.132,24.482,11.663,66.641,0,4677.527
23023970600,1387.44,0,152.448,262.02,95.088,23.772,57.732,0,79.531,3.5,0,148.425,50.257,107.62,183.977,21.185,0,14.039,103.608,2.997,0,90.6,11.987,6.869,0,0,47.216,11.287,19.718,23.826,0,131.191,0,3036.333
23023970700,3563.56,311.06,9.528,23.82,0,23.772,0,0,54.246,1.4,0,46.396,69.93,31.962,71.208,0,0,2.354,45.999,0,0,11.43,5.5,1.014,0,0,66.752,8.991,7.788,6.57,7.626,31.993,0,4402.9
23025965301,857.31,118.45,54.786,14.292,0,11.886,0,0,97.691,16.1,0,35.524,11.634,11.171,14.938,5.457,13.482,11.128,14.284,0,0,33.77,29,2.2,0,0,6.3,0,17.013,5.457,9.426,10.807,0,1402.106
23025965302,3991.02,202.91,11.91,9.528,0,11.886,0,0,74.385,0,0,53.174,6.206,15.035,27.021,0,0,0,57.887,0,0,6.34,2.5,0,0,0,11.01,6.87,8.988,2.183,8.249,21.614,0,4528.716
23025965600,1324.71,193.64,23.82,0,0,0,0,0,5.136,14,9.63,29.314,18.529,16.568,17.784,0,0,0.56,1.605,0,0,7.3,34.419,1.8,3.23,0,33.481,10.975,10.486,6.979,12.373,13.033,0,1789.372
23025965700,1817.94,346.08,2.382,14.292,0,0,0,0,9.206,12.6,5.885,33.51,29.834,27.907,18.671,0,0,0,7.062,0,0,6.32,4.277,0,0,0,26.192,12.61,22.79,7.127,11.323,15.153,0,2431.161
23025965800,1124.22,370.8,28.584,23.82,5.943,0,0,0,0,2.1,0,95.279,29.163,54.948,22.91,4.089,0,15.081,8.194,0,0,39.3,6.573,15.1,16.2,0,20.295,12.51,7.745,22.6,12.091,7.886,0,1945.431
23025965900,988.92,241.02,14.292,33.348,11.886,0,0,0,5.029,14,0,18.686,3.317,26.269,19.188,1.022,0,9.256,7.575,0,0,3.78,504.4,0,0,0,14.19,3.6,12.851,7.234,0,28.034,0,1967.897
23025966000,1527.82,259.56,47.64,157.212,118.86,0,57.732,0,52.867,96.7,22.363,142.082,181.579,81.407,152.057,7.062,57.566,30.593,32.777,11.663,0,112.409,44.101,1.2,3.02,0,73.097,12.582,35.371,50.29,0,190.024,0,3559.634
23025966100,1637.13,448.05,40.494,14.292,5.943,0,0,0,24.743,1,0,25.316,10.443,8.175,20.164,0,0,1.926,10.7,0,0,6.92,0.75,0,0,0,21.64,26.407,23.54,2.247,4.536,1.605,0,2336.021
23025966200,1172.11,117.42,59.55,57.168,17.829,11.886,0,0,21.142,2.1,0,61.817,14.698,3.082,13.75,0,0,7.49,8.025,0,0,8.97,3.8,0,0,0,11.312,3.512,4.387,2.548,0,24.792,0,1627.388
23025966300,2022.12,256.47,9.528,9.528,0,0,0,0,5.296,9.1,0,24.755,48.364,17.775,24.631,0,0,7.597,4.28,0,0,64.738,34.2,0,0,0,21.043,28.55,2.889,6.594,0,29.746,0,2627.204
23025966400,1146.36,253.38,71.46,38.112,0,0,28.866,0,1.819,9.1,0,30.174,2.568,12.51,22.238,0,0,7.754,0,0,0,6.12,1.8,0,0,0,23.297,9.3,1.797,4.732,5.778,33.598,0,1710.763
23025966500,2233.35,327.54,183.414,176.268,59.43,0,57.732,0,14.766,85.6,20.758,122.589,21.692,54.146,70.358,6.634,0,3.381,37.077,0,0,37.303,1.818,7.828,0,0,43.209,15.193,47.476,21.468,13.766,44.405,0,3707.202
23025966600,1418.93,425.39,104.808,266.784,130.746,71.316,28.866,0,17.659,16.1,18.725,317.775,80.435,170.95,157.503,24.503,0,56.443,103.576,10.272,0,30.33,121.296,0.9,2.4,0,71.58,28.69,55.263,85.914,19.729,54.175,0,3891.058
23025966700,1538.73,182.31,200.088,319.188,83.202,23.772,28.866,0,20.865,55.3,0,137.232,128.264,63.83,86.951,5.992,98.761,48.598,29.132,0,0,271.081,114.373,11.59,1,0,31.583,5.57,42.879,5.35,24.746,55.64,5.885,3620.778
23025966800,2946.83,287.37,381.12,138.156,65.373,0,57.732,0,27.927,16.1,54.481,268.558,97.712,105.821,169.08,16.44,0,27.062,58.554,4.173,0,40.231,10.573,0,0,0,139.947,34.825,37.856,32.765,10.058,77.018,0,5105.763
23025966900,1429.26,352.26,0,0,11.886,0,0,0,1.07,0,0,64.624,24.26,33.38,55.273,3.959,0,6.496,6.986,0,0,12.61,85.842,0,0,0,40.485,25.897,17.013,8.305,0,21.189,0,2200.795
23025967000,1719.05,249.26,9.528,0,0,0,0,0,0,0,0,8.531,3.784,9.202,8.271,0,0,0.867,9.416,0,0,3.2,2.7,0,0,0,33.07,2.57,4.494,4.495,0,0,0,2068.438
23027041000,1594.33,244.11,88.134,109.572,35.658,11.886,0,0,0,0.5,0,145.802,34.514,41.794,62.877,2.044,0,6.281,26.322,1.229,0,1.8,8.8,5.9,0,0,39.493,17.404,16.529,3.618,0,35.064,0,2533.661
23027042000,2873.28,638.6,140.538,133.392,71.316,23.772,28.866,0,40.029,0,8.56,157.228,73.06,53.284,110.334,6.527,0,13.558,67.945,0,0,39.541,20.299,4.3,0,0,63.514,14.639,24.075,22.24,6.187,81.952,0,4717.037
23027043000,2944.78,555.17,247.728,181.032,225.834,35.658,86.598,0,78.859,85.1,65.227,421.476,76.193,261.532,333.603,106.786,53.5,134.523,128.725,6.634,0,147.72,88.297,107.928,0,0,88.44,68.902,137.241,49.249,23.326,130.874,19.366,6890.302
23027044000,4249.4,197.76,64.314,80.988,17.829,0,0,0,43.228,4.2,0,83.022,38.124,53.256,100.58,0,0,8.048,63.862,0,0,10.87,24.703,9.101,2.3,0,79.7,42.421,21.93,6.444,4.05,21.111,0,5227.24
23027045000,3280.98,612.85,26.202,4.764,0,11.886,0,0,6.206,0,0,86.642,34.985,46.496,61.328,0,0,5.564,14.131,0,0,30.27,48,0,0,0,68.664,40.01,27.967,9.717,6.187,41.242,0,4464.091
23027046001,1567.02,178.19,16.674,19.056,11.886,0,0,0,0,0,0,31.39,28.443,21.029,30.24,0,2.996,0,0,0,0,3.45,1.8,5.6,0,0,16.83,5.962,13.268,8.414,9.073,10.807,0,1982.128
23027046002,2175.05,499.55,16.674,128.628,41.601,47.544,0,0,5.136,136.4,0,94.471,41.077,86.716,73.254,4.173,0,9.092,20.865,0,0,34.8,133.5,22.9,0,0,36.711,51.882,46.973,18.646,16.91,62.05,214,4018.603
23027047000,2263.2,563.41,40.494,28.584,5.943,0,0,0,2.033,0,0,41.03,15.076,32.203,19.407,0,0,5.747,14.552,0,0,29.18,9.053,0,0,0,31.314,24.09,20.972,5.415,6.599,34.622,0,3192.924
23029955100,3787.17,176.13,45.258,23.82,23.772,0,28.866,0,54.846,7,0,70.75,67.167,26.438,371.196,3.317,0,2.14,17.475,0,0,24.42,2.6,0,0,0,14.571,11.8,26.276,28.015,5.564,28.569,5.892,4853.051
23029955300,1227.54,148.32,4.764,4.764,5.943,11.886,28.866,0,13.858,0,0,16.585,3.531,8.774,4.002,4.28,0,3.745,0,0,0,2.26,0,0,3.1,0,2.311,5.9,11.449,1.455,0,24.61,0,1537.943
23029955400,836.4,118.45,45.258,14.292,5.943,0,28.866,0,12.261,0,0,16.264,21.596,24.638,22.808,16.874,15.408,2.675,9.416,0,0,3.25,0,6.1,0,0,17.12,6.562,16.264,19.818,8.774,46.151,0,1315.188
23029955500,1478.46,106.09,52.404,257.256,83.202,0,57.732,0,5.35,77.7,29.211,313.298,92.654,91.272,82.552,22.363,36.808,24.472,121.513,2.568,0,2.6,13.301,1.7,0,0,44.456,7.057,67.316,53.226,0,72.496,2.357,3199.414
23029955600,1140.78,173.04,4.764,4.764,23.772,11.886,0,0,20.651,2.8,0,38.627,24.15,17.334,26.76,0,0,7.918,9.523,0,0,0,7.3,2.4,0,0,19.96,9.5,4.922,26.408,12.785,19.153,0,1609.197
23029955700,1083.63,81.37,40.494,33.348,5.943,11.886,28.866,0,45.368,24.5,14.338,83.363,13.182,20.297,49.521,11.602,0,0,20.366,0,0,6.5,28.141,14.928,0,0,22.18,70.608,47.282,10.058,3.852,37.821,0,1809.444
23029955800,1718.64,267.8,57.168,85.752,0,0,0,0,42.478,23.1,21.4,81.941,20.779,19.688,43.154,3.959,0,16.503,18.208,0,0,0.99,11.3,40.9,1.7,0,13.291,30.956,8.56,18.513,0,27.649,0,2574.429
23029955900,2266.89,266.77,7.146,0,17.829,11.886,0,0,13.91,12.6,0,28.851,26.397,27.503,19.423,1.177,0,2.643,21.876,0,0,24.73,4.1,10,0,0,27.27,4.8,10.807,9.633,16.987,26.643,0,2859.871
23029956100,1474.77,207.03,16.674,9.528,0,23.772,0,0,16.589,24.7,0,14.659,33.327,21.101,30.228,0,0,4.173,14.125,0,0,30.599,5.9,0,0,0,12.132,7.5,14.83,21.572,7.836,34.583,0,2025.628
23029956200,1098.39,222.48,164.358,100.044,59.43,47.544,28.866,0,15.493,134.4,27.176,150.202,18.008,107.72,81.762,21.933,74.9,49.69,45.675,1.498,0,13.091,71.8,22.5,0,0,42.13,11.25,32.335,53.373,14.445,46.641,48.792,2805.926
23029956300,1985.22,256.47,40.494,19.056,0,11.886,0,0,13.589,22.8,12.84,42.746,52.069,21.795,47.329,9.736,0,7.008,18.422,0,0,34.83,14.387,7.4,0,6,21.31,18.146,14.079,29.729,0,11.556,0,2718.897
23029956400,2023.35,366.68,9.528,52.404,5.943,11.886,0,0,15.301,13.3,2.568,126.153,34.689,32.122,23.669,4.494,0,6.766,21.918,0,0,20.7,5.4,5.8,3.6,0,30.872,39.043,10.101,8.243,0,51.895,0,2926.426
23029956500,2589.15,368.74,54.786,66.696,5.943,11.886,28.866,0,10.272,23.1,13.268,119.704,48.857,69.157,67.005,10.165,23.326,20.02,56.535,12.412,0,58.96,4.3,93.6,0,0,36.032,37.385,21.079,29.414,4.949,34.989,0,3920.596
23031005100,2615.14,35.02,69.078,0,0,0,0,0,3.535,2,0,11.399,35.527,36.354,51.168,0,0,1.284,23.029,1.391,0,21.4,2.187,7.942,6,0,54.892,13.102,16.478,1.092,0,16.885,1.284,3026.187
23031005200,1437.62,294.58,226.29,147.684,344.694,11.886,57.732,0,72.225,56.6,31.672,299.575,259.514,146.098,193.304,33.55,7.49,81.149,118.364,18.511,0,176.8,226.833,26.9,0,0,58.226,35.67,48.42,21.775,0,40.842,2.247,4476.25
23031005300,1867.3,0,545.478,614.556,249.606,11.886,202.062,127.35,0,45.5,47.874,61.481,31.897,123.21,108.793,12.626,0,32.018,41.372,0,0,10.9,7.259,0,0,0,34.648,19.06,45.194,32.806,12.626,25.659,3.638,4314.799
23031005400,1973.82,0,116.718,61.932,0,0,0,0,8.671,100.1,0,26.205,6.634,7.109,32.089,0,0,6.949,18.574,0,0,1.6,0,2.3,1.1,0,17.605,10.11,53.393,2.548,0,2.344,0,2449.801
23031006101,2378.25,352.26,142.92,438.288,273.378,237.72,202.062,63.675,237.139,3.5,0,63.581,19.29,59.651,123.204,0,0,15.092,57.582,0,0,9,5.5,0,0,0,54.248,8.462,16.371,4.452,4.708,27.82,0,4798.153
23031006102,2118.88,89.61,438.288,257.256,362.523,166.404,115.464,63.675,280.855,25.2,4.28,104.855,13.749,46.881,85.963,5.778,0,10.429,88.912,0,0,5.299,3.5,4.8,3.6,0,41.505,3.88,62.697,27.392,0,3.638,0,4435.313
23031020000,3651.13,371.83,252.492,142.92,0,11.886,0,0,18.404,5.6,0,137.458,52.46,101.602,97.723,0,4.28,12.064,37.233,4.066,0,26.1,15.587,0,3,0,259.722,43.851,37.704,13.568,4.537,81.855,0,5387.072
23031021000,2183,243.08,92.898,0,5.943,0,0,0,54.788,1.1,4.815,48.628,25.827,50.374,48.625,2.782,0,7.426,15.515,0,0,47.53,2.5,54.4,1.614,0,44.31,16.42,19.581,2.912,5.456,1.605,0,2981.129
23031022000,1884.85,219.39,88.134,38.112,11.886,0,0,0,0,0,0,88.19,34.211,26.14,22.76,0,0,1.12,13.544,0,0,26.459,7.9,0,0,0,36.682,28.98,13.911,4.367,0,24.365,0,2571
23031022500,1849.92,200.85,23.82,76.224,35.658,11.886,28.866,0,15.194,4.9,0,99.782,60.659,62.521,96.592,12.306,0,4.73,48.684,0,0,30.3,15.087,0,0,0,34.279,25.38,8.217,9.782,0,16.906,0,2772.543
23031023000,1937.25,88.58,35.73,9.528,23.772,0,0,0,5.136,7,0,62.077,13.949,34.608,65.518,4.28,0,2.846,13.707,1.23,0,13.601,169.173,3.1,0,0,27.441,19.647,31.554,2.548,0,9.48,0,2581.755
23031023500,7183.2,276.04,26.202,0,0,0,0,0,6.797,0,0,80.997,56.409,50.049,64.469,0,0,20.972,84.416,0,0,20.971,21.487,5.299,5.2,0,70.801,28.837,22.577,25.834,19.385,56.014,0,8125.957
23031024000,4563.14,394.49,73.842,100.044,5.943,0,0,0,1.712,3.3,0,55.084,31.243,52.911,44.022,2.782,0,12.834,22.078,0,0,30.099,4.043,1.014,0,0,49.09,6.704,15.621,13.354,0,51.125,0,5534.475
23031024500,3610.79,338.87,61.932,4.764,0,0,0,0,19.046,2.1,0,45.358,82.179,58.735,79.411,0,0,12.648,48.38,0,0,15.531,1.2,17.3,4.014,0,67.82,23.17,17.548,2.912,5.671,48.631,0,4568.009
23031025100,1780.06,0,195.324,66.696,101.031,23.772,0,0,13.695,7.7,9.523,354.957,139.594,142.855,152.26,4.922,191.53,99.536,118.43,1.229,0,418,192.496,130.3,3,0,151.96,16.78,49.474,17.659,0,306.555,0,4689.338
23031025201,610.08,8.24,526.422,886.104,338.751,71.316,230.928,63.675,55.319,183.4,31.137,155.927,70.72,37.741,106.362,8.239,3.745,33.422,36.262,16.463,0,2.9,9.5,0,0,0,47.697,5.152,24.261,0,5.243,12.84,0,3581.846
23031025202,1371.61,0,693.162,819.408,635.901,166.404,86.598,0,0,2.9,0,311.938,57.269,111.26,277.445,25.525,1.177,83.159,120.439,1.498,0,137.891,171,2.027,8.729,0,103.067,11.262,28.609,74.729,12.519,13.91,0,5329.436
23031025300,1639.02,53.56,90.516,0,0,0,0,0,1.819,97.3,107,92.105,133.985,25.156,32.808,0,0,0,6.11,0,0,10.3,3.487,0,0,0,57.084,16.847,17.632,0,0,0,0,2384.729
23031025400,1679.69,24.72,128.628,9.528,5.943,0,0,0,3.317,434.7,0,13.95,35.184,10.372,27.023,0,0,5.887,8.884,0,0,3.76,16.099,0,2.3,1.1,24.454,5.631,0,2.29,2.475,0,21.4,2467.335
23031026000,2007.36,304.88,14.292,28.584,0,0,0,0,22.47,6,0,134.963,24.696,56.395,58.865,0,0,6.741,14.418,0,0,23.3,15.36,4.055,7.1,0,51.248,17.967,22.363,4.708,5.243,62.146,0,2893.154
23031027000,3827.92,124.63,157.212,71.46,17.829,11.886,0,0,345.676,0,0,171.789,61.396,19.733,120.406,4.066,0,15.579,144.406,2.675,0,19.3,10.789,10.3,0,0,57.222,47.259,41.021,8.231,2.475,23.295,0,5316.554
23031028001,1822.86,63.86,16.674,47.64,0,0,0,0,9.202,2.8,0,36.545,23.833,15.12,45.073,0,0,0,9.63,0,0,153.9,15.36,1.5,4.1,0,36.77,11.751,1.796,1.358,0,10.914,0,2330.686
23031028002,5206.26,18.54,254.874,562.152,142.632,23.772,86.598,127.35,97.374,95.2,61.632,315.853,142.319,166.003,508.664,27.82,0,99.229,191.112,0,0,53.23,35.839,49.5,48.4,0,84.614,50.917,86.807,29.564,31.964,90.353,6.206,8694.777
23031029000,1281.17,332.69,40.494,61.932,0,0,0,0,0,71.8,0,46.8,22.577,61.821,58.783,0,0,0.984,24.503,1.285,0,0,1.974,0,0,0,47.658,7.64,20.905,2.354,86.554,19.794,0,2191.718
23031030100,1356.69,31.93,245.346,423.996,71.316,83.202,57.732,0,23.54,53.2,0,99.622,26.389,135.27,65.559,9.902,0,18.557,32.913,1.498,0,87.76,7.074,3,0,0,58.241,9.82,67.22,11.559,5.457,33.173,0,3019.966
23031030201,955.71,17.51,331.098,295.368,95.088,11.886,28.866,0,10.058,30.1,0,50.874,10.989,28.392,36.947,0,0,28.783,22.506,0,0,4,0,0,0,0,14.422,9.2,12.412,0,10.311,17.762,0,2022.282
23031030202,1345.78,100.94,507.366,509.748,261.492,95.088,28.866,0,0,143.5,36.166,177.995,30.719,91.778,178.241,26.536,96.3,57.321,60.409,0,0,312.51,24.471,4.9,0,278.566,53.329,17.8,42.131,31.52,16.089,27.606,0,4557.167
23031030203,1671.82,22.66,316.806,66.696,101.031,35.658,0,127.35,5.136,11.2,38.495,590.355,25.437,41.764,99.465,8.453,14.063,15.188,35.528,4.173,0,21.7,149.576,0,0,0,27.918,15,35.631,39.194,14.017,40.117,0,3574.431
23031030300,1498.63,450.11,71.46,80.988,17.829,23.772,28.866,0,38.31,7,3.959,165.735,127.372,64.659,143.319,2.044,0,64.9,62.702,52.858,0,210.4,282.586,57,21,0,44.3,167.79,2.354,0,0,9.951,0,3699.894
23031031000,2753.48,578.86,26.202,23.82,0,0,0,0,20.762,0,0,61.36,128.799,54.74,30.557,0,0,4.569,21.92,3.638,0,21.8,3.2,1,0,0,47.35,10.062,6.099,4.368,0,1.712,0,3804.298
23031032000,3170.45,249.26,264.402,290.604,71.316,0,0,0,1.07,28,0,93.947,45.535,66.789,58.03,2.354,2.354,3,16.461,1.605,0,45.723,194.887,1.5,0,0,72.543,36.4,29.211,5.79,15.554,52.323,0,4819.108
23031033000,2266.89,115.36,73.842,57.168,41.601,23.772,28.866,0,2.461,47.6,6.634,66.692,57.469,52.131,51.324,5.457,0,18.454,12.882,0,0,104,12.973,7.6,0,0,59.889,12,24.182,9.548,0,23.112,15.729,3197.636
23031034001,7266.02,1025.88,588.354,471.636,178.29,213.948,404.124,127.35,905.208,66.9,0,393.476,74.938,136.893,300.276,31.266,0,37.5,336.093,4.708,0,40.26,442.375,30.269,0,0,92.29,42.423,78.317,25.149,17.12,65.272,13.91,13410.25
23031034002,3072.05,284.28,30.966,9.528,0,11.886,0,0,24.182,0.7,0,56.421,27.973,42.697,64.802,0,0,0.878,12.413,0,0,6.8,13,0,0,0,65.114,24.404,8.132,0,0,1.819,0,3758.045
23031035000,3399.06,122.57,197.706,276.312,124.803,0,28.866,0,15.194,1.4,0,56.467,45.514,58.019,172.811,2.996,0,15.515,48.308,4.922,0,37.63,11.4,0,1.7,0,86.988,18.039,76.89,7.578,0,64.628,0,4875.316
23031036001,6628.63,266.77,552.624,466.872,172.347,35.658,57.732,0,156.648,7.7,16.478,203.106,65.187,68.102,244.406,8.988,64.199,76.331,134.373,0,0,10.26,30.445,0,2.5,0,74.983,26.635,82.764,28.188,14.766,55.105,0,9551.798
23031036002,3869.99,67.98,50.022,0,29.715,11.886,0,0,30.897,4.2,0,104.161,180.163,46.826,164.637,6.527,0,46.338,57.416,1.605,0,30.5,40.641,5.341,0,0,110.97,70.129,18.488,3.179,0,0,0,4951.611
23031037000,3395.37,299.73,123.864,0,11.886,0,28.866,0,9.416,7.7,0,51.584,96,93.928,155.091,10.058,0,12.912,49.821,0,0,76.93,13.724,10.9,0,0,114.963,37.062,62.252,5.319,4.124,50.08,0,4721.58
23031038001,3267.86,15.45,385.884,228.672,261.492,95.088,57.732,0,8.881,49,0,103.241,27.828,46.081,119.07,11.877,0,30.575,46.353,0,0,13.311,2.28,9.311,0,0,44.665,17.304,58.433,14.318,11.342,61.836,0,4987.884
23031038002,1517.82,268.83,88.134,123.864,65.373,11.886,0,0,35.631,52.5,0,286.341,79.115,88.157,152.389,4.601,0,35.034,67.356,0,0,4.58,64.24,16.194,0,0,54.185,33.107,16.648,2.889,0,0.632,0,3069.506

