Tract,RES1F,RES2F,RES3AF,RES3BF,RES3CF,RES3DF,RES3EF,RES3FF,RES4F,RES5F,RES6F,COM1F,COM2F,COM3F,COM4F,COM5F,COM6F,COM7F,COM8F,COM9F,COM10F,IND1F,IND2F,IND3F,IND4F,IND5F,IND6F,AGR1F,REL1F,GOV1F,GOV2F,EDU1F,EDU2F,TotalSqft
30001000100,1549.76,194.025,16.74,7.44,5.677,0,0,0,50.397,0,0,92.083,38.273,20.882,23.88,0,0,1.498,38.823,0,0,8.989,2.3,0,0,0,9.448,81.432,29.737,12.714,25.891,25.681,0,2235.67
30001000200,1983.14,412.925,0,40.92,0,0,0,0,34.499,0,0,24.109,66.457,31.141,26.653,0,20.116,12.654,58.223,0,0,20.329,5.19,19.001,21.016,0,38.309,101.369,5.778,21.807,0,3.21,0,2946.846
30001000300,1808.66,372.13,72.54,40.92,96.509,79.478,0,0,108.717,165.6,21.828,186.885,95.707,87.282,197.473,11.235,0,9.737,57.61,0,0,11.14,22.4,4.7,0.89,0,41.116,38.873,108.049,40.016,22.504,65.815,35.631,3803.445
30003000100,1844.29,239.795,37.2,130.2,90.832,0,0,0,60.06,35.1,10.593,110.381,56.215,78.878,87.344,12.198,32.849,19.975,99.47,9.63,0,3.899,10.8,10.301,5.799,0,41.96,67.115,169.685,21.178,9.17,108.955,0,3403.872
30003940400,687.225,65.67,24.18,0,0,0,0,0,1.712,1.2,0,7.169,1.712,1.06,19.5,0,0,0,2.675,0,0,0,0,0,10,0,7.3,31,2.675,1.047,0,30.388,0,894.5129
30003940500,576.334,290.54,9.3,3.72,17.031,0,0,0,13.792,0,0,35.771,5.243,5.799,8.678,0,0,5.029,6.955,0,0,0,0,1.7,1.403,0,3.502,37.12,40.629,13.273,0,46.866,0,1122.685
30003940600,779.79,158.205,63.24,22.32,0,0,0,0,3.745,16.1,11.128,23.861,0,9.574,11.224,0,0,32.741,5.67,0,0,2.089,0,8.247,0,0,0.99,1.81,5.029,30.163,0,1.604,0,1187.53
30003940700,817.658,108.455,11.16,7.44,0,0,0,0,0,18.9,0,2.782,0,0,1.523,0,0,0,0,0,0,0,0,0,0,0,0,9.45,0,0.349,0,9.737,0,987.454
30005000100,674.602,75.62,11.16,22.32,17.031,22.708,0,0,6.741,67.9,0,57.891,78.661,21.02,17.34,4.601,21.721,1.16,17.227,0,0,0,1.1,2.1,0,0,7.992,77.195,46.583,24.778,19.918,40.446,23.968,1361.783
30005000200,1515.54,146.265,1.86,7.44,17.031,34.062,27.574,0,24.182,77.7,14.765,63.54,23.698,51.28,37.178,7.811,16.478,14.317,18.077,3.21,0,0,8.6,4.123,10.299,0,30.417,123.275,31.351,22.473,6.955,44.619,0,2384.12
30005940100,532.95,30.845,20.46,14.88,11.354,0,0,0,0,2.4,0,0,0,0,0,0,0,0,0,0,0,0,0,0,0,0,1.424,0,0,0,0,0,0,614.313
30005940200,409.811,100.495,18.6,18.6,5.677,0,0,0,0,0,0,4.818,0,7.597,5.62,0,0,5.564,0,0,0,0,0,0,0,0,0,2.46,4.382,2.443,0,28.676,0,614.743
30007000100,828.878,289.545,7.44,14.88,22.708,22.708,0,0,8.025,21.4,0,59.313,14.659,31.257,49.675,9.893,19.581,5.564,35.353,0,0,11.7,0.86,0,4.8,0,6.622,12.677,17.013,9.347,10.788,28.248,1.926,1544.86
30007000200,2053.73,359.195,0,0,0,0,27.574,0,25.68,0,0,43.445,216,22.38,378.316,1.284,0,2.782,24.574,0,0,6.581,13.755,1.7,0.56,0,30.174,185.868,19.751,3.001,0,0,0,3416.35
30009000100,1451.68,163.18,0,0,11.354,0,0,0,5.563,0,0,22.901,37.145,9.544,37.349,2.782,0,0.824,10.689,0,0,13.9,6.001,0,0,0,33.37,51.87,20.865,3.798,8.09,9.534,0,1900.439
30009000200,980.067,192.035,0,14.88,0,11.354,0,0,4.815,0,0,15.559,10.832,13.946,10.754,22.363,0,2.461,12.244,0,0,7.9,37.065,0,0,0,6.201,17.3,17.762,4.886,11.866,19.772,0,1414.062
30009000300,2059.24,55.72,76.26,59.52,73.801,11.354,0,0,5.029,36.4,67.625,48.247,8.774,11.342,24.73,1.819,0,12.947,8.435,0,0,2.1,8.399,0,3.7,0,14.26,0.83,28.248,2.387,15.301,12.733,0,2649.201
30009000400,2734.59,147.26,0,0,0,0,0,0,110.306,0.7,0,175.96,47.369,42.244,70.786,2.782,0,4.798,85.924,0,0,10.944,3.36,7.93,6.26,0,58.115,77.806,27.606,8.621,8.72,29.745,0,3661.826
30009000500,1036.35,145.27,0,0,0,0,0,0,0,0,0,2.322,4.378,7.918,1.821,0,0,0,8.239,0,0,0,0,0,0,0,3.132,7.099,0,1.047,3.236,0,0,1220.812
30011000300,838.695,191.04,9.3,0,5.677,0,0,0,24.825,7.7,0,21.089,25.283,9.407,8.957,5.071,16.906,0,10.701,0,0,2.5,2.9,0,0,0,4.664,94.211,11.939,16.722,8.09,20.009,0,1335.686
30013000100,1225.6,261.685,52.08,52.08,0,11.354,0,0,0,9.5,0,32.625,168.599,34.048,91.667,6.955,0,1.947,22.756,0,0,94.97,8.3,41,0,0,49.212,9.3,23.326,8.314,0,39.963,0,2245.281
30013000200,1948.07,16.915,33.48,219.48,0,56.77,0,0,5.029,4.9,0,70.958,29.606,56.067,41.67,0,0,4.802,45.264,0,0,0,7.81,283.9,0,0,15.102,24.984,20.116,0.698,0,0.63,0,2886.25
30013000300,1641.02,18.905,145.08,74.4,22.708,22.708,27.574,0,3.103,26.4,0,52.404,63.574,113.023,75.124,7.49,0,13.966,15.504,0,0,3.6,37.7,15.2,3.4,0,86.656,3.217,33.106,11.791,0,6.848,0,2524.501
30013000400,677.688,0,85.56,44.64,96.509,22.708,82.722,60.825,6.42,16.8,18.045,142.102,149.811,71.298,43.308,0,0,3.366,75.863,0,0,11.689,4.2,0,0,0,57.78,3.317,23.968,0,0,9.63,0,1708.249
30013000700,760.435,4.975,104.16,59.52,34.062,34.062,110.296,0,23.54,52.5,0,312.359,286.174,168.078,259.737,19.589,1.027,23.397,56.509,1.605,0,11.989,117.365,19.362,1.6,0,17.442,5.117,35.58,32.691,5.457,2.996,0,2561.624
30013000800,762.586,11.94,61.38,78.12,90.832,79.478,0,0,31.565,1.7,0,36.168,43.977,27.152,59.367,1.177,0,13.985,20.544,0,0,6.6,2,0,0,0,10.962,32.47,17.655,0.92,0,11.342,0,1401.92
30013000900,1354.53,37.81,124.62,152.52,45.416,22.708,0,60.825,18.511,42.1,0,40.126,2.782,39.172,40.198,4.799,0,7.03,27.599,0,0,0,1.8,0,0,0,12.166,0.95,48.685,0,0,17.955,0,2102.302
30013001000,2197.16,9.95,27.9,0,0,0,0,0,3.322,9.8,4.922,57.032,11.021,28.876,79.224,0,1.752,19.367,26.75,1.032,0,3.3,0,0,0,0,17.876,10.657,45.364,0,0,17.334,0,2572.639
30013001100,1791.83,0,124.62,133.92,187.341,113.54,0,0,5.029,12.4,0,80.81,24.838,96.068,31.531,0,0,6.251,21.625,0,0,0,5.975,14.2,0,0,17.562,15.959,46.973,3.531,0,27.82,0,2761.823
30013001200,816.255,0,345.96,22.32,34.062,0,27.574,60.825,20.865,539.4,0,28.997,0,8.347,30.374,0,0,1.719,8.025,0,0,8.8,2.4,2.2,0,0,2.136,0.818,10.7,16.371,0,4.28,1.926,1994.354
30013001600,1745.27,276.61,74.4,122.76,22.708,215.726,27.574,0,38.953,5.7,0,137.296,144.954,77.627,80.352,19.367,0,8.802,122.07,0,0,17.933,15.01,13.7,1.5,0,53.724,14.847,33.527,9.159,0,39.419,0,3318.988
30013001700,1145.19,149.25,39.06,37.2,0,0,0,0,0,0,0,38.971,26.693,50.175,28.879,1.92,0,0,3.432,0,0,2.1,3,2.4,0,0,63.284,104.113,14.124,0,0,0,0,1709.791
30013001800,1830.17,40.795,111.6,78.12,17.031,45.416,0,0,24.61,7.7,0,257.081,252.811,36.844,68.572,2.461,0,15.697,58.791,0,0,4.1,1.4,1.1,0,0,27.862,16.604,33.423,1.047,0,45.267,0,2978.503
30013001900,2950.11,316.41,0,40.92,17.031,11.354,0,0,0,5.6,0,124.475,29.786,51.449,43.805,2.14,0,1.284,44.362,0,0,12,5.1,0,1.6,0,30.553,25.13,11.235,0,0,13.45,0,3737.794
30013002100,1473.19,28.855,46.5,70.68,164.633,408.744,330.888,60.825,60.321,250.4,46.545,266.603,89.773,94.65,139.079,3.959,413.876,58.005,83.386,0,0,5.5,4.9,4,0,0,39.779,13.29,44.512,5.564,0,17.548,226.466,4452.47
30013002200,2472.05,543.27,37.2,70.68,130.571,147.602,248.166,182.475,113.954,116.9,65.591,385.469,71.027,107.212,276.453,15.264,34.561,121.157,103.417,41.284,0,1.9,43.729,0,2.105,0,79.219,23.444,159.507,6.099,0,54.26,0,5654.566
30013002300,4584.49,30.845,22.32,11.16,0,22.708,0,0,273.814,13.3,3.638,171.012,51.139,38.403,209.997,0,0,21.778,45.022,3.745,0,5.101,4.799,0,0,0,72.691,19.496,31.45,0,10.248,18.19,0,5665.347
30013010100,1450.37,575.11,16.74,14.88,17.031,0,0,0,13.482,0,0,88.986,188.485,64.61,42.273,0,0,3.604,45.745,0,0,42.578,11.2,20.8,0,0,67.484,75.226,25.466,0.698,26.429,0,0,2791.197
30013010400,1675.33,166.165,22.32,7.44,0,0,0,0,35.31,13.3,0,24.402,8.239,9.203,18.026,3.21,0,0,25.459,0,0,0,4.5,0,0,0,7.702,72.619,5.475,4.537,8.091,33.919,0,2145.247
30013010600,2507.67,343.275,18.6,22.32,11.354,0,0,0,64.214,103.6,0,80.041,48.726,42.409,55.826,6.634,0,14.659,27.898,0,0,2.4,4.455,1.031,2.105,0,29.362,105.197,39.911,29.84,5.992,22.256,0,3589.775
30013010700,2116.93,396.01,5.58,0,0,0,0,0,0,174.1,0,33.975,66.675,50.891,63.335,0,0,2.675,7.982,0,0,4.933,11.755,9.031,0,7.379,27.049,87.635,35.203,138.175,18.817,40.818,1.177,3300.125
30013010800,728.458,38.805,72.54,174.84,79.478,193.018,275.74,121.65,83.888,56.7,0,268.705,80.859,117.582,506.876,68.416,27.606,41.713,126.67,0,0,2.344,37.06,0,3.5,0,31.642,13.475,112.171,53.5,3.756,26.857,0,3347.849
30015010200,1366.22,142.285,31.62,11.16,11.354,22.708,0,0,5.885,78.9,21.475,64.093,11.144,16.246,101.844,5.04,4.494,10.088,17.976,0,0,0,2.865,1.3,0,0,11.6,60.155,34.544,7.493,0.539,48.364,3.103,2092.495
30015010300,1975.28,206.96,14.88,0,5.677,22.708,0,0,42.907,12.6,0,65.964,57.472,35.65,53.97,5.136,15.729,12.411,40.051,0,0,26.59,5.4,0,0.702,0,12.36,288.17,14.869,15.822,42.612,38.367,0,3012.287
30017961300,966.323,190.045,0,0,0,0,27.574,0,14.776,0,0,26.848,119.67,31.116,24.297,0,0,3.317,38.994,0,0,6.79,34.376,7,2.7,0,62.18,202.019,6.83,26.419,5.394,19.153,0,1815.821
30017961500,775.583,294.52,9.3,7.44,0,0,0,0,0,0,0,2.033,24.701,21.6,9.422,0,0,0.58,4.967,0,0,0,4.5,10.9,2.6,0,7.23,2.617,2.675,0,0,0,0,1180.668
30017961600,1043.46,146.265,44.64,37.2,0,0,55.148,0,13.701,105.7,6.565,204.853,33.885,46.11,29.984,2.889,5.257,30.264,41.904,0,0,3.588,8.155,0,0,0,30.28,10.385,35.7,12.201,24.768,55.373,18.939,2047.214
30017961800,957.908,0,0,0,0,0,0,0,0,0,0,4.173,8.239,11.018,14.043,0,0,0,0,0,0,8.466,0,0,0,0,0.712,7.604,8.774,0,0,27.467,0,1048.404
30017961900,888.156,42.785,53.94,37.2,62.447,0,0,0,101.222,79.8,27.927,3.854,18.551,20.744,16.198,0,119.84,40.992,28.534,0,0,3.133,0,0,0,0,12.924,18.484,12.181,0,0,0,0,1588.912
30017962000,929.016,222.88,27.9,85.56,73.801,22.708,0,0,10.486,11.8,8.56,136.555,39.674,59.809,113.622,14.862,0,14.702,86.21,8.025,0,24.3,22.129,2.062,0,2,20.843,15.683,68.626,14.43,0,32.01,0,2068.253
30019020300,1389.88,68.655,0,14.88,5.677,22.708,0,0,13.803,28.7,0,43.411,59.706,27.271,21.367,11.128,30.495,4.948,65.419,0,0,9.28,5.1,7.06,0,0,28.9,115.318,18.087,11.371,8.091,28.89,0,2040.145
30021000100,1025.6,125.37,0,11.16,0,0,0,0,2.996,0,0,14.006,70.427,15.988,18.765,0,0,2.782,8.132,0,0,1.1,2,5.3,11.2,0,6.082,173.951,19.14,2.793,0.539,25.573,0,1542.904
30021000200,1397.17,280.59,5.58,7.44,0,0,0,0,17.873,0,0,196.67,95.841,50.7,39.686,0,0,0,47.186,6.527,0,34.843,0,0,13.308,0,42.109,11.978,22.256,0,16.182,9.453,0,2295.392
30021000300,2732.82,33.83,98.58,85.56,51.093,102.186,27.574,0,67.41,171.9,4.066,130.679,41.153,184.03,82.527,18.181,60.455,47.35,45.806,0,0,9.2,7.77,19.5,2.9,0,176.207,19.689,94.151,42.599,0,60.653,0,4417.869
30023000300,1768.55,46.765,61.38,89.28,22.708,22.708,27.574,60.825,35.309,48.3,4.066,149.846,13.056,103.711,92.164,12.719,0,22.216,143.499,9.63,0,0,11.5,1.8,34.1,0,25.136,6.417,32.368,5.835,5.671,35.492,0,2892.625
30023000400,2269.71,5.97,0,44.64,0,22.708,55.148,0,11.449,4.9,0,48.786,11.77,36.633,37.027,5.992,0,32.218,41.939,1.391,0,0,7.755,0,0,0,7.132,2.16,22.787,31.522,9.709,38.841,0,2750.187
30023000500,2209.41,194.025,65.1,0,0,0,0,0,15.622,294.3,0,7.169,15.514,12.009,11.474,1.391,19.26,1.712,18.093,0,0,15.088,2.2,0,0,0,32.034,17.735,21.828,6.892,26.43,0,0,2987.286
30025000100,1643.54,276.61,7.44,29.76,11.354,11.354,0,0,25.894,22,4.28,81.909,65.554,59.518,67.322,4.757,55.64,7.918,29.801,0,0,3.6,1.909,0,49.515,0,34.31,114.779,47.222,17.046,6.103,114.912,0,2794.047
30027030100,2915.8,437.8,7.44,3.72,0,0,0,0,37.792,150.8,0,158.015,124.927,61.152,90.153,7.276,0,11.308,50.984,0,0,126.03,41.77,21.6,3,0,128.81,313.921,39.943,31.753,62.57,63.364,0,4889.927
30027030200,3122.53,395.015,96.72,167.4,164.633,34.062,82.722,60.825,123.906,115.3,54.463,262.119,86.436,98.223,157.145,19.795,1.752,50.905,105.395,7.811,0,7.9,27.349,2.062,8,0,55.57,14.906,140.662,54.459,5.243,75.626,3.638,5602.571
30029000100,3629.67,513.42,16.74,59.52,17.031,0,0,0,41.948,10.2,0,187.805,97.623,65.614,156.461,1.284,0,21.036,93.526,0,0,59.05,12.6,34,5.74,0,108.332,24.354,29.191,15.082,23.733,11.988,0,5235.948
30029000201,2152.09,387.055,158.1,89.28,90.832,0,0,0,30.931,1.8,0,111.399,122.677,48.865,58.528,0,0,8.239,19.217,0,0,77.364,8.4,2.483,0,0,77.838,18.239,33.724,0.418,0,0.631,0,3498.11
30029000202,1664.21,86.565,0,0,0,0,0,0,23.647,0,0,81.537,31.505,18.301,10.32,0,0,4.599,4.753,0,0,24.1,3.1,3.9,0,0,33.322,11.092,3.416,0,0,0,0,2004.367
30029000203,2099.07,35.82,107.88,174.84,56.77,45.416,0,0,19.056,64.4,23.541,94.993,15.901,73.759,82.138,14.108,0,27.665,82.678,0,0,23.835,17.7,0.048,2.76,0,33.439,7.919,72.83,16.942,10.788,62.167,0,3266.463
30029000300,3423.03,199,215.76,375.72,158.956,68.124,82.722,0,45.159,0,0,52.598,21.293,20.523,126.228,0,0,20.216,131.618,1.032,0,6.544,16.2,2.901,0,0,73.291,27.684,45.9,0,6.313,3.627,0,5124.44
30029000401,2874.75,209.945,158.1,14.88,56.77,136.248,82.722,0,104.01,65.1,21.615,121.76,12.565,39.758,105.856,7.704,0,10.362,52.929,1.391,0,30.692,8.865,5.892,0,0,78.229,18.332,58.529,7.811,0,136.318,0,4421.133
30029000402,1666.36,174.125,61.38,74.4,51.093,0,0,0,179.021,0,0,183.579,20.237,102.057,189.901,31.244,0,29.111,76.069,0,0,49.298,43.58,4.6,0.75,0,59.35,23.971,52.523,18.317,0,5.541,0,3096.507
30029000601,2146.11,216.91,0,66.96,0,0,0,60.825,15.305,0,0,119.769,97.354,39.416,92.731,0,0,8.003,46.522,0,0,246.778,6.7,13.031,0,0,88.272,71.011,63.557,5.243,0,0,0,3404.497
30029000602,1945.55,327.355,27.9,7.44,0,0,0,0,3.317,0,0,25.843,37.942,47.462,73.676,0,0,3.176,13.42,0,0,39.822,15.067,0,0,0,63.52,38.091,12.626,0,0,31.886,0,2714.093
30029000700,1879.63,868.635,0,63.24,0,0,0,0,3.322,8.4,5.136,141.757,103.585,131.41,104.212,5.564,1.712,8.464,28.141,5.244,0,171.215,61.701,15.692,6.73,0,195.989,25.33,17.987,2.033,5.457,21.65,0,3882.236
30029000800,4100.07,144.275,115.32,48.36,0,22.708,82.722,0,3.322,3.1,0,92.387,79.22,48.244,146.187,0,0,24.3,43.756,0,0,60.602,33.495,1.901,1.6,0,67.144,23.756,37.769,7.383,0,40.157,121.552,5349.33
30029000900,3211.26,129.35,59.52,219.48,153.279,113.54,137.87,60.825,59.492,145.8,135.569,210.697,78.172,177.259,264.582,7.49,116.523,280.252,85.043,1.391,0,14.902,29.035,9.6,0,0,52.522,8.113,91.854,57.804,0,43.656,0,5954.879
30029001000,703.494,59.7,22.32,78.12,34.062,79.478,82.722,60.825,53.179,29.1,0,354.325,55.326,206.42,395.982,47.829,0,58.466,128.744,16.585,0,10.1,63.134,4.1,0,0,54.644,10.86,100.527,46.578,17.441,63.002,0,2837.063
30029001100,2411.08,21.89,120.9,260.4,124.894,56.77,193.018,0,90.736,42.7,0,304.743,110.153,106.206,101.826,1.926,0,18.227,23.693,0,0,3.504,9.7,8,0,0,83.136,8.469,70.817,0,0,23.337,0,4196.125
30029001200,2639.69,911.42,174.84,11.16,0,34.062,0,0,29.105,6.3,0,293.976,143.075,89.841,112.293,3.531,0,2.14,29.266,6.206,0,130.355,23.285,2.5,0,0,76.88,25.944,39.158,43.498,0,32.753,0,4861.278
30029001301,3081.57,70.645,0,74.4,102.186,113.54,0,60.825,10.005,39.9,15.408,108.787,11.431,32.531,131.881,15.94,0,11.004,119.483,2.461,0,14.861,10,3.2,0,0,54.22,26.714,56.076,14.331,1.605,28.105,0,4211.109
30029001302,3504.85,216.91,0,7.44,0,0,0,0,7.225,14,0,55.32,34.742,27.258,61.864,0,0,0.621,14.659,0,0,31.51,10.554,2.899,4,0,102.454,34.671,33.581,0,5.35,24.158,4.601,4198.667
30029001400,3978.52,301.485,55.8,78.12,0,22.708,0,0,39.009,80.9,0,131.987,126.992,59.122,110.573,2.354,0,5.637,55.695,0,0,88.648,16.6,6.185,1.3,0,100.187,29.22,30.725,2.443,0,41.195,0,5365.405
30029001700,4686.59,782.07,20.46,52.08,0,0,27.574,0,37.399,44.7,0,77.853,45.945,65.652,72.574,0,4.381,7.073,24.24,0,0,50.095,7.9,18,21.916,0,93.713,37.626,10.802,9.408,0.539,37.985,0,6236.575
30031000101,2557.51,157.21,87.42,37.2,0,0,0,0,19.8,0,0,95.222,93.761,67.107,142.15,2.675,0,12.65,39.664,0,0,35.9,69.979,5.9,8.47,0,119.712,49.052,15.921,7.443,0,6.634,0,3631.379
30031000102,1403.53,115.42,0,3.72,0,0,0,0,28.36,0,1.391,27.704,21.046,22.968,66.897,0,0,7.6,62.06,0,0,17.38,1.4,0,10,0,63.632,62.82,39.577,0,0,10.593,0,1966.098
30031000103,2699.81,248.75,171.12,364.56,119.217,193.018,0,0,17.441,14.7,5.457,176.872,87.738,72.27,115.783,8.56,0,23.346,64.875,1.392,0,127.476,39.331,18.6,0,0,102.73,28.177,50.932,6.981,0,65.806,0,4824.943
30031000200,4285.1,534.315,26.04,126.48,17.031,113.54,0,0,86.135,5.6,1.108,97.162,66.831,121.044,91.894,1.177,14.446,2.23,101.598,0,0,49.178,54.515,7.601,0,0,110.794,29.679,10.473,0,0,12.412,0,5966.383
30031000300,1659.72,281.585,27.9,26.04,39.739,0,0,0,0,4.9,0,91.286,23.368,28.611,37.852,4.066,0,6.741,38.385,0,0,97.801,12.81,0,16.4,0,26.498,60.516,21.289,4.887,30.205,29.532,0,2570.131
30031000400,2654.47,314.42,44.64,40.92,17.031,11.354,0,0,1.712,42.7,0,48.634,91.114,34.466,217.355,11.771,0,9.336,29.21,0,0,33.4,94.464,1.5,2.9,0,94.215,186.792,34.016,8.881,13.486,49.648,0,4088.435
30031000501,1524.7,32.835,0,0,0,0,0,0,10.057,8.4,0,58.278,33.414,17.821,108.002,4.601,0,3.655,9.835,0,0,15.307,12.064,4.8,0,0,50.852,26.341,17.669,0,6.099,23.052,0,1967.782
30031000502,3168.25,78.605,27.9,0,0,0,0,0,20.12,4.6,0,168.651,177.225,53.621,241.465,3.852,0,18.09,38.272,1.391,0,86.685,91.066,15.4,8.001,0,158.163,69.972,26.889,0.92,0,28.847,10.593,4498.579
30031000503,3595.17,397.005,176.7,699.36,272.496,22.708,55.148,60.825,15.734,0,0,276.492,90.446,79.042,160.151,1.604,0,20.953,43.648,2.14,0,51.145,61.8,6.161,0.991,0,54.327,19.375,26.403,38.812,0,14.658,44.618,6287.913
30031000504,1166.69,188.055,18.6,11.16,0,0,0,0,36.915,3.5,0,58.004,54.128,54.79,99.712,0,0,4.86,31.81,0,0,9.888,14.748,2.062,0,0,50.005,32.15,25.106,21.293,0,1.748,0,1885.224
30031000600,716.117,306.46,53.94,78.12,34.062,68.124,27.574,121.65,175.801,53.9,4.601,350.154,195.716,123.639,118.362,12.84,0,9.309,79.111,2.139,0,13.1,153.671,60.161,3.1,3.5,105.077,7.866,7.597,13.893,2.354,0,0,2901.938
30031000701,1005.59,46.765,241.8,275.28,119.217,136.248,82.722,0,56.744,59.8,86.456,311.084,89.74,100.634,408.609,16.788,3.21,64.964,270.951,11.619,0,14.133,53.909,20.611,0,0,58.69,22.249,75.674,121.017,5.243,50.131,9.523,3819.402
30031000702,2703.74,148.255,241.8,260.4,107.863,90.832,0,60.825,14.732,9.1,0,252.803,29.737,65.794,134.358,19.029,0,18.136,49.126,0,0,9.322,7.715,0.074,0,0,36.272,11.596,11.528,7.833,0,1.775,0,4292.645
30031000800,1116.39,0,146.94,174.84,124.894,11.354,27.574,0,51.043,18.9,0,168.657,42.346,108.22,202.104,54.677,0,20.848,108.096,15.482,0,5.9,21.456,6.8,2.8,0,28.455,27.355,154.043,3.21,0,35.157,1.177,2678.718
30031000900,778.948,168.155,284.58,461.28,193.018,102.186,0,0,141.24,4.9,0,183.466,36.322,60.554,221.17,26.322,0,39.043,53.329,0,0,4.489,2.755,0,0,0,19.83,10.476,27.473,6.086,5.394,0,31.779,2862.795
30031001001,2033.06,0,14.88,22.32,11.354,0,0,60.825,2.839,0.2,15.809,10.977,3.248,16.987,113.799,0,0,10.3,18.48,0,0,9,23.511,0,0,0,15.8,17.053,28.861,0,0,1.947,0,2431.25
30031001002,1904.59,32.835,184.14,286.44,22.708,113.54,27.574,60.825,26.265,7,14.471,152.331,136.11,92.343,132.027,0.96,107,87.064,44.009,2.247,0,8.9,55.771,12.9,0.95,0,69.435,12.594,20.89,5.992,0,7.822,0,3629.733
30031001101,196.35,12.935,0,93,323.589,238.434,82.722,60.825,17.082,1034,0,47.197,2.461,18.665,115.979,4.066,0,13.91,47.242,18.939,0,0,1.9,0,4.4,0,12.162,13.3,19.153,37.236,0,32.763,246.956,2695.266
30031001102,745.195,134.325,94.86,63.24,22.708,34.062,27.574,0,67.303,88.5,0,89.028,103.01,17.965,264.574,0,0,18.262,14.365,4.601,0,4.789,5.21,0,0,0,22.187,9.945,45.034,5.885,12.945,12.698,36.274,1944.539
30031001200,2799.11,270.64,53.94,37.2,11.354,0,0,0,85.499,3.5,0,102.781,51.297,33.996,123.376,0,0,1.74,43.179,1.032,0,51.667,16.655,0,0,0,125.303,67.31,33.599,1.396,9.709,13.697,0,3937.98
30031001500,1811.19,139.3,63.24,63.24,56.77,90.832,82.722,0,396.898,0.7,0,165.209,18.024,34.116,121.838,8.881,0,2.767,103.129,10.196,0,16.944,9.8,6.301,1.8,0,43.536,6.968,40.553,20.926,35.6,15.087,0,3366.567
30031001600,2070.46,38.805,210.18,479.88,68.124,22.708,0,0,309.273,31.5,0,51.88,5.243,8.13,124.545,2.354,0,0,89.979,0,0,1.6,8.801,0,0,0,47.267,3.435,12.145,0,0,7.275,0,3593.583
30033000100,953.7,140.295,1.86,18.6,0,0,0,0,14.446,0,6.634,15.515,30.266,6.944,25.181,4.815,0,0,11.877,0,0,2.8,0,0,0,0,7.344,84.451,9.181,3.819,0.539,23.623,0,1361.89
30035940200,1449.06,120.395,182.28,93,28.385,56.77,0,0,5.029,51.9,0,29.532,2.354,16.628,56.348,0,0,0.58,4.12,0,0,0,0,0,0,0,5.6,0,7.597,10.626,15.103,55.747,0,2191.054
30035940400,1471.41,688.54,0,0,79.478,0,0,0,44.084,279.3,0,58.576,102.651,64.952,105.362,5.243,52.751,10.664,43.897,0,0,57.2,2.865,0,10.29,0,39.606,86.153,82.711,42.893,15.103,28.676,4.28,3376.685
30035976000,2040.64,167.16,5.58,26.04,11.354,11.354,110.296,0,99.876,132,3.852,177.945,74.119,100.597,83.156,10.165,33.063,29.892,69.598,5.671,0,19,10.7,6.801,27.233,0,28.545,74.527,44.083,39.537,13.485,52.097,0,3508.366
30035980000,116.688,13.93,11.16,0,0,0,0,0,14.231,0,0,0,1.094,1.284,0.621,0,0,0,6.849,0,0,7.722,0,0,0,0,1.3,0,0,0,0,7.81,0,182.689
30037000100,520.328,104.475,0,0,0,0,0,0,1.819,62.3,0,6.313,19.581,2.133,12.491,2.247,0,0,9.317,0,0,6.1,2.5,6.8,0,0,15.658,80.19,10.593,45.424,6.473,11.449,0,926.191
30039961700,3012.01,478.595,42.78,44.64,5.677,0,0,0,30.83,27.4,19.26,58.15,31.334,33.49,46.686,7.276,0,1.781,27.776,0,0,74.425,2.4,4,11.4,0,20.709,72.47,26.857,23.942,18.746,26.17,1.926,4150.729
30041040100,969.128,47.76,14.88,11.16,0,0,0,0,0,45.5,0,21.507,41.73,7.826,25.903,3.314,0,0,4.601,0,0,2.4,0,39.2,0,0,6.1,142.78,37.664,4.887,2.786,49.605,0,1478.731
30041040200,1181,123.38,20.46,0,0,0,0,0,3.322,118.3,0,35.739,12.251,418.156,29.641,0,8.025,10.593,12.404,0,0,6.2,0,17.362,7.4,0,14,64.287,40.553,18.309,0.539,26.014,20.116,2188.051
30041040300,1427.74,323.375,158.1,137.64,85.155,56.77,55.148,60.825,182.332,9.8,6.42,331.799,133.001,145.956,269.392,36.273,7.704,21.614,146.84,5.885,0,13.133,58,2,18.79,0,55.981,12.008,217.942,91.313,5.136,17.013,3.103,4096.188
30041040400,1906.18,255.715,39.06,33.48,102.186,56.77,0,0,0,156.7,70.085,15.067,26.288,36.722,44.865,2.889,372.788,11.387,16.97,0,0,6.7,3.7,0,3.6,0,31.308,18.125,47.572,7.844,1.177,5.338,0,3272.516
30041040500,1373.98,0,0,26.04,62.447,34.062,0,0,6.848,11.9,0,18.682,0.856,14.027,35.449,0,0,1.498,11.093,0,0,2.089,6.301,0,3.4,0,7.482,17.893,21.293,0,0,26.108,0,1681.448
30041940300,744.727,28.855,1.86,3.72,0,0,0,0,0,0,0,0,0,0,0,0,0,0,0,0,0,0,0,0,0,0,0,0,0,0,0,0,0,779.1619
30043962201,2453.81,6.965,3.72,18.6,0,0,0,0,20.492,0,12.091,39.175,18.007,17.861,45.596,3.531,0,4.856,14.564,0,0,9.6,7.9,3.5,0,1.8,30.345,2.2,16.05,0,16.181,13.375,0,2760.219
30043962202,2206.79,276.61,7.44,0,17.031,0,27.574,0,45.103,88.2,0,32.154,18.312,8.297,80.08,0,37.451,5.333,23.093,0,0,21.981,7.8,0,0,0,37.998,36.734,20.544,15.917,22.179,36.915,0,3073.536
30043962300,1928.44,277.605,1.86,33.48,0,11.354,0,0,22.739,9.8,4.815,55.695,82.061,38.605,70.304,6.955,0,9.884,30.881,0,0,12.057,17.973,22.4,39.9,0,50.285,46.987,34.809,10.338,14.563,32.314,3.103,2869.207
30045000100,1545.56,176.115,20.46,7.44,0,11.354,0,0,1.926,0,0,29.884,26.591,19.905,27.233,3.21,0,1.926,19.466,0,0,1.7,2.5,2,0,0,13.612,84.632,5.992,9.566,48.005,33.17,1.178,2093.425
30047000100,1670.38,54.725,0,0,0,0,0,0,8.934,1.4,0,21.936,9.652,10.85,51.931,0,0,3.317,20.009,0,0,14.81,2.6,0,9.2,0,51.806,5.74,5.243,0,5.933,2.889,0,1951.355
30047000200,2230.91,136.315,0,29.76,5.677,0,0,0,45.159,9.5,0,13.431,17.11,14.116,32.702,0,0,0,9.345,1.032,0,8.089,0,5.131,0,0,15.819,25.132,5.773,0.349,0,1.712,0,2607.062
30047940301,3640.05,183.08,74.4,93,68.124,56.77,110.296,60.825,92.234,3.5,0,203.242,64.209,76.694,128.461,25.145,0,17.616,115.051,1.391,0,29.166,5.56,7.5,0.99,0,66.513,28.264,35.51,19.844,4.719,57.338,10.272,5279.765
30047940303,5141.47,240.79,0,85.56,124.894,0,55.148,0,28.353,34.3,24.416,190.611,50.098,81.124,153.774,4.494,0,44.32,62.169,49.541,0,43.1,42.427,26.5,27.5,0,62.823,43.114,67.177,4.778,1.926,18.575,0,6708.982
30047940400,1276.56,382.08,133.92,29.76,17.031,0,0,0,15.408,34.5,3.638,38.669,27.146,29.957,57.857,2.676,0,0.824,25.785,0,0,9.1,6.974,6.3,1.403,0,40.033,64.861,22.03,28.97,0,26.002,151.94,2433.424
30047940500,2244.47,345.265,40.92,59.52,0,0,0,0,35.552,219.4,14.552,230.859,84.093,99.495,107.882,0,1.753,29.35,61.195,1.498,0,8.79,32.639,10.8,1.4,0,47.584,85.844,44.598,20.362,0.54,9.309,3.103,3840.773
30047940600,2035.31,341.285,29.76,3.72,34.062,0,0,0,21.512,4.9,2.996,107.139,31.866,81.048,534.932,6.099,0,36.87,20.884,0,0,25.3,20.449,4.731,0,0,38.417,77.206,38.827,14.505,5.457,63.358,0,3580.633
30047940700,739.398,190.045,11.16,7.44,34.062,0,0,0,1.059,60.2,0,39.164,15.601,8.228,8.349,1.605,0,6.523,9.417,0,0,3.362,9.41,2.4,0,0,10.983,25.574,7.061,1.047,0,23.112,0,1215.2
30049000100,1991.27,281.585,0,14.88,11.354,0,0,0,72.878,102.9,0,58.08,23.219,16.906,40.836,3.959,0,1.926,47.09,0,0,23.79,3.5,37.3,1.201,0,40.433,57.35,12.948,11.91,0,52.429,0,2907.744
30049000200,2632.21,290.54,0,40.92,0,0,0,0,17.547,4.9,0,34.457,8.73,5.243,34.54,0,0,2.319,4.807,0,0,17.301,8.019,0,0,0,26.173,17.339,27.009,4.173,0,25.696,0,3201.923
30049000300,2749.74,314.42,0,0,5.677,0,0,0,32.422,0,0,26.903,21.047,5.458,44.744,0,0,0,20.01,0,0,4.245,2.8,0,0,0,17.742,40.818,31.962,5.863,14.023,2.782,0,3340.656
30049000400,2391.26,771.125,96.72,59.52,17.031,0,27.574,0,30.881,42.7,12.84,309.706,223.095,125.309,342.103,21.813,0,8.667,66.033,0,0,38.977,50.953,0.92,2.9,0,127.639,26.359,60.434,191.399,0,46.788,0,5092.747
30049000501,1837.09,309.445,20.46,0,0,0,0,0,1.016,4.2,0,22.075,24.47,13.4,28.665,0,0,0,0,0,0,9.225,5.729,0,0,0,29.088,5.92,12.627,0,0,0,0,2323.41
30049000502,2626.13,563.17,124.62,26.04,96.509,0,0,0,22.577,9.8,1.818,217.362,106.852,86.175,189.458,14.124,0,19.535,76.526,7.169,0,27.044,7.22,0,14.618,0,90.296,22.805,39.571,0,0,76.185,0,4465.604
30049000600,1469.91,106.465,0,18.6,0,0,0,0,25.252,7.2,0,11.655,17.323,6.219,26.513,0,0,5.828,1.391,0,0,8.1,9.7,0,0,0,17.592,11.42,14.65,2.14,0,0,0,1759.958
30049000700,3213.22,377.105,206.46,193.44,96.509,113.54,0,0,62.16,25.4,0,192.744,179.75,103.163,194.957,10.475,0,15.143,115.794,0,0,21.998,20.304,2,3.7,1,56.429,120.197,56.032,125.993,2.354,51.456,23.647,5584.971
30049000800,1350.7,0,117.18,368.28,130.571,124.894,82.722,121.65,85.396,431.4,16.906,260.357,73.693,152.922,514.252,65.591,9.202,67.34,119.653,1.391,0,7.433,43.894,10.6,0,0,34.996,10.798,174.911,96.117,15.301,64.551,63.237,4615.938
30049000900,1687.68,7.96,93,156.24,170.31,170.31,110.296,60.825,82.282,36.5,0,296.991,134.284,234.024,309.778,12.22,0,44.859,171.958,4.708,0,7.9,20.26,43.323,0,0,42.41,3.27,75.791,71.718,0,90.274,17.762,4156.933
30049001000,2360.31,0,221.34,163.68,130.571,0,0,0,1.605,4.9,2.247,62.167,25.573,31.931,155.45,5.885,14.896,12.033,52.181,8.132,0,2.9,8.58,2.062,3.4,0,15.682,9.587,65.26,1027.31,5.457,11.021,0,4404.16
30049001100,1878.88,95.52,65.1,598.92,124.894,79.478,55.148,182.475,138.034,314.4,43.763,273.704,106.015,167.994,276.468,5.457,309.551,130.145,32.647,2.14,0,21.2,16.751,0,1.7,0,37.214,6.76,57.991,274.936,0,1.891,0,5299.176
30049001201,3180.12,331.335,20.46,178.56,11.354,0,0,0,1.016,13.3,0,75.439,58.71,36.413,53.506,4.279,0,2.782,15.408,0,0,18.988,11.555,1,4.006,0,54.809,24.851,41.494,18.251,11.866,44.726,0,4214.229
30049001202,2756.94,440.785,0,0,0,0,0,0,1.07,4.9,1.391,19.367,49.426,12.481,37.404,0,0,0.642,31.992,0,0,4.001,2.3,18.6,83.24,0,42.22,19.352,22.674,0,0,3.317,0,3552.102
30051050100,1035.05,128.355,20.46,11.16,68.124,11.354,27.574,0,4.28,282.1,5.243,46.151,14.338,20.214,43.757,7.287,42.8,9.061,20.062,0,0,3.6,3,2.8,0,0,6.758,169.52,123.799,11.975,0,48.684,1.926,2169.432
30053000100,1863.92,546.255,13.02,93,22.708,0,0,0,21.828,4.2,0,147.833,51.134,33.523,46.319,0,0,7.303,46.474,0,0,36.673,33.499,5.531,0.821,0,46.412,17.911,27.816,4.922,1.618,17.36,0,3090.08
30053000200,1064.78,34.825,20.46,66.96,107.863,11.354,27.574,0,78.329,58,56.494,142.571,46.177,93.828,118.673,20.864,62.06,46.694,77.309,0,0,11.069,18.885,14.431,0,0,19.223,17.217,73.167,34.08,15.102,37.224,16.585,2391.798
30053000300,2072.24,481.58,9.3,48.36,0,0,0,0,1.605,0,0,60.67,45.315,51.312,50.202,0,0.876,1.16,33.275,0,0,24.302,2.655,0,0,0,37.553,35.277,69.236,34.905,0,31.497,0,3091.32
30053000400,3958.42,674.61,31.62,22.32,0,0,0,0,56.661,42.7,33.232,157.882,78.651,39.649,113.543,11.051,0,17.722,55.003,4.066,0,84.88,34.985,2.2,1.6,0,75.076,46.786,40.661,21.072,0,74.29,0,5678.68
30053000500,2558.16,242.78,0,33.48,11.354,22.708,0,0,12.251,0,0,82.816,19.751,27.131,39.366,3.852,0,4.601,61.42,2.461,0,42.61,7,1.699,1.403,0,29.316,13.668,59.504,20.284,2.158,47.187,0,3346.96
30055954000,1256.73,114.425,13.02,37.2,11.354,0,0,0,2.996,13.3,32.1,69.55,69.164,13.387,45.232,5.029,0,4.246,13.054,0,0,7.8,0,0,4.1,0,16.23,140.107,12.947,7.151,2.782,34.347,1.926,1928.177
30057000100,3660.43,156.215,109.74,215.76,300.881,317.912,55.148,121.65,110.852,90.3,0,87.996,21.745,35.156,60.672,2.996,10.165,8.543,40.269,0,0,36.98,25.109,0,11.5,0,66.896,39.012,11.492,15.051,0,18.403,0,5630.873
30057000200,1995.76,214.92,31.62,3.72,0,0,0,0,28.738,0,0,37.883,28.206,22.793,35.614,6.42,0,2.617,13.83,0,0,12.52,19.855,5.6,34.374,0,26.42,82.818,9.202,27.22,0.539,83.114,5.136,2728.919
30057000300,1562.39,224.87,22.32,3.72,0,0,0,0,54.635,23.8,25.145,42.875,42.224,21.63,46.11,5.279,5.349,11.449,14.873,0,0,9.8,5,2.5,6.342,0,49.524,76.654,11.449,16.561,0,37.664,0,2322.163
30059000100,1544.15,272.63,13.02,14.88,22.708,0,0,0,45.587,121.8,0,68.728,34.185,26.792,40.017,0,26.75,5.179,21.275,0,0,10.86,2.7,2.3,0,0,27.245,162.98,14.338,17.729,7.811,22.981,0,2526.645
30061964500,1151.45,290.54,0,37.2,17.031,0,0,0,20.33,12.6,0,33.068,20.188,11.732,31.756,0,38.092,7.687,26.689,0,0,20.8,6.32,10.6,1.6,0,21.013,9.726,55.774,7.972,0.539,21.079,0.589,1854.375
30061964600,1138.83,405.96,14.88,7.44,11.354,0,0,0,50.898,0.4,4.066,46.186,27.815,30.747,24.181,8.025,0,7.618,27.713,0,0,21.065,0,0,0.429,0,14.12,12.364,14.361,37.105,14.024,13.759,0,1933.34
30063000100,2986.76,14.925,161.82,81.84,34.062,124.894,82.722,60.825,62.809,74.1,58.955,108.033,24.468,44.622,134.986,0,0,18.637,103.199,0,0,4.199,11.599,9.099,1,0,64.967,7.416,14.595,0,0,58.003,0,4348.536
30063000201,1854.39,487.55,407.34,487.32,397.39,136.248,165.444,304.125,46.55,53.4,13.803,572.257,619.556,292.178,931.424,10.486,1.605,74.29,123.266,5.136,0,251.121,149.945,83.592,13,0,98.074,15.697,26.964,43.121,0,26.012,7.062,7698.347
30063000202,4045.65,1009.92,100.44,93,73.801,170.31,137.87,243.3,107.807,37.1,2.216,229.122,561.849,123.94,296.716,0,0,8.667,116.723,0,0,164.8,43.47,86.9,0,0,216.532,29.045,19.046,5.992,0,38.734,0,7962.95
30063000300,306.306,22.885,53.94,126.48,141.925,124.894,248.166,182.475,153.494,191.1,0,241.36,91.384,187.432,536.25,48.022,705.237,123.389,330.547,27.178,0,3.888,37.365,0,2.6,0,18.512,14.067,117.102,129.639,22.588,28.59,0,4216.814
30063000400,1232.89,285.565,9.3,59.52,34.062,34.062,0,0,6.409,7.7,2.46,34.936,4.079,36.17,46.108,0,0,0.856,24.719,0,0,3.132,6.961,1,0,0,16.72,6.584,11.364,7.062,0,23.639,81.214,1976.512
30063000500,1454.11,0,124.62,234.36,244.111,249.788,165.444,60.825,0,933.9,0,23.276,14.826,41.527,79.604,0,0,1.691,22.079,0,0,0.98,32.92,0,0.702,0,11.504,8.742,83.674,11.652,0,35.095,2693.72,6529.15
30063000700,855.525,23.88,208.32,316.2,51.093,56.77,27.574,0,0,15.4,4.922,124.324,37.45,78.023,99.49,0,5.35,24.995,34.454,6.552,0,36.501,13.8,28.6,0,0,53.836,7.127,63.876,0,0,1.604,0,2175.666
30063000800,2040.08,480.585,292.02,260.4,96.509,22.708,137.87,60.825,2.996,23.8,0,162.855,69.838,118.852,80.637,0,0,13.803,50.817,0,0,13.6,9.9,31.8,1.403,0,86.026,15.18,20.865,7.062,0,47.198,0,4147.629
30063000901,2283.27,418.895,269.7,70.68,34.062,22.708,27.574,60.825,49.568,152,10.7,130.651,60.723,102.398,112.807,6.206,121.445,131.621,54.475,0,0,23.309,16.68,10.3,0.99,0,37.594,17.999,59.053,101.751,4.815,191.185,6.527,4590.511
30063000902,1436.91,154.225,3.72,3.72,0,0,0,0,20.865,0,0,48.253,41.325,10.914,59.426,0,0,2.354,58.235,0,0,15.14,63.21,0,0,0,39.977,11.041,7.704,0,0,10.058,0,1987.077
30063001000,1950.88,159.2,249.24,353.4,130.571,22.708,0,0,43.191,15.5,0,748.302,150.72,152.929,277.39,31.776,0,37.75,156.688,0,0,22.24,32.685,10.7,0,0,101.072,19.722,54.125,2.792,0,9.93,0,4733.511
30063001100,1147.81,14.925,100.44,111.6,141.925,90.832,0,0,0,0.4,0,77.515,31.03,93.785,79.87,4.173,0,28.507,7.675,0,0,17.4,19.365,1.3,0,0,24.152,3.235,50.705,0,0,46.556,0,2093.2
30063001200,1697.31,10.945,52.08,286.44,244.111,113.54,82.722,182.475,21.726,4.2,0,385.631,98.531,144.102,441.948,10.486,2.996,111.236,174.015,0,0,11.678,41.179,3.4,0,0,31.37,14.797,60.652,1.819,0,56.495,25.253,4311.137
30063001302,3259.04,43.78,37.2,200.88,119.217,34.062,55.148,0,3.103,4.9,0,52.538,29.65,24.853,147.326,0,0,36.14,44.358,0,0,9.05,9.199,12.323,1.4,0,34.802,20.888,95.365,0,0,25.379,0,4300.601
30063001303,2100.57,24.875,184.14,204.6,153.279,45.416,0,0,61.311,54.4,23.364,138.16,27.041,120.899,83.41,12.84,0,5.037,116.06,20.33,0,6.642,10.56,9.892,0,0,22.081,7.984,30.677,0,0,3.035,0,3466.603
30063001304,3470.63,47.76,9.3,74.4,56.77,158.956,0,0,28.462,5.2,0,131.898,30.859,46.694,107.845,0,0,5.296,28.747,0,0,17.29,7.718,3.092,2.323,0,37.097,4.486,31.223,0,0,28.374,0,4334.42
30063001400,3439.12,596.005,35.34,40.92,11.354,0,0,0,32.964,0,0,57.225,108.519,43.762,132.509,5.564,0,2.343,73.228,0,0,36.396,20.475,10.5,2.901,0,77.46,29.376,14.744,44.771,9.709,17.665,0,4842.85
30063001500,3388.44,267.655,33.48,37.2,11.354,45.416,0,0,28.467,0,0,59.328,69.659,62.834,65.43,0,0,7.041,32.314,0,0,8.84,18.259,0,0,0,45.62,17.108,25.744,1.396,0,17.205,0,4242.79
30063001600,3839.48,636.8,0,3.72,0,0,0,0,36.166,19.6,0,117.811,182.349,128.999,87.112,4.222,0,9.093,31.569,0,0,58.237,19.7,4.2,0,0,118.421,44.884,16.367,113.627,0,23.005,0,5495.362
30063001800,4179.45,632.82,27.9,22.32,5.677,0,0,0,41.226,13.3,0,90.438,76.672,42.234,78.867,5.425,0,5.502,43.522,0,0,149.253,15.084,0,0,0,56.987,34.709,48.791,6.774,3.531,58.173,3.638,5642.292
30065000100,1600.35,397.005,0,3.72,0,0,0,0,0,16.1,3.21,35.045,44.835,36.024,16.311,0,0,0,13.928,0,0,10.619,25.7,0,6,0,18.694,118.006,29.016,1.396,23.734,20.651,0,2420.344
30065000200,1187.92,146.265,26.04,14.88,39.739,0,0,0,37.096,14.3,3.638,87.406,23.102,74.494,35.385,11.888,86.028,2.996,46.377,0,0,25.605,15.7,2.3,9.08,0,20.758,41.071,28.372,13.505,18.527,16.585,2.461,2031.518
30067000100,1255.7,178.105,0,7.44,0,11.354,0,0,10.174,0,0,18.834,16.468,9.684,16.459,2.675,0,0,13.803,0,0,5.15,1.91,0,0,0,28.897,79.849,11.663,6.779,10.249,15.182,0,1700.375
30067000200,3281.2,316.41,26.04,22.32,5.677,0,27.574,0,65.223,1.4,0,22.322,26.762,26.676,95.332,0,0,0,46.331,0,0,23.422,11.656,1.031,2.399,0,56.994,76.133,37.11,1.397,0,33.385,0,4206.793
30067000300,1581.18,294.52,35.34,11.16,0,79.478,27.574,0,23.861,3.5,2.782,129.264,41.425,72.808,73.542,3.103,0,12.457,39.213,0,0,16.321,45.6,0,2.7,0,38.657,8.662,30.363,14.002,0.539,36.498,0,2624.549
30067000400,2927.3,158.205,61.38,145.08,39.739,102.186,55.148,0,187.666,46.2,29.362,213.613,74.963,109.767,137.984,15.943,48.685,65.611,97.222,8.453,0,12.389,10.38,24,0,0,58.667,16.057,51.961,11.209,0,13.886,0,4723.056
30067000500,1522.74,204.97,31.62,48.36,34.062,11.354,0,0,235.09,6.3,0,98.968,8.281,17.097,59.998,5.671,0,0.877,107.231,0,0,0.54,26.6,0,5.31,0,31.916,25.929,22.245,6.244,0,36.894,0,2548.297
30067980600,0,4.975,3.72,3.72,0,0,0,0,0,9.8,0,0,0,0,0,0,0,0,0,0,0,0,0,0,0,0,0,0,0,0,0,0,0,22.215
30069000100,347.82,66.665,0,0,5.677,0,0,0,0,0,0,10.7,0.963,1.177,6.684,0,0,0,0,0,0,0,3.21,0,1.7,0,3,21.43,0,3.441,7.012,10.165,0,489.644
30071060200,2765.54,330.34,5.58,52.08,28.385,11.354,0,0,65.917,88.9,22.363,112.459,54.024,65.198,89.383,10.058,0,15.361,36.924,24.075,0,9.6,5.9,4.5,3.3,0,67,214.172,60.4,74.935,4.315,62.048,0,4284.111
30073977000,2023.06,183.08,72.54,11.16,51.093,22.708,55.148,0,10.063,143.6,90.473,167.5,88.697,197.231,105.235,14.445,0,16.489,35.175,0,0,114.4,5.5,57.892,9.4,0,22.666,237.915,48.475,18.184,0,65.25,2.461,3869.84
30073977200,849.073,83.58,7.44,3.72,62.447,0,0,0,8.025,303.1,0,17.701,17.365,6.848,14.379,3.317,1.926,2.461,11.289,0,0,2.3,6.3,0,0,0,7.048,78.281,9.412,3.49,11.867,44.833,0,1556.202
30075000100,1019.62,252.73,7.44,18.6,0,0,0,0,22.523,24.5,12.305,30.005,11.267,16.329,28.777,1.712,0,2.568,38.012,0,0,4.489,3.1,7.631,6.908,0,40.849,80.99,23.219,7.335,9.709,10.165,0,1680.783
30077000100,1300.12,105.47,7.44,3.72,5.677,0,0,0,10.164,0.7,0,15.248,17.332,7.888,22.376,0,0,0,21.066,0,0,17.893,0,0,0,0,17.711,71.825,5.122,10.646,16.721,18.166,0,1675.285
30077000200,2179.49,298.5,52.08,48.36,34.062,22.708,27.574,0,24.076,194.2,23.754,103.705,51.598,61.167,65.387,14.659,26.75,27.497,799.673,0,0,27.398,8.965,3.3,4.72,0,33.724,33.183,35.088,26.315,34.521,50.29,1.926,4314.67
30079000100,791.01,66.665,0,18.6,11.354,11.354,0,0,8.024,14.7,0,15.731,11.393,10.539,13.83,3.852,14.98,0,0,0,0,0,0,4.8,0,0,0.8,71.624,18.083,2.792,0,1.819,1.177,1093.127
30081000100,2122.36,227.855,20.46,0,0,0,0,0,0,0,0,67.822,27.464,29.5,45.863,6.42,0,15.678,11.342,0,0,27.967,15.818,0,0,0,44.816,26.51,22.043,5.203,18.878,17.976,0,2753.975
30081000201,1855.79,184.075,96.72,74.4,45.416,68.124,27.574,60.825,11.545,33.9,21.4,139.371,82.69,84.294,88.348,9.951,1.712,18.384,48.801,0,0,20.84,33.474,4,1.403,12.543,45.343,24.911,48.328,10.344,21.575,25.552,0,3201.632
30081000202,3786.1,300.49,14.88,0,0,0,0,0,7.279,0,0,65.124,64.182,36.354,142.727,0,0,5.102,20.373,0,0,151.233,30.201,5.862,0,0,83.732,49.126,34.855,1.926,0,11.544,0,4811.09
30081000300,1729.28,194.025,9.3,7.44,11.354,0,0,0,21.614,0,0,57.838,31.646,17.092,29.358,12.947,0,5.318,31.895,0,0,35.6,10.801,5.8,0,0,55.5,47.222,20.429,2.443,15.103,15.075,0,2367.08
30081000401,1508.44,50.745,13.02,3.72,0,0,0,0,4.657,0,0,76.721,27.359,19.873,52.912,0,0,1.284,5.671,0,0,45.55,20.199,12.6,0,0,59.124,15.65,2.675,0,0,6.527,0,1926.727
30081000402,2814.35,415.91,29.76,66.96,5.677,0,0,0,4.173,4.2,0,41.287,88.578,35.529,94.174,4.601,0,6.752,39.777,2.461,0,48.588,8.6,25.901,1.6,0,71.597,67.756,23.215,2.675,0.539,25.894,0,3930.554
30081000500,3072.88,292.53,85.56,89.28,56.77,11.354,27.574,60.825,115.299,93.1,55.961,447.138,98.59,187.97,252.986,25.68,119.452,79.554,119.437,3.531,0,69.799,42.99,1.7,0.99,0,76.321,52.175,91.439,78.813,26.552,31.244,0,5767.494
30081000600,2826.79,701.475,14.88,96.72,28.385,34.062,27.574,0,11.407,7,0,78.531,110.746,60.247,127.374,5.349,0,11.289,141.379,2.423,0,17.488,10.204,16,0,0,80.712,45.291,83.836,4.183,0,32.421,0,4575.766
30081000700,1360.43,118.405,35.34,14.88,5.677,11.354,0,0,34.146,1,0,35.675,17.547,19.317,30.047,5.136,0,2.568,37.157,0,0,21.267,6.754,0,1.403,0,41.416,37.719,11.445,1.047,11.327,30.816,0,1891.873
30081000800,1238.41,224.87,0,0,0,0,0,0,69.446,162.4,0,10.786,17.817,14.224,27.505,0,0,1.819,5.029,0,0,16.643,6.99,4.6,0,0,10.546,6.872,0,11.882,10.788,0,0,1840.627
30083070100,727.898,99.5,70.68,3.72,0,0,0,0,12.952,0,0,17.658,16.955,9.195,9.319,0,0,0,8.346,0,0,1.9,0,1.4,15.116,0,5.3,22.132,14.873,0,0,63.677,0,1100.621
30083070200,988.669,81.59,0,18.6,11.354,0,0,0,0,0,0,14.274,6.47,7.49,8.908,0,0,0,5.671,0,0,0,22.308,0,5.4,0,7.126,79.987,5.992,2.094,25.351,24.423,0,1315.707
30083070300,1688.05,215.915,59.52,78.12,164.633,11.354,55.148,0,19.688,19.6,6.741,221.287,111.689,43.183,120.006,17.756,57.78,29.224,51.068,0,0,10.222,61.3,10.8,67.508,0,111.558,95.435,55.622,34.596,0,44.405,8.56,3470.769
30083070400,1702.64,104.475,16.74,22.32,56.77,0,0,0,27.499,4.2,0,132.474,52.813,74.473,45.288,0,0,4.584,39.427,0,0,0,11.8,1.6,11.807,0,34.386,5.487,46.75,6.741,18.339,25.252,0,2445.865
30085080100,1144.44,68.655,1.86,11.16,5.677,0,0,0,11.556,16.1,0,31.785,21.664,12.451,27.58,6.518,42.8,0,15.124,0,0,1.2,1.94,9.131,1.692,0,6.4,74.397,23.433,10.689,0.539,41.516,4.601,1592.908
30085940001,1938.82,198.005,81.84,48.36,22.708,22.708,0,0,63.991,61.8,0,138.138,40.192,34.993,45.96,10.165,43.442,32.314,16.585,0,0,0,5.32,34.2,2,0,21.083,37.131,72.549,38.737,5.136,30.495,0,3046.672
30085940002,1613.16,199.995,27.9,22.32,5.677,11.354,0,0,19.474,22,15.301,44.299,14.197,41.627,45.669,5.992,42.586,10.272,8.48,0,0,186.8,2.6,4.9,8.5,0,156.496,77.877,23.541,43.893,1.079,43.977,25.038,2725.004
30087000100,1401.1,204.97,24.18,55.8,34.062,22.708,27.574,0,95.316,25.4,39.59,71.841,22.847,37.769,33.083,8.988,0,4.309,19.564,3.744,0,5.4,4.3,0,0.84,0,4.802,38.625,19.683,7.477,12.405,5.635,1.766,2233.778
30087000200,849.635,145.27,3.72,14.88,11.354,0,0,0,14.188,0,0,559.61,12.826,40.534,4.639,2.354,0,2.033,16.692,0,0,15.31,4.774,0,0,0,6.67,61.18,12.507,0.698,0,173.768,0,1952.642
30087000300,913.308,259.695,22.32,119.04,17.031,0,0,0,46.65,0,0,42.533,9.622,15.838,31.484,4.28,0,9.825,45.893,0,0,0,1.2,0,13.6,0,26.441,2.7,24.492,2.306,0.539,37.343,0,1646.14
30087940400,950.895,92.535,85.56,33.48,5.677,0,27.574,0,0,2.1,0,19.581,1.016,24.071,17.497,0,4.494,62.39,4.494,0,0,0,0,0,0,0,6.6,1.3,15.857,35.952,3.317,42.907,14.338,1451.635
30089000100,2209.78,397.005,11.16,11.16,5.677,0,0,0,65.709,58.6,4.922,97.534,34.257,45.786,59.305,4.815,30.174,7.677,41.232,0,0,18.587,7.81,0,4.599,0,30.834,32.349,46.856,28.697,0,20.757,0,3275.282
30089000200,3692.22,609.935,76.26,89.28,45.416,0,0,0,75.872,8,0.554,126.177,43.736,73.413,69.204,8.881,0,19.682,36.41,1.391,0,87.995,20.056,6.4,14.4,1.9,81.488,48.507,43.439,24.566,34.504,95.936,0,5435.622
30089940300,899.844,204.97,16.74,26.04,17.031,0,0,0,22.684,22.4,7.062,33.602,10.631,22.249,22.24,3.317,0,4.162,6.899,0,0,1.5,0,1.7,0,0,21.524,14.252,8.239,6.632,2.697,22.067,0,1398.482
30091090200,1452.99,102.485,11.16,74.4,56.77,11.354,27.574,0,16.317,58.9,5.885,148.024,83.088,56.201,78.354,17.441,80.785,10.835,43.56,3.745,0,7.8,15.2,13.4,5.8,0,10.845,93.021,40.441,343.221,13.485,17.655,2.461,2903.197
30091090400,793.815,88.555,0,11.16,11.354,0,0,0,3.322,0,0,18.191,9.779,13.788,11.25,0,0,0,18.609,0,0,0,0,0,7,0,6.7,130.163,16.157,3.997,0,36.594,0,1180.434
30093000100,1902.35,15.92,128.34,264.12,79.478,238.434,137.87,121.65,173.325,72.1,0,339.314,333.333,388.384,285.226,15.194,8.453,77.778,121.272,6.42,0,45.566,71.755,9.154,76.7,0,127.835,7.53,105.462,62.291,10.914,64.331,0,5290.499
30093000200,2314.13,10.945,277.14,212.04,158.956,11.354,27.574,0,24.911,122.3,0,30.978,9.621,36.893,45.414,0,72.225,50.819,24.173,0,0,4.8,4.265,7.8,0,2.7,11.16,18.696,70.521,0,0,22.401,13.16,3584.976
30093000300,1375.85,6.965,9.3,33.48,0,11.354,55.148,60.825,33.598,0,0,125.77,6.848,31.58,87.362,6.302,0,2.268,14.534,0,0,7.244,0,18,0,0,12.598,1.817,13.482,14.873,0,0,0,1929.198
30093000400,2224.36,221.885,46.5,11.16,5.677,0,0,0,0,27.1,6.741,55.246,88.826,27.866,59.906,9.309,0,6.206,36.645,0,0,4.4,2.6,0,0,0,24.152,3.64,28.141,0.407,0,10.795,0,2901.562
30093000500,2626.88,10.945,39.06,37.2,11.354,11.354,27.574,121.65,90.415,166.2,71.155,67.936,36.872,28.574,93.185,3.317,12.412,10.2,55.308,2.064,0,23.8,8.6,0,2,0,40.414,12.887,118.096,0,0,15.622,0,3745.074
30093000600,1774.16,422.875,16.74,167.4,187.341,11.354,0,0,44.707,6.3,0,180.409,92.819,128.613,98.829,14.766,0,25.776,155.45,0,0,2.2,15.294,32.9,2,0,43.56,8.6,41.82,98.582,7.811,25.231,0,3605.537
30093000700,1979.02,31.84,0,74.4,39.739,11.354,82.722,182.475,53.724,12.6,10.914,208.524,37.07,21.517,67.284,9.449,0,12.229,38.628,12.84,0,1.5,3.255,1.031,1.2,0,20.394,7.616,18.511,0.642,10.788,0,0,2951.266
30093000800,3384.89,291.535,29.76,14.88,0,0,0,0,215.606,5.8,5.885,145.092,175.572,66.704,224.787,0,68.694,37.126,98.101,1.392,0,40.429,20.91,21.093,184.98,0,74.686,48.909,38.412,15.949,40.456,17.086,0,5268.734
30095966400,2581.07,144.275,9.3,48.36,34.062,0,0,0,29.537,32.9,10.593,87.252,45.68,54.014,48.924,10.594,14.017,6.896,34.548,0,0,9.4,0,10.4,21.3,0,48.478,44,30.495,19.158,14.024,31.137,0,3420.414
30095966500,2085.14,177.11,1.86,14.88,0,0,27.574,0,24.08,18.9,0,36.424,41.055,22.481,29.956,7.597,0,11.24,35.562,0,0,0,8.284,0,165.3,0,32.768,48.348,22.033,19.546,15.103,39.43,0,2884.671
30095966600,1551.17,331.335,0,0,0,0,0,0,10.753,26.6,0,16.373,22.362,8.44,13.374,0,0,0,13.766,0,0,0,0,3.092,0,0,13.326,58.221,17.87,2.094,15.103,36.531,0,2140.41
30097967000,2557.51,248.75,27.9,40.92,28.385,0,0,0,55.392,31.5,26.215,122.38,46.701,33.014,62.96,8.988,2.461,8.881,30.015,3.745,0,55.144,11.11,0,132.7,0,39.65,81.985,57.665,25.498,0.539,42.788,0,3782.796
30099000100,966.323,99.5,5.58,0,5.677,11.354,0,0,4.927,98.7,0,21.832,24.125,11.967,29.667,4.173,0,0,0,0,0,25.489,0,1.5,0,0,14.37,153.385,54.249,9.403,19.418,38.306,0,1599.945
30099000200,1142.85,88.555,0,7.44,5.677,0,0,0,0,0,0,46.807,39.57,9.007,30.278,11.877,0,11.342,11.423,0,0,9,8.109,2,0,0,14.648,75.595,6.463,4.583,5.992,28.141,0,1559.357
30099000300,1305.73,135.32,27.9,55.8,56.77,0,0,0,57.245,224.7,33.724,71.607,73.958,38.64,39.729,13.91,0,10.379,23.539,0,0,5.3,9.2,61.2,0,0,19.3,34.943,24.289,27.51,13.485,33.031,3.103,2400.312
30101000100,775.396,38.805,0,7.44,56.77,0,0,0,5.671,0,0,14.009,28.89,6.752,52.753,0.974,0,0,1.373,0,0,6.266,0,0,19.4,0,6.8,74.757,24.589,23.81,4.708,22.458,0,1171.621
30101000200,1894.5,134.325,40.92,14.88,17.031,56.77,55.148,0,217.639,99.3,7.811,115.533,132.592,63.764,118.335,14.873,56.496,22.352,86.049,0,0,14.4,14.6,14.462,34.76,0,31.072,129.604,45.088,44.704,15.509,194.073,1.766,3688.356
30101980000,0,0,0,0,0,0,0,0,0,61.9,0,0,0,0,0,0,0,0,0,0,0,0,0,0,0,0,0,0,0,0,0,0,0,61.9
30103963500,458.617,91.54,0,0,0,0,0,0,8.453,0,0,20.868,8.987,12.36,16.849,2.355,0,0,3.514,0,0,1.044,4.774,0,0,0,4.4,64.831,2.675,3.109,0,26.313,0,730.6889
30105100100,1373.52,131.34,1.86,11.16,0,0,0,0,13.696,0,0,19.369,15.836,13.115,22.331,3.522,0,0,12.742,0,0,0,6.9,6.6,0,0,16.67,61.64,0,7.46,14.564,24.765,0,1757.09
30105100500,1479.08,31.84,59.52,78.12,34.062,34.062,27.574,0,70.406,64.4,52.965,154.45,55.095,88.493,64.478,28.308,60.99,38.21,43.8,5.564,0,6.6,16.955,6.8,0,0,28.541,17.23,63.911,14.69,1.712,98.459,0,2726.315
30105940600,2170.42,108.455,306.9,431.52,28.385,0,0,0,31.511,19.6,0,55.587,98.195,45.678,42.681,0,0,3.041,18.388,0,0,1.044,9.055,0,3.55,0,24.503,120.177,30.42,55.716,2.247,102.399,1.766,3711.238
30107000100,1212.6,131.34,9.3,14.88,39.739,0,0,0,26.75,102.9,0,41.947,21.127,25.424,16.203,6.292,26.75,2.247,19.019,0,0,2.144,5.5,3.3,0,0,13.564,89.21,25.68,7.854,16.181,41.73,0,1901.681
30109000100,541.365,106.465,11.16,22.32,5.677,0,0,0,1.605,16.8,0,25.9,8.346,1.605,13.803,1.926,0,0,5.136,0,0,0,2.9,0,0,0,3.67,40.01,7.49,4.263,11.866,19.117,0,851.424
30111000200,1067.02,106.465,200.88,159.96,136.248,136.248,82.722,121.65,103.362,36.8,15.301,234.777,911.553,197.456,216.829,2.012,0,30.449,88.395,10.272,0,122.376,155.319,34.662,11.508,0,100.458,6.425,19.784,0,0,3.959,0,4312.89
30111000300,1440.09,22.885,191.58,93,107.863,45.416,0,60.825,24.717,167.8,13.268,80.927,624.441,142.441,98.124,0,0,7.597,18.307,3.21,0,27.3,32.315,59.285,7,0,163.851,12.587,52.401,265.504,5.992,8.988,0,3777.713
30111000401,1620.07,0,249.24,137.64,34.062,22.708,0,0,5.457,4.2,0,60.297,13.117,52.279,67.233,0,0,31.903,20.277,15.301,0,17,16.8,24,0,0,24.292,2.53,78.254,0,0,12.305,1.177,2510.142
30111000402,1067.68,0,55.8,133.92,289.527,124.894,82.722,121.65,209.292,189.4,0,360.276,119.25,249.973,869.726,349.835,1075.56,249.448,369.024,1.284,0,2.089,88.154,10.031,54.41,1.476,56.57,26.643,227.224,143.146,14.766,68.531,0,6612.301
30111000500,2277.66,43.78,150.66,126.48,90.832,11.354,0,60.825,11.984,9,4.922,77.464,12.844,74.432,70.821,0,0,44.048,68.569,0,0,7.7,4.91,1.6,0.87,0,19.396,11.22,34.026,5.136,0,13.993,0,3234.526
30111000600,1550.79,0,35.34,3.72,34.062,0,0,0,0,342.3,6.032,11.984,10.119,13.254,30.966,0,0,9.848,13.571,0,0,0,1.91,0,0.93,0,23.245,3.735,3.852,0,0,13.161,99.189,2208.008
30111000701,2446.24,85.57,50.22,238.08,11.354,34.062,0,0,0,18.2,1.108,104.815,61.827,53.389,67.865,0,0,1.391,23.433,0,0,7.1,3.709,65.462,2.9,0,48.406,21.808,19.934,7.169,0,0,0,3374.042
30111000702,3429.21,425.86,152.52,40.92,0,0,0,0,0,68.5,24.289,21.73,22.413,22.578,30.538,0,0,2.119,10.165,0,0,1.9,3.1,1.7,2.105,0,46.962,4.93,46.055,2.354,0,24.225,0,4384.174
30111000704,2173.22,8.955,29.76,33.48,22.708,11.354,0,0,14.552,4.6,0,20.097,28.829,26.117,128.268,0,0,10.811,25.466,2.782,0,4.789,11.84,5.2,2.73,0,20.868,15.21,16.153,7.597,0,13.781,0,2639.167
30111000705,1524.33,0,18.6,264.12,198.695,34.062,0,0,0,16.1,3.959,7.907,9.811,18.714,29.157,0,0,1.74,5.35,0,0,1.045,0,0,0,0,14.52,5.68,15.836,0,0,13.161,0,2182.787
30111000706,1004.75,629.835,57.66,81.84,187.341,56.77,82.722,60.825,29.961,0.5,2.996,211.66,76.29,95.509,86.779,14.766,0,23.957,83.784,0,0,1.5,13.035,0,0.8,0,18.29,9.964,18.507,17.58,0,39.075,0,2906.696
30111000800,1396.89,779.085,0,22.32,0,0,0,0,9.793,15.4,14.766,106.9,185.403,84.083,94.554,3.531,0,3.726,43.959,0,0,98.53,26.056,35.2,5.4,0,43.855,7.806,21.613,0,5.778,0,0,3004.648
30111000901,1539.57,365.165,0,44.64,0,0,0,0,215.069,0,0,180.392,482.505,122.717,89.012,0,0,1.16,74.314,0,0,106.889,29.155,65.101,6.256,0,62.696,123.856,16.585,53.607,0,0,0,3578.689
30111000902,1981.73,374.12,141.36,14.88,5.677,11.354,0,0,16.608,43.5,0,17.877,134.73,58.469,45.305,0,0,0,15.48,0,0,20.747,1.2,39.3,1.6,0,74.919,7.676,17.865,0,0,40.457,0,3064.854
30111001000,2306.18,107.46,139.5,171.12,102.186,90.832,0,0,10.063,10.4,0,176.564,196.221,155.423,68.747,6.955,0,4.873,81.908,1.284,0,6.9,18.025,25.154,0,0,86.476,9.499,51.563,18.19,0,29.853,0,3875.376
30111001100,2699.06,84.575,109.74,230.64,175.987,11.354,27.574,0,46.117,23.8,0,270.676,46.915,127.681,304.313,8.774,1.605,37.831,142.413,2.354,0,27.744,25.033,8.785,3.9,0,26.574,15.705,91.913,9.424,0,35.428,0,4595.916
30111001200,1238.78,0,70.68,78.12,119.217,11.354,27.574,121.65,22.898,0,0,184.127,47.902,67.645,151.707,6.42,0,37.814,53.404,0,0,0,11.86,1.5,6.45,0,19.726,2.4,31.458,5.296,0,13.268,0,2331.25
30111001300,3746.45,0,33.48,0,39.739,113.54,27.574,121.65,2.033,84.7,16.05,53.652,25.054,51.056,112.26,3.21,0,20.861,50.113,0,0,7.744,1.1,0,0.702,0,47.772,9.299,34.026,0,0,10.165,0,4612.229
30111001401,4740.92,765.155,0,0,0,0,0,0,14.071,14,0,179.954,295.323,84.611,104.699,1.284,0,3.399,37.996,0,0,212.133,26.299,4.3,9.905,0,170.328,171.275,50.812,1.745,0,33.92,0,6922.128
30111001402,2801.91,326.36,3.72,0,11.354,11.354,0,0,5.034,86.1,0,17.588,39.818,11.373,66.912,0,0,0.92,13.375,0,0,3.1,3.801,2.3,0.989,0,57.301,60.063,2.457,0.698,10.788,41.088,0,3578.403
30111001501,2215.39,363.175,13.02,0,0,0,0,0,0,0,0,44.153,82.747,32.036,43.116,0,0,1.16,36.746,0,0,20.3,6.98,8.331,1.6,0,63.314,32.299,16.478,0,0.539,41.088,0,3022.472
30111001502,2010.06,423.87,5.58,0,11.354,0,0,0,3.373,0,0,47.381,76.955,30.161,41.368,2.889,0,2.32,35.132,0,0,7.089,9.7,0.51,0,0,47.599,142.346,22.256,5.584,15.103,21.935,4.173,2966.739
30111001702,2165.83,7.96,89.28,48.36,79.478,45.416,0,0,0,90.8,13.916,501.427,559.238,99.958,231.696,21.828,0,21.619,131.667,1.498,0,58.3,29.5,23.4,1.1,0,55.808,16.39,41.758,11.235,0,0,0,4347.462
30111001703,1963.5,221.885,50.22,271.56,278.173,79.478,0,121.65,2.354,5.6,0,72.794,21.528,28.45,35.632,6.203,0,6.96,9.434,1.391,0,0,13.105,5.1,0,0,12.906,4.099,8.988,0,0,0,0,3221.01
30111001704,1282.35,864.655,9.3,63.24,73.801,22.708,55.148,182.475,96.835,47.2,15.66,1182.4,332.225,129.705,412.012,0,0,16.292,153.95,11.342,0,32.611,34.21,4.2,11.307,0,99.43,13.57,26.921,11.355,0,4.934,1.07,5190.906
30111001801,3999.18,28.855,0,14.88,0,0,0,0,0,30.1,4.601,15.175,14.042,13.889,64.838,0,1.177,13.574,23.951,0,0,4.1,3.3,1.6,4.02,0,22.102,6.652,16.853,0,0,7.49,0,4290.379
30111001802,3028.37,0,68.82,141.36,79.478,45.416,55.148,304.125,5.029,289.8,40.874,61.676,81.373,44.93,84.611,6.206,0,7.597,33.677,2.247,0,2,1.885,1.3,0,0,24.53,12.706,30.602,0,0,25.252,0,4479.012
30111001803,1098.91,0,18.6,0,11.354,11.354,55.148,60.825,3.322,0,7.811,48.595,8.906,22.064,34.833,0,0,35.643,12.877,0,0,0,0,0,0,0,27.572,9.21,13.91,0,0,20.651,4.387,1505.972
30111001804,1517.97,75.62,76.26,70.68,0,11.354,0,60.825,6.741,7.7,6.206,131.86,27.277,33.813,75.783,9.844,0,34.454,28.256,0,0,0,9.7,0,0.702,0,17.36,2.5,73.081,5.35,0,17.001,0,2300.337
30111001901,2535.16,9.95,68.82,66.96,22.708,90.832,27.574,0,24.599,49.7,14.873,103.652,95.55,25.043,44.392,16.478,0,5.96,41.666,0,0,18.255,5.4,0,1.403,0,47.653,12.528,68.266,6.981,4.28,44.305,0,3452.988
30111001902,1392.68,332.33,104.16,18.6,130.571,68.124,0,0,12.519,0,3.323,159.575,30.33,37.482,102.351,5.029,0,11.445,41.875,0,0,15.489,5.4,0,3,0,34.229,61.112,296.928,0,0,62.06,0,2928.612
30111940000,3594.79,709.435,0,3.72,0,0,0,0,26.107,2.7,0,29.724,204.106,55.265,158.2,0,0,5.662,28.948,0,0,48.332,16.014,22.4,4.627,0,104.713,59.642,20.263,6.024,0.541,13.803,0,5115.018

