Tract,W1F,W2F,S1LF,S1MF,S1HF,S2LF,S2MF,S2HF,S3F,S4LF,S4MF,S4HF,S5LF,S5MF,S5HF,C1LF,C1MF,C1HF,C2LF,C2MF,C2HF,C3LF,C3MF,C3HF,PC1F,PC2LF,PC2MF,PC2HF,RM1LF,RM1MF,RM2LF,RM2MF,RM2HF,URMLF,URMMF,MHF,TotalSqft
30001000100,1623.203125,45.2423706054688,39.3090667724609,0,0,22.4564723968506,0,0,14.4008350372314,17.5860576629639,0,0,0,0,0,11.9845857620239,0,0,57.227222442627,0,0,1.98184072971344,0,0,50.7890586853027,13.73876953125,0,0,97.2058944702148,0,10.7455101013184,0,0,32.0905685424805,0,197.708770751953,2235.67016601563
30001000200,2034.28015136719,55.6933708190918,50.8304824829102,0,0,33.6012573242188,0,0,21.5541706085205,14.7672834396362,0,0,0,0,0,10.1000699996948,0,0,59.5979423522949,0,0,0.844467878341675,0,0,72.3589935302734,14.1872730255127,0,0,116.913261413574,0,9.50289058685303,0,0,33.4972076416016,0,419.117126464844,2946.84643554688
30001000300,2178.31005859375,165.058288574219,92.277473449707,0,0,44.9761352539063,0,0,31.6139335632324,59.0944633483887,0,0,0,0,0,41.2355079650879,0,0,225.064529418945,0,0,6.07508707046509,0,0,133.133865356445,38.0855331420898,0,0,263.545288085938,0,27.7620849609375,0,0,107.665878295898,0,389.547027587891,3803.4453125
30003000100,2142.43408203125,117.620979309082,97.2970275878906,0,0,43.9945526123047,0,0,28.3192462921143,46.8820838928223,0,0,0,0,0,25.4297389984131,0,0,175.38444519043,0,0,6.50297117233276,0,0,100.601936340332,31.6543521881104,0,0,226.637237548828,0,23.3412475585938,0,0,81.5860824584961,0,256.185882568359,3403.87231445313
30003940400,712.743591308594,11.4444599151611,10.6546983718872,0,0,8.40342807769775,0,0,5.02177333831787,3.82133150100708,0,0,0,0,0,2.41532492637634,0,0,14.9326124191284,0,0,1.24426794052124,0,0,10.8001012802124,3.55260443687439,0,0,31.5694236755371,0,2.35350203514099,0,0,7.69184446334839,0,67.8639984130859,894.513061523438
30003940500,629.494812011719,18.3133697509766,21.5957260131836,0,0,10.6580057144165,0,0,6.56819820404053,8.60645008087158,0,0,0,0,0,5.2137975692749,0,0,35.2683486938477,0,0,2.00920724868774,0,0,17.6269111633301,6.68331527709961,0,0,46.6595077514648,0,5.5204963684082,0,0,15.5067949295044,0,292.960083007813,1122.68493652344
30003940600,844.006042480469,30.0967197418213,17.0076313018799,0,0,4.73133850097656,0,0,4.28368806838989,9.11142253875732,0,0,0,0,0,5.12374496459961,0,0,30.9357624053955,0,0,0.995853185653687,0,0,10.9381160736084,4.9489541053772,0,0,46.100902557373,0,3.65795087814331,0,0,13.0022478103638,0,162.589599609375,1187.53002929688
30003940700,827.236755371094,1.28428995609283,2.55910897254944,0,0,2.27935600280762,0,0,1.27454423904419,2.28120112419128,0,0,0,0,0,1.44486546516418,0,0,8.17907428741455,0,0,0.462053239345551,0,0,2.00372695922852,0.739370465278625,0,0,23.549467086792,0,0.982582807540894,0,0,3.60364079475403,0,109.574005126953,987.453979492188
30005000100,801.004272460938,44.1791191101074,40.4346466064453,0,0,23.8838996887207,0,0,14.6495370864868,26.0006351470947,0,0,0,0,0,12.7306976318359,0,0,85.2674331665039,0,0,2.40127611160278,0,0,63.676456451416,14.0601511001587,0,0,101.875106811523,0,13.3853340148926,0,0,37.0099678039551,0,81.2244567871094,1361.783203125
30005000200,1668.24938964844,64.9159317016602,47.9552383422852,0,0,31.0109996795654,0,0,21.531099319458,22.9908752441406,0,0,0,0,0,15.5476083755493,0,0,88.7014083862305,0,0,2.79567193984985,0,0,62.9456100463867,16.4617023468018,0,0,129.53759765625,0,11.7173414230347,0,0,45.10986328125,0,154.649703979492,2384.11987304688
30005940100,557.169616699219,0.427200019359589,0.128817602992058,0,0,0.15872161090374,0,0,1.08938074111938,1.54481995105743,0,0,0,0,0,0.118320010602474,0,0,3.64408469200134,0,0,0.373552024364471,0,0,0.226416021585464,0.496347188949585,0,0,14.1819972991943,0,4.99200001358986E-02,0,0,1.45290315151215,0,33.2509002685547,614.31298828125
30005940200,441.789093017578,7.01780986785889,5.40234231948853,0,0,2.56616497039795,0,0,1.70703196525574,3.88726091384888,0,0,0,0,0,1.82079493999481,0,0,11.9226951599121,0,0,1.22809982299805,0,0,4.39521360397339,2.24244713783264,0,0,21.0813293457031,0,1.70818889141083,0,0,5.28648233413696,0,102.688049316406,614.743041992188
30007000100,893.23779296875,55.7007827758789,31.1732864379883,0,0,15.7931022644043,0,0,7.87060546875,16.3306560516357,0,0,0,0,0,11.2361211776733,0,0,55.3544158935547,0,0,2.06265425682068,0,0,35.178035736084,11.2001733779907,0,0,80.0985412597656,0,8.23988628387451,0,0,27.7505264282227,0,293.633453369141,1544.85974121094
30007000200,2125.28466796875,177.104049682617,54.1132469177246,0,0,38.9301834106445,0,0,32.3352508544922,25.4897689819336,0,0,0,0,0,23.5346946716309,0,0,115.729690551758,0,0,0.707871496677399,0,0,164.102645874023,26.6193962097168,0,0,185.052230834961,0,13.7620468139648,0,0,67.7186050415039,0,365.865570068359,3416.34936523438
30009000100,1464.95422363281,37.051139831543,21.0049495697021,0,0,16.5233707427979,0,0,11.4603300094604,8.40346813201904,0,0,0,0,0,4.85167789459229,0,0,32.1824569702148,0,0,0.621519088745117,0,0,39.9932022094727,8.83638477325439,0,0,66.2771682739258,0,4.49611854553223,0,0,17.1902942657471,0,166.592590332031,1900.43896484375
30009000200,1002.66540527344,24.1943893432617,19.6254444122314,0,0,12.7600831985474,0,0,6.89321231842041,9.88185024261475,0,0,0,0,0,4.10951805114746,0,0,29.7501010894775,0,0,0.955964922904968,0,0,32.8584251403809,7.22739124298096,0,0,50.6062202453613,0,4.06080150604248,0,0,14.3914785385132,0,194.081741333008,1414.06201171875
30009000300,2257.35791015625,35.4241714477539,19.5510883331299,0,0,8.87316131591797,0,0,9.09517288208008,18.3228073120117,0,0,0,0,0,7.51883459091187,0,0,54.3708229064941,0,0,2.70557880401611,0,0,26.7095108032227,9.7352123260498,0,0,102.408424377441,0,4.84850788116455,0,0,24.7623767852783,0,67.5173492431641,2649.20043945313
30009000400,2786.69018554688,106.121681213379,66.7098922729492,0,0,32.5238609313965,0,0,23.682056427002,20.0546607971191,0,0,0,0,0,22.8017158508301,0,0,93.1348876953125,0,0,2.8721010684967,0,0,89.0795669555664,23.3331527709961,0,0,170.395919799805,0,14.9672431945801,0,0,57.6280174255371,0,151.831298828125,3661.82666015625
30009000500,1019.75695800781,3.9735701084137,3.53572106361389,0,0,2.1671941280365,0,0,1.34054791927338,1.56905698776245,0,0,0,0,0,0.694930374622345,0,0,4.43518972396851,0,0,2.57741995155811E-02,0,0,5.49492788314819,1.30524802207947,0,0,26.9076957702637,0,0.966308951377869,0,0,3.07025504112244,0,145.568588256836,1220.81213378906
30011000300,897.021057128906,22.4063510894775,22.7831897735596,0,0,16.6866054534912,0,0,11.4308843612671,9.98113059997559,0,0,0,0,0,5.65078258514404,0,0,34.5354309082031,0,0,0.934164941310883,0,0,31.7687931060791,6.51706027984619,0,0,57.9290161132813,0,6.11404323577881,0,0,17.9961929321289,0,193.931259155273,1335.68603515625
30013000100,1307.22436523438,89.6841125488281,55.4512977600098,0,0,45.203540802002,0,0,22.4107456207275,23.2454280853271,0,0,0,0,0,13.3689393997192,0,0,89.5320510864258,0,0,2.44517660140991,0,0,126.234199523926,23.5104522705078,0,0,121.830032348633,0,10.7922477722168,0,0,43.2914619445801,0,271.056976318359,2245.28125
30013000200,2154.26538085938,57.2570114135742,70.413200378418,0,0,39.9392738342285,0,0,29.7091102600098,26.1857509613037,0,0,0,0,0,9.50623321533203,0,0,94.3768615722656,0,0,3.2837438583374,0,0,128.15641784668,33.5911483764648,0,0,148.194717407227,0,6.22197532653809,0,0,51.4939308166504,0,33.6562805175781,2886.25122070313
30013000300,1842.60412597656,98.30810546875,38.6973075866699,0,0,21.1393661499023,0,0,25.820426940918,25.5050010681152,0,0,0,0,0,13.4621515274048,0,0,95.2617721557617,0,0,3.15063643455505,0,0,99.8073883056641,24.6356449127197,0,0,140.752319335938,0,7.72437477111816,0,0,49.6708793640137,0,37.9616432189941,2524.5009765625
30013000400,981.726684570313,96.7202682495117,50.1843795776367,0,0,20.6202201843262,0,0,25.1457748413086,28.6693649291992,0,0,0,0,0,17.9166488647461,0,0,104.411888122559,0,0,5.00031423568726,0,0,118.298698425293,25.2519645690918,0,0,140.991790771484,0,12.5349617004395,0,0,58.0556030273438,0,22.7204303741455,1708.24877929688
30013000700,1037.892578125,250.467926025391,104.266716003418,0,0,42.0124588012695,0,0,40.740421295166,55.4004783630371,0,0,0,0,0,45.677188873291,0,0,214.667236328125,0,0,6.30526924133301,0,0,283.478698730469,53.2007102966309,0,0,261.117370605469,0,24.8895301818848,0,0,118.333152770996,0,23.1743297576904,2561.62451171875
30013000800,1010.55676269531,49.1849098205566,23.5363616943359,0,0,11.7775583267212,0,0,14.5080451965332,18.3218650817871,0,0,0,0,0,8.76684093475342,0,0,58.9472541809082,0,0,3.20886278152466,0,0,42.5914115905762,11.2700834274292,0,0,84.3102493286133,0,5.27337408065796,0,0,30.9724292755127,0,28.6940002441406,1401.92016601563
30013000900,1663.47485351563,39.6084899902344,23.8564262390137,0,0,9.20396995544434,0,0,12.8938913345337,23.386754989624,0,0,0,0,0,9.44783878326416,0,0,75.6218032836914,0,0,4.21480560302734,0,0,24.1258888244629,11.9445838928223,0,0,104.793487548828,0,5.93096780776978,0,0,35.056396484375,0,58.7417526245117,2102.30200195313
30013001000,2200.88061523438,63.6852912902832,28.1020088195801,0,0,11.1452875137329,0,0,7.13759279251099,11.3512907028198,0,0,0,0,0,10.013632774353,0,0,49.5633888244629,0,0,1.35894119739532,0,0,32.9362640380859,10.5431413650513,0,0,101.628997802734,0,5.90865612030029,0,0,25.8990211486816,0,12.4849395751953,2572.63916015625
30013001100,2194.9921875,56.3396301269531,32.2068748474121,0,0,13.8008594512939,0,0,21.0376796722412,29.3633155822754,0,0,0,0,0,11.5605316162109,0,0,92.8744812011719,0,0,6.17913913726807,0,0,58.0953636169434,20.220064163208,0,0,141.270263671875,0,7.37021970748901,0,0,47.3439521789551,0,29.1683292388916,2761.82250976563
30013001200,1351.14306640625,23.4186401367188,29.5242881774902,0,0,22.424877166748,0,0,12.7662754058838,51.9238319396973,0,0,0,0,0,31.3378658294678,0,0,183.956207275391,0,0,4.37191486358643,0,0,12.2847442626953,8.87592029571533,0,0,150.655334472656,0,14.5443706512451,0,0,72.3785629272461,0,24.7482089996338,1994.35412597656
30013001600,2094.11401367188,120.868026733398,74.6504669189453,0,0,32.9828414916992,0,0,30.6885528564453,38.0851020812988,0,0,0,0,0,22.9255828857422,0,0,138.532302856445,0,0,6.3859806060791,0,0,133.631072998047,30.9933567047119,0,0,198.953765869141,0,17.7171001434326,0,0,75.5290756225586,0,302.930877685547,3318.98803710938
30013001700,1222.849609375,49.0617790222168,21.6157741546631,0,0,19.451530456543,0,0,20.0019702911377,7.32515525817871,0,0,0,0,0,5.51091861724854,0,0,36.3337478637695,0,0,1.04265809059143,0,0,53.3816795349121,12.39084815979,0,0,74.5040283203125,0,3.67381596565247,0,0,24.3169174194336,0,158.330459594727,1709.79077148438
30013001800,2018.42590332031,135.403793334961,65.5357284545898,0,0,20.9359111785889,0,0,25.3446464538574,31.8191604614258,0,0,0,0,0,27.9650173187256,0,0,122.27417755127,0,0,6.18367767333984,0,0,168.856674194336,30.9528503417969,0,0,183.259292602539,0,17.8696441650391,0,0,68.5060958862305,0,55.1695289611816,2978.50170898438
30013001900,2959.41259765625,70.5483627319336,35.126163482666,0,0,17.1200389862061,0,0,12.8181676864624,11.0716676712036,0,0,0,0,0,12.9381818771362,0,0,52.1579551696777,0,0,2.34056258201599,0,0,58.8999061584473,15.2751331329346,0,0,127.288803100586,0,7.60035037994385,0,0,33.1707038879395,0,322.025512695313,3737.79443359375
30013002100,2412.05541992188,310.976593017578,132.772872924805,0,0,58.488109588623,0,0,45.8190727233887,112.47290802002,0,0,0,0,0,60.8778457641602,0,0,347.329956054688,0,0,12.1263456344604,0,0,167.765731811523,40.0184364318848,0,0,485.954864501953,0,41.7946853637695,0,0,138.739822387695,0,85.2782516479492,4452.4716796875
30013002200,3222.76879882813,321.596740722656,149.664993286133,0,0,53.6741485595703,0,0,49.8200263977051,79.5367050170898,0,0,0,0,0,58.6366958618164,0,0,298.715942382813,0,0,12.4047431945801,0,0,184.637329101563,56.1435623168945,0,0,395.505737304688,0,30.5324840545654,0,0,152.374877929688,0,588.553588867188,5654.56689453125
30013002300,4709.37109375,161.78173828125,60.2731132507324,0,0,23.1669654846191,0,0,24.9368362426758,29.9230823516846,0,0,0,0,0,34.022403717041,0,0,130.554336547852,0,0,2.87524724006653,0,0,91.6670837402344,25.9416007995605,0,0,242.124145507813,0,14.8564615249634,0,0,76.121940612793,0,37.7298812866211,5665.345703125
30013010100,1510.54260253906,90.6703109741211,55.914737701416,0,0,38.4286804199219,0,0,27.2807598114014,24.5922031402588,0,0,0,0,0,14.2525653839111,0,0,83.0445938110352,0,0,1.37695252895355,0,0,143.739883422852,25.6543140411377,0,0,131.83171081543,0,12.4707508087158,0,0,48.5500144958496,0,582.847045898438,2791.197265625
30013010400,1728.33520507813,19.4595508575439,22.2104549407959,0,0,15.277587890625,0,0,9.84463119506836,9.41205596923828,0,0,0,0,0,6.29054021835327,0,0,33.6691932678223,0,0,1.49259316921234,0,0,24.2361545562744,6.31638145446777,0,0,73.6179046630859,0,5.86565732955933,0,0,19.7285099029541,0,169.490478515625,2145.2470703125
30013010600,2622.89453125,71.7236785888672,49.0900077819824,0,0,27.927059173584,0,0,20.3690662384033,24.4934062957764,0,0,0,0,0,19.2563514709473,0,0,101.07088470459,0,0,1.97101616859436,0,0,67.4561920166016,16.7577381134033,0,0,152.87385559082,0,13.1576318740845,0,0,51.2487602233887,0,349.484741210938,3589.77490234375
30013010700,2196.650390625,64.8454971313477,59.0121192932129,0,0,34.9816932678223,0,0,20.4780750274658,36.5285491943359,0,0,0,0,0,19.829288482666,0,0,141.318771362305,0,0,1.60548448562622,0,0,75.1933517456055,21.6659622192383,0,0,152.291030883789,0,21.3819580078125,0,0,54.8255043029785,0,399.517272949219,3300.125
30013010800,1485.80212402344,341.376892089844,122.557601928711,0,0,45.0509262084961,0,0,47.0789031982422,82.0128631591797,0,0,0,0,0,56.2811813354492,0,0,303.953125,0,0,11.1311063766479,0,0,176.973114013672,57.9075622558594,0,0,348.060272216797,0,30.7739124298096,0,0,152.346115112305,0,86.543342590332,3347.84912109375
30015010200,1483.1640625,68.1220092773438,34.3485107421875,0,0,19.4890804290771,0,0,12.0280389785767,18.7906894683838,0,0,0,0,0,15.2157230377197,0,0,78.3720626831055,0,0,2.72872424125671,0,0,41.1848907470703,12.5875730514526,0,0,110.947601318359,0,9.45978450775146,0,0,38.1460800170898,0,147.910202026367,2092.49536132813
30015010300,2139.197265625,67.4488754272461,63.6969299316406,0,0,53.871524810791,0,0,32.5066947937012,26.6256237030029,0,0,0,0,0,14.2231683731079,0,0,79.2196426391602,0,0,2.19728136062622,0,0,89.0966949462891,19.1220779418945,0,0,144.998916625977,0,14.7855892181396,0,0,49.5261268615723,0,215.770568847656,3012.28735351563
30017961300,1064.08972167969,54.9345588684082,51.9995956420898,0,0,40.7851982116699,0,0,32.4510765075684,15.3158979415894,0,0,0,0,0,8.17292213439941,0,0,64.64892578125,0,0,1.09834182262421,0,0,113.246086120605,17.7263679504395,0,0,102.696754455566,0,10.959376335144,0,0,39.0552558898926,0,198.640975952148,1815.82116699219
30017961500,773.95361328125,11.6296405792236,7.06183815002441,0,0,4.04124069213867,0,0,3.68033719062805,3.3336136341095,0,0,0,0,0,1.68224358558655,0,0,12.6557703018188,0,0,0.179886296391487,0,0,22.4922580718994,3.94982385635376,0,0,31.5380535125732,0,1.26913452148438,0,0,7.42973184585571,0,295.770812988281,1180.66796875
30017961600,1205.83874511719,101.701751708984,58.1211090087891,0,0,23.9214401245117,0,0,15.4848766326904,32.6644706726074,0,0,0,0,0,25.1883449554443,0,0,112.6572265625,0,0,4.97558927536011,0,0,73.3972473144531,22.9638824462891,0,0,142.550872802734,0,16.2843227386475,0,0,56.5921440124512,0,154.871978759766,2047.2138671875
30017961800,950.401489257813,9.23635005950928,7.27320146560669,0,0,5.78223752975464,0,0,1.94578468799591,3.19888591766357,0,0,0,0,0,2.17274713516235,0,0,12.6546564102173,0,0,0.842863261699677,0,0,10.5371398925781,2.82917356491089,0,0,33.1685676574707,0,1.99880027770996,0,0,6.08971452713013,0,0.272339999675751,1048.40380859375
30017961900,1092.23718261719,72.6319732666016,32.0907745361328,0,0,10.9749584197998,0,0,10.7583017349243,26.3733558654785,0,0,0,0,0,16.5051670074463,0,0,78.9260635375977,0,0,1.27147543430328,0,0,29.970308303833,5.32052326202393,0,0,119.01358795166,0,8.06235218048096,0,0,33.2644195556641,0,51.5115623474121,1588.912109375
30017962000,1108.89624023438,112.98779296875,68.1742401123047,0,0,31.1242542266846,0,0,18.4467601776123,27.3906440734863,0,0,0,0,0,20.3350582122803,0,0,112.571731567383,0,0,4.12380266189575,0,0,84.2327117919922,24.0226879119873,0,0,147.338241577148,0,14.6327199935913,0,0,58.9788856506348,0,234.997268676758,2068.2529296875
30019020300,1470.90966796875,56.2722702026367,47.8691177368164,0,0,30.2404594421387,0,0,19.3220825195313,18.2045288085938,0,0,0,0,0,11.4631414413452,0,0,67.2846374511719,0,0,1.66579210758209,0,0,67.8795852661133,13.531210899353,0,0,112.608909606934,0,11.4456539154053,0,0,36.7855529785156,0,74.6624069213867,2040.14501953125
30021000100,1095.15832519531,22.0017700195313,31.1431064605713,0,0,27.1180210113525,0,0,19.0203151702881,8.19628810882568,0,0,0,0,0,4.54492425918579,0,0,35.2023429870605,0,0,1.08716368675232,0,0,61.3722610473633,8.9561595916748,0,0,70.5665435791016,0,6.08849048614502,0,0,22.7260971069336,0,129.722122192383,1542.90405273438
30021000200,1406.85559082031,98.0948791503906,54.3112831115723,0,0,28.1259460449219,0,0,16.6906318664551,17.7155857086182,0,0,0,0,0,18.8421077728271,0,0,72.1444854736328,0,0,2.68110609054565,0,0,98.8772125244141,22.9620571136475,0,0,118.198364257813,0,11.9091339111328,0,0,44.0492858886719,0,283.934448242188,2295.39233398438
30021000300,3083.99633789063,197.202392578125,89.2339324951172,0,0,43.8287467956543,0,0,43.3854598999023,55.5477676391602,0,0,0,0,0,36.6023216247559,0,0,215.074493408203,0,0,6.15551805496216,0,0,133.061096191406,42.4530334472656,0,0,285.592315673828,0,22.0515289306641,0,0,102.308563232422,0,61.3757820129395,4417.8701171875
30023000300,1999.14270019531,115.588493347168,82.3545684814453,0,0,34.1225814819336,0,0,20.471736907959,33.5499610900879,0,0,0,0,0,25.0948390960693,0,0,128.071228027344,0,0,5.27525854110718,0,0,80.1142349243164,26.3707752227783,0,0,189.724700927734,0,17.6181564331055,0,0,72.7519149780273,0,62.3738899230957,2892.62475585938
30023000400,2340.73315429688,55.2284774780273,35.7127838134766,0,0,12.3929843902588,0,0,8.31064605712891,18.6001644134521,0,0,0,0,0,10.3427953720093,0,0,60.8664321899414,0,0,2.64788174629211,0,0,31.9816913604736,11.8263416290283,0,0,110.440483093262,0,9.23049736022949,0,0,29.3779144287109,0,12.4945993423462,2750.18701171875
30023000500,2340.82983398438,28.5551795959473,27.3001537322998,0,0,22.2600002288818,0,0,8.79420471191406,31.7659606933594,0,0,0,0,0,18.1743869781494,0,0,103.623054504395,0,0,0.600375890731812,0,0,22.8524875640869,7.94259929656982,0,0,123.221641540527,0,10.913104057312,0,0,41.0656585693359,0,199.387268066406,2987.28564453125
30025000100,1765.17456054688,94.2726440429688,70.1899642944336,0,0,42.1913795471191,0,0,25.4788627624512,29.6192665100098,0,0,0,0,0,19.7999401092529,0,0,108.539535522461,0,0,5.16653680801392,0,0,93.3474731445313,23.6281318664551,0,0,163.612396240234,0,16.6639728546143,0,0,52.7098274230957,0,283.652465820313,2794.046875
30027030100,3110.41528320313,157.243728637695,124.696105957031,0,0,109.100959777832,0,0,58.5525970458984,50.9252166748047,0,0,0,0,0,31.7350940704346,0,0,178.691757202148,0,0,3.70780253410339,0,0,193.138290405273,44.2218170166016,0,0,252.883193969727,0,26.6315689086914,0,0,95.6474456787109,0,452.337219238281,4889.927734375
30027030200,3703.31079101563,201.677047729492,120.641593933105,0,0,45.7194290161133,0,0,39.9201965332031,67.9531860351563,0,0,0,0,0,44.8536758422852,0,0,257.577056884766,0,0,10.0255708694458,0,0,147.038696289063,45.9632186889648,0,0,335.138061523438,0,29.7861080169678,0,0,124.478477478027,0,428.488739013672,5602.57177734375
30029000100,3679.60327148438,175.324722290039,87.4560470581055,0,0,50.1476783752441,0,0,32.1483688354492,32.8764877319336,0,0,0,0,0,27.2159309387207,0,0,129.262252807617,0,0,3.23027563095093,0,0,141.371688842773,36.7370491027832,0,0,225.302551269531,0,17.6987895965576,0,0,72.9940948486328,0,524.578735351563,5235.94775390625
30029000201,2388.13403320313,102.452697753906,50.0812683105469,0,0,36.2493553161621,0,0,28.2364635467529,25.4434509277344,0,0,0,0,0,15.5596036911011,0,0,94.2525024414063,0,0,3.96052408218384,0,0,110.212867736816,24.8481502532959,0,0,151.560256958008,0,8.97394943237305,0,0,49.1490478515625,0,408.995941162109,3498.10961914063
30029000202,1648.68115234375,44.8814010620117,20.266565322876,0,0,12.7725629806519,0,0,9.17764759063721,4.96761512756348,0,0,0,0,0,7.85076427459717,0,0,26.8271484375,0,0,0.905060708522797,0,0,41.6661567687988,9.3856029510498,0,0,67.7241668701172,0,3.47085642814636,0,0,17.0963249206543,0,88.6939392089844,2004.36682128906
30029000203,2425.05419921875,100.123168945313,67.1574783325195,0,0,32.1489219665527,0,0,21.3477897644043,38.9568367004395,0,0,0,0,0,20.9161128997803,0,0,135.358581542969,0,0,5.96135330200195,0,0,68.5331954956055,24.7846488952637,0,0,187.59602355957,0,15.8115758895874,0,0,65.5791778564453,0,57.1339797973633,3266.462890625
30029000300,4061.4658203125,100.295707702637,60.2705764770508,0,0,27.6074123382568,0,0,35.1691398620605,44.4230690002441,0,0,0,0,0,14.3679256439209,0,0,135.691635131836,0,0,7.8992772102356,0,0,60.3274269104004,24.8513202667236,0,0,223.671997070313,0,11.9352798461914,0,0,68.1146469116211,0,248.347763061523,5124.43896484375
30029000401,3290.07006835938,112.487678527832,68.4844360351563,0,0,37.973014831543,0,0,29.7702579498291,41.0272598266602,0,0,0,0,0,26.2748641967773,0,0,153.878067016602,0,0,8.89451885223389,0,0,73.9671859741211,28.6232490539551,0,0,220.868911743164,0,17.318546295166,0,0,74.52880859375,0,236.966018676758,4421.1328125
30029000402,1887.32983398438,182.842620849609,84.5471954345703,0,0,41.7086143493652,0,0,30.1090316772461,34.4669380187988,0,0,0,0,0,33.6577262878418,0,0,150.7822265625,0,0,3.70014977455139,0,0,115.73412322998,33.0628700256348,0,0,208.955368041992,0,16.4717216491699,0,0,85.7301025390625,0,187.408554077148,3096.50708007813
30029000601,2247.60522460938,136.638717651367,99.1835632324219,0,0,93.8611297607422,0,0,34.9140930175781,25.0729236602783,0,0,0,0,0,19.0217323303223,0,0,111.870880126953,0,0,2.35171580314636,0,0,131.344833374023,31.3523769378662,0,0,169.697158813477,0,13.0473928451538,0,0,56.9346237182617,0,231.600860595703,3404.4970703125
30029000602,1959.98828125,67.629150390625,30.8362808227539,0,0,26.8665904998779,0,0,16.6793193817139,10.7795581817627,0,0,0,0,0,8.44493103027344,0,0,48.9792251586914,0,0,1.49427127838135,0,0,61.9374656677246,14.4970626831055,0,0,99.302375793457,0,5.6535530090332,0,0,27.5469532012939,0,333.458068847656,2714.09301757813
30029000700,1917.97827148438,186.570327758789,93.4062042236328,0,0,83.4139251708984,0,0,45.1749038696289,26.4636192321777,0,0,0,0,0,22.9417839050293,0,0,122.486038208008,0,0,2.7678427696228,0,0,185.465286254883,42.4849090576172,0,0,187.15299987793,0,13.0638151168823,0,0,69.0508804321289,0,883.815185546875,3882.23583984375
30029000800,4251.20703125,129.425552368164,74.2750244140625,0,0,52.1683616638184,0,0,26.5989437103271,34.1238670349121,0,0,0,0,0,18.2369022369385,0,0,131.334762573242,0,0,4.35732889175415,0,0,112.974006652832,26.2803993225098,0,0,247.565231323242,0,17.6622447967529,0,0,60.9514045715332,0,162.168823242188,5349.33056640625
30029000900,3899.92211914063,373.698883056641,148.012725830078,0,0,44.1908721923828,0,0,42.6926040649414,89.5955047607422,0,0,0,0,0,58.8808784484863,0,0,295.319641113281,0,0,9.56087303161621,0,0,174.305297851563,48.4930801391602,0,0,428.690673828125,0,28.9286346435547,0,0,143.075134277344,0,169.513076782227,5954.88037109375
30029001000,1037.76879882813,335.383514404297,138.722686767578,0,0,55.0707473754883,0,0,40.3957328796387,65.0465545654297,0,0,0,0,0,56.4073905944824,0,0,261.978240966797,0,0,8.62028217315674,0,0,202.888854980469,60.7037086486816,0,0,317.107482910156,0,32.1847648620605,0,0,144.157516479492,0,80.6267471313477,2837.06274414063
30029001100,3002.1826171875,173.457046508789,68.3232040405273,0,0,23.8261127471924,0,0,41.1831932067871,49.4577026367188,0,0,0,0,0,34.622917175293,0,0,179.10400390625,0,0,10.1072769165039,0,0,145.267547607422,41.9612998962402,0,0,250.989685058594,0,16.0900688171387,0,0,95.5019149780273,0,64.0503158569336,4196.12451171875
30029001200,2792.29052734375,184.215667724609,96.1172943115234,0,0,63.0783767700195,0,0,36.1158485412598,34.2643775939941,0,0,0,0,0,32.7546768188477,0,0,150.790573120117,0,0,5.97346687316895,0,0,173.695022583008,41.9557037353516,0,0,221.806182861328,0,19.8311500549316,0,0,80.2993621826172,0,928.089538574219,4861.27734375
30029001301,3336.3583984375,114.650917053223,67.6151580810547,0,0,31.8223114013672,0,0,23.1381645202637,31.3250122070313,0,0,0,0,0,19.7988681793213,0,0,122.942329406738,0,0,4.8301887512207,0,0,65.5971298217773,23.7215137481689,0,0,199.628677368164,0,15.0943593978882,0,0,62.9995765686035,0,91.5864334106445,4211.10888671875
30029001302,3478.3935546875,77.853630065918,35.8257446289063,0,0,28.3336296081543,0,0,20.0953903198242,12.2773656845093,0,0,0,0,0,9.55231857299805,0,0,57.5512771606445,0,0,1.4101539850235,0,0,64.5815963745117,17.3421535491943,0,0,135.600433349609,0,6.72370624542236,0,0,29.7129306793213,0,223.413223266602,4198.66650390625
30029001400,4089.30151367188,137.200988769531,74.1697769165039,0,0,52.5812683105469,0,0,31.11159324646,30.9680786132813,0,0,0,0,0,25.4931583404541,0,0,131.122680664063,0,0,3.92443466186523,0,0,135.23974609375,30.4487247467041,0,0,223.804565429688,0,15.7197227478027,0,0,68.5222702026367,0,315.796630859375,5365.4052734375
30029001700,4727.38037109375,98.6982116699219,54.4421768188477,0,0,40.5243492126465,0,0,25.9361038208008,20.9687271118164,0,0,0,0,0,16.9161510467529,0,0,89.8703994750977,0,0,2.96388912200928,0,0,88.3682632446289,23.5917873382568,0,0,195.945266723633,0,10.1657381057739,0,0,47.7883491516113,0,793.014831542969,6236.57470703125
30031000101,2632.701171875,141.963424682617,61.5446662902832,0,0,41.5209732055664,0,0,34.4476737976074,22.4510936737061,0,0,0,0,0,18.831657409668,0,0,98.8163452148438,0,0,2.22284412384033,0,0,139.419860839844,29.3824272155762,0,0,169.71435546875,0,10.5026874542236,0,0,57.0941581726074,0,170.766647338867,3631.38012695313
30031000102,1430.95251464844,62.4843101501465,41.575626373291,0,0,26.6366596221924,0,0,17.2733345031738,10.7579393386841,0,0,0,0,0,8.7629566192627,0,0,53.9189186096191,0,0,0.731495380401611,0,0,46.8263549804688,12.9113855361938,0,0,94.8195266723633,0,7.67971849441528,0,0,30.5494480133057,0,120.217796325684,1966.09802246094
30031000103,3321.48510742188,166.509902954102,96.8544235229492,0,0,68.0362854003906,0,0,49.2135009765625,52.5017776489258,0,0,0,0,0,27.1251544952393,0,0,181.666305541992,0,0,9.97664165496826,0,0,148.138870239258,41.8975715637207,0,0,254.646377563477,0,17.8769035339355,0,0,90.8927688598633,0,298.120544433594,4824.9423828125
30031000200,4471.5888671875,128.944702148438,71.6072082519531,0,0,44.6800727844238,0,0,35.907096862793,30.0202293395996,0,0,0,0,0,22.1118793487549,0,0,121.119651794434,0,0,3.47670149803162,0,0,129.5458984375,30.3630905151367,0,0,236.959060668945,0,13.6708564758301,0,0,71.2931137084961,0,555.094604492188,5966.38330078125
30031000300,1744.80078125,68.344970703125,58.7103729248047,0,0,49.9364051818848,0,0,18.7444725036621,21.7298183441162,0,0,0,0,0,12.0767707824707,0,0,66.0178298950195,0,0,2.69179153442383,0,0,64.251220703125,19.0458335876465,0,0,109.16822052002,0,10.8288421630859,0,0,34.0014572143555,0,289.782165527344,2570.13110351563
30031000400,2799.4091796875,145.70686340332,74.0932083129883,0,0,60.2768096923828,0,0,42.5526504516602,31.3819484710693,0,0,0,0,0,20.6020698547363,0,0,124.197189331055,0,0,2.82613348960876,0,0,152.079284667969,30.4960250854492,0,0,193.550582885742,0,14.8860235214233,0,0,67.4791717529297,0,328.897857666016,4088.43530273438
30031000501,1524.88049316406,79.0617218017578,27.533411026001,0,0,18.6417827606201,0,0,13.6080570220947,11.5565404891968,0,0,0,0,0,11.3210544586182,0,0,50.8962554931641,0,0,1.31539380550385,0,0,55.5895690917969,14.3298063278198,0,0,88.4102401733398,0,6.32295656204224,0,0,28.2571601867676,0,36.057487487793,1967.78210449219
30031000502,3179.05981445313,221.139495849609,95.576057434082,0,0,68.8659286499023,0,0,46.6442756652832,30.5748252868652,0,0,0,0,0,30.6838436126709,0,0,142.065963745117,0,0,2.98147821426392,0,0,216.894607543945,42.9380111694336,0,0,234.194686889648,0,16.8823051452637,0,0,79.9022674560547,0,90.174446105957,4498.57763671875
30031000503,4490.8603515625,184.730270385742,87.4049530029297,0,0,46.2637100219727,0,0,52.6797676086426,65.463005065918,0,0,0,0,0,31.6625480651855,0,0,214.261459350586,0,0,12.7711687088013,0,0,156.232437133789,44.9987831115723,0,0,307.064392089844,0,19.687894821167,0,0,108.849327087402,0,464.982147216797,6287.91162109375
30031000504,1204.85473632813,83.2660751342773,36.2242660522461,0,0,19.5784702301025,0,0,16.8465366363525,14.4960079193115,0,0,0,0,0,13.4769258499146,0,0,68.0926284790039,0,0,0.908808469772339,0,0,70.4925155639648,16.7753276824951,0,0,100.636917114258,0,8.49320793151855,0,0,38.296329498291,0,192.785125732422,1885.22399902344
30031000600,1101.74536132813,216.292602539063,114.368171691895,0,0,51.5381507873535,0,0,54.1164436340332,50.9981651306152,0,0,0,0,0,46.9853858947754,0,0,207.022247314453,0,0,6.67559337615967,0,0,271.837615966797,54.0412406921387,0,0,252.211471557617,0,22.3084621429443,0,0,120.586471557617,0,331.210632324219,2901.93774414063
30031000701,1761.06018066406,323.85205078125,175.612030029297,0,0,69.405632019043,0,0,54.2858467102051,84.7283020019531,0,0,0,0,0,57.6629371643066,0,0,330.669311523438,0,0,11.064754486084,0,0,199.015701293945,61.339427947998,0,0,383.855529785156,0,43.6671752929688,0,0,170.133117675781,0,93.0491561889648,3819.400390625
30031000702,3224.24755859375,153.601959228516,53.043701171875,0,0,19.0770568847656,0,0,30.894115447998,38.3534355163574,0,0,0,0,0,26.7263889312744,0,0,133.612915039063,0,0,8.34197235107422,0,0,89.4669952392578,30.7018661499023,0,0,206.884704589844,0,12.2316236495972,0,0,76.9809188842773,0,188.479751586914,4292.6455078125
30031000800,1536.70983886719,176.326934814453,93.3509140014648,0,0,38.2324638366699,0,0,30.7299880981445,48.0519561767578,0,0,0,0,0,31.4028778076172,0,0,190.662673950195,0,0,6.41318035125732,0,0,112.502258300781,36.7542266845703,0,0,230.904678344727,0,20.923864364624,0,0,99.4431838989258,0,26.3089504241943,2678.71752929688
30031000900,1614.07568359375,172.596832275391,60.2932472229004,0,0,21.3583889007568,0,0,36.4526557922363,56.9541091918945,0,0,0,0,0,31.8401870727539,0,0,184.523971557617,0,0,9.53213310241699,0,0,85.178337097168,31.5855102539063,0,0,221.763870239258,0,14.9244794845581,0,0,100.261459350586,0,221.4541015625,2862.794921875
30031001001,2098.80883789063,57.167350769043,21.3862419128418,0,0,12.6752815246582,0,0,9.41369152069092,11.2822456359863,0,0,0,0,0,6.72882986068726,0,0,45.2188453674316,0,0,0.965836524963379,0,0,32.683780670166,9.00267791748047,0,0,91.6375427246094,0,3.58979964256287,0,0,23.9989185333252,0,6.69001007080078,2431.24951171875
30031001002,2412.09375,209.237182617188,76.6264343261719,0,0,28.5933208465576,0,0,39.8202362060547,53.4299354553223,0,0,0,0,0,31.5715312957764,0,0,162.975433349609,0,0,6.93189668655396,0,0,159.346832275391,34.0990791320801,0,0,244.489730834961,0,14.7914581298828,0,0,84.3173141479492,0,71.4089813232422,3629.7333984375
30031001101,1155.58874511719,73.0131072998047,96.5348205566406,0,0,73.8737945556641,0,0,23.8107223510742,111.311676025391,0,0,0,0,0,62.9104156494141,0,0,412.867309570313,0,0,7.26331806182861,0,0,42.9394226074219,17.4436168670654,0,0,361.804351806641,0,41.907413482666,0,0,160.259735107422,0,53.7375984191895,2695.26586914063
30031001102,996.525817871094,143.522201538086,47.4452743530273,0,0,23.4198932647705,0,0,18.8387355804443,38.0616340637207,0,0,0,0,0,27.6314544677734,0,0,139.877990722656,0,0,3.10204982757568,0,0,91.533332824707,22.6777954101563,0,0,159.820281982422,0,14.6334114074707,0,0,69.6457595825195,0,147.803329467773,1944.5390625
30031001200,2906.24072265625,124.910057067871,57.1778602600098,0,0,41.8687591552734,0,0,32.0638389587402,21.6520404815674,0,0,0,0,0,18.8427467346191,0,0,95.4153747558594,0,0,2.27603888511658,0,0,95.5845031738281,25.5503902435303,0,0,167.276672363281,0,11.158088684082,0,0,54.0703582763672,0,283.892761230469,3937.98022460938
30031001500,2275.99536132813,117.555183410645,77.8008117675781,0,0,31.078971862793,0,0,29.8226852416992,47.0708770751953,0,0,0,0,0,35.1396331787109,0,0,165.564514160156,0,0,4.85653162002563,0,0,70.6570205688477,26.9496002197266,0,0,212.768188476563,0,19.9780788421631,0,0,91.7037658691406,0,159.62580871582,3366.56689453125
30031001600,2779.32495117188,77.5990829467773,45.3426094055176,0,0,16.7309379577637,0,0,31.510778427124,43.6957168579102,0,0,0,0,0,24.0630187988281,0,0,148.087799072266,0,0,6.40926551818848,0,0,37.3641319274902,17.2786102294922,0,0,195.324096679688,0,11.1638422012329,0,0,79.3914642333984,0,80.2976455688477,3593.58374023438
30033000100,1003.63916015625,21.1483001708984,18.4167423248291,0,0,14.6222829818726,0,0,10.3348760604858,6.07067680358887,0,0,0,0,0,4.41220426559448,0,0,26.7260398864746,0,0,1.02096354961395,0,0,31.2991714477539,5.74192047119141,0,0,54.4407997131348,0,4.40998983383179,0,0,16.2046775817871,0,143.402221679688,1361.89025878906
30035940200,1724.15661621094,32.7175598144531,15.8992004394531,0,0,9.11471462249756,0,0,10.3765115737915,24.3009433746338,0,0,0,0,0,9.14245510101318,0,0,66.663948059082,0,0,4.82794857025146,0,0,16.9356784820557,10.8918600082397,0,0,91.8512268066406,0,6.69811201095581,0,0,28.7805805206299,0,138.696746826172,2191.05395507813
30035940400,1682.15649414063,115.51220703125,81.9539337158203,0,0,54.885498046875,0,0,25.7946186065674,50.6570167541504,0,0,0,0,0,32.8046722412109,0,0,189.926406860352,0,0,2.21023154258728,0,0,105.566101074219,25.1949310302734,0,0,208.166885375977,0,23.1541023254395,0,0,81.9126968383789,0,696.789245605469,3376.68505859375
30035976000,2277.04052734375,139.847229003906,92.8569107055664,0,0,46.2888450622559,0,0,28.7079200744629,45.5007400512695,0,0,0,0,0,35.3755149841309,0,0,171.446914672852,0,0,5.04809188842773,0,0,118.49560546875,31.3551979064941,0,0,227.544357299805,0,23.0391235351563,0,0,87.3199996948242,0,178.498992919922,3508.3662109375
30035980000,131.917877197266,1.98517000675201,4.35916614532471,0,0,3.2828049659729,0,0,1.05807542800903,1.63769352436066,0,0,0,0,0,1.10983443260193,0,0,6.02432870864868,0,0,0.315770000219345,0,0,2.41039729118347,0.813959419727325,0,0,9.02121257781982,0,0.947206079959869,0,0,3.17529129981995,0,14.630220413208,182.688995361328
30037000100,571.293884277344,18.2294502258301,24.9302845001221,0,0,18.933141708374,0,0,11.2045345306396,11.6989212036133,0,0,0,0,0,5.9603443145752,0,0,47.0990943908691,0,0,0.402095317840576,0,0,26.5103626251221,7.03833198547363,0,0,48.9574203491211,0,7.53637647628784,0,0,19.474084854126,0,106.922691345215,926.190979003906
30039961700,3107.63500976563,59.3950386047363,52.4170379638672,0,0,43.0476493835449,0,0,18.339973449707,21.963249206543,0,0,0,0,0,12.6182861328125,0,0,77.2936401367188,0,0,2.25177097320557,0,0,59.2270584106445,17.0571460723877,0,0,143.729141235352,0,10.9000387191772,0,0,38.3759002685547,0,486.478942871094,4150.72998046875
30041040100,1062.56396484375,23.6265506744385,35.1100273132324,0,0,28.3866329193115,0,0,17.576639175415,13.570032119751,0,0,0,0,0,7.2635931968689,0,0,54.9917678833008,0,0,1.88559281826019,0,0,55.0957412719727,11.4508047103882,0,0,79.2731323242188,0,7.59100866317749,0,0,28.0989189147949,0,52.2465972900391,1478.73095703125
30041040200,1255.62219238281,89.737434387207,49.3214492797852,0,0,32.4268836975098,0,0,19.5629272460938,30.6166915893555,0,0,0,0,0,23.6794719696045,0,0,129.131973266602,0,0,1.38138890266418,0,0,116.484024047852,29.9221973419189,0,0,189.376434326172,0,14.0199308395386,0,0,80.3172607421875,0,126.450744628906,2188.05078125
30041040300,1968.92736816406,269.091400146484,154.520294189453,0,0,56.3343963623047,0,0,49.0523681640625,75.4887313842773,0,0,0,0,0,52.3246421813965,0,0,304.114349365234,0,0,8.77455997467041,0,0,208.300277709961,60.7029647827148,0,0,348.743774414063,0,36.3844795227051,0,0,149.200897216797,0,354.227447509766,4096.18798828125
30041040400,2157.76245117188,160.007110595703,50.628849029541,0,0,21.00168800354,0,0,17.1423530578613,51.1956253051758,0,0,0,0,0,27.5257225036621,0,0,145.151275634766,0,0,2.20641374588013,0,0,65.150993347168,11.5073623657227,0,0,233.055435180664,0,15.7634582519531,0,0,45.1325531005859,0,269.284698486328,3272.515625
30041040500,1461.83813476563,23.0016613006592,15.3382520675659,0,0,8.87200546264648,0,0,6.95472860336304,9.67098331451416,0,0,0,0,0,4.8571572303772,0,0,34.3595199584961,0,0,1.97549426555634,0,0,17.1054725646973,6.34791469573975,0,0,64.2425384521484,0,3.51937055587769,0,0,16.4844799041748,0,6.88030004501343,1681.44799804688
30041940300,733.905822753906,0,0,0,0,0,0,0,0.111599996685982,0.167400002479553,0,0,0,0,0,0,0,0,0.352656006813049,0,0,4.46400009095669E-02,0,0,0,4.91039976477623E-02,0,0,15.2561235427856,0,0,0,0,0.140615999698639,0,29.1339988708496,779.161926269531
30043962201,2454.60595703125,44.4918212890625,19.6365661621094,0,0,11.4508647918701,0,0,7.85886240005493,11.0792751312256,0,0,0,0,0,6.86906242370605,0,0,35.6178817749023,0,0,1.00127756595612,0,0,33.9952659606934,9.86459255218506,0,0,90.3749389648438,0,4.63187026977539,0,0,18.9847106933594,0,9.75625038146973,2760.21923828125
30043962202,2290.8076171875,69.2963180541992,37.3229789733887,0,0,25.3637714385986,0,0,13.7922792434692,25.5026626586914,0,0,0,0,0,15.4912080764771,0,0,83.0678329467773,0,0,1.84380447864532,0,0,41.6933097839355,13.049708366394,0,0,126.823875427246,0,10.9639873504639,0,0,36.4500694274902,0,282.066619873047,3073.5361328125
30043962300,1983.15051269531,77.610595703125,55.0851707458496,0,0,33.8381195068359,0,0,21.5209865570068,22.3211040496826,0,0,0,0,0,12.8874034881592,0,0,80.8300247192383,0,0,2.28797245025635,0,0,92.8226318359375,21.5091094970703,0,0,130.017562866211,0,10.7104625701904,0,0,41.1010208129883,0,283.514282226563,2869.20751953125
30045000100,1606.77783203125,29.9745597839355,25.1836757659912,0,0,20.2604885101318,0,0,12.093451499939,18.8253269195557,0,0,0,0,0,5.69553375244141,0,0,38.3738327026367,0,0,1.60767447948456,0,0,37.5373306274414,11.5245494842529,0,0,75.403923034668,0,8.15514850616455,0,0,21.5439071655273,0,180.46794128418,2093.42529296875
30047000100,1648.73779296875,45.7621192932129,18.8750705718994,0,0,13.7309522628784,0,0,9.08663749694824,6.18878936767578,0,0,0,0,0,5.1289758682251,0,0,26.6451015472412,0,0,0.410070598125458,0,0,27.3733768463135,8.45007801055908,0,0,65.3296279907227,0,3.23992037773132,0,0,14.8182144165039,0,57.578197479248,1951.35510253906
30047000200,2251.021484375,24.3330688476563,13.2863330841064,0,0,9.2537727355957,0,0,7.34578227996826,6.28641223907471,0,0,0,0,0,5.36519479751587,0,0,27.3729019165039,0,0,0.482228130102158,0,0,22.7109661102295,5.27757978439331,0,0,76.2643127441406,0,2.86464881896973,0,0,15.7359180450439,0,139.461334228516,2607.06176757813
30047940301,3991.21630859375,159.739456176758,86.6735687255859,0,0,40.3304328918457,0,0,33.4586906433105,41.9700813293457,0,0,0,0,0,30.5641574859619,0,0,159.392807006836,0,0,7.63501834869385,0,0,114.863967895508,35.1365509033203,0,0,260.688659667969,0,20.5043029785156,0,0,87.1568145751953,0,210.433349609375,5279.763671875
30047940303,5313.892578125,171.348785400391,104.582176208496,0,0,58.4303932189941,0,0,32.6654472351074,35.9035224914551,0,0,0,0,0,27.9397945404053,0,0,149.918716430664,0,0,5.02677297592163,0,0,134.395843505859,35.37841796875,0,0,282.651458740234,0,17.0023536682129,0,0,81.3417282104492,0,258.504516601563,6708.982421875
30047940400,1449.89440917969,54.4030075073242,50.2500648498535,0,0,37.8329391479492,0,0,18.7161884307861,25.8641986846924,0,0,0,0,0,10.2767295837402,0,0,103.047218322754,0,0,2.64159893989563,0,0,57.4360008239746,14.5236444473267,0,0,154.821807861328,0,16.281831741333,0,0,42.928897857666,0,394.505401611328,2433.42407226563
30047940500,2421.533203125,152.384689331055,83.718635559082,0,0,41.3504981994629,0,0,29.1377754211426,39.0885009765625,0,0,0,0,0,37.6367301940918,0,0,170.379516601563,0,0,3.64861583709717,0,0,137.92839050293,31.628173828125,0,0,226.840148925781,0,20.437650680542,0,0,90.5894622802734,0,354.470977783203,3840.77294921875
30047940600,2116.22631835938,264.643371582031,69.7081604003906,0,0,41.768856048584,0,0,26.1978416442871,35.4368705749512,0,0,0,0,0,35.7569236755371,0,0,155.641296386719,0,0,3.56696105003357,0,0,121.453582763672,35.9493446350098,0,0,223.859191894531,0,16.3420238494873,0,0,85.7021636962891,0,348.380065917969,3580.6328125
30047940700,800.881164550781,23.5055294036865,17.5840263366699,0,0,10.6603336334229,0,0,6.91757488250732,9.5070858001709,0,0,0,0,0,7.40690422058105,0,0,37.1368103027344,0,0,1.52626442909241,0,0,25.8694458007813,6.03092670440674,0,0,51.7334175109863,0,4.48256015777588,0,0,18.1856918334961,0,193.772354125977,1215.20007324219
30049000100,2081.67895507813,54.1857795715332,49.7219200134277,0,0,32.596321105957,0,0,17.6916198730469,20.1141815185547,0,0,0,0,0,17.1058216094971,0,0,88.1626205444336,0,0,2.38581013679504,0,0,57.1143341064453,15.3158006668091,0,0,128.868194580078,0,11.6680278778076,0,0,44.8315620422363,0,286.30322265625,2907.744140625
30049000200,2639.6689453125,34.0394401550293,19.8303375244141,0,0,13.3334903717041,0,0,8.40304374694824,8.00881958007813,0,0,0,0,0,5.87756490707397,0,0,34.6500091552734,0,0,1.45501673221588,0,0,25.5723819732666,7.85808992385864,0,0,88.4638366699219,0,4.04191446304321,0,0,16.3056011199951,0,294.414459228516,3201.92333984375
30049000300,2746.02856445313,32.1914710998535,20.9871940612793,0,0,12.4721059799194,0,0,8.53002738952637,10.2533721923828,0,0,0,0,0,5.77763700485229,0,0,35.5538063049316,0,0,0.424717307090759,0,0,27.6642017364502,7.75341796875,0,0,93.0243988037109,0,5.17414045333862,0,0,18.3713436126709,0,316.449768066406,3340.65625
30049000400,2565.17016601563,308.213806152344,132.958450317383,0,0,60.7801361083984,0,0,51.137622833252,60.4605102539063,0,0,0,0,0,50.5495643615723,0,0,271.317260742188,0,0,6.42744827270508,0,0,248.607879638672,63.0347290039063,0,0,318.784362792969,0,37.7762870788574,0,0,129.061660766602,0,788.466125488281,5092.74609375
30049000501,1822.48059082031,29.3848705291748,10.0775442123413,0,0,7.29922103881836,0,0,6.54717302322388,4.46815156936646,0,0,0,0,0,3.61475872993469,0,0,20.848108291626,0,0,0.40871250629425,0,0,27.2116870880127,6.1082649230957,0,0,60.1080055236816,0,1.90148389339447,0,0,10.8182792663574,0,312.133056640625,2323.40966796875
30049000502,2807.02099609375,190.546081542969,83.2756881713867,0,0,41.5288314819336,0,0,31.9567623138428,34.7269897460938,0,0,0,0,0,31.5250377655029,0,0,146.164184570313,0,0,6.73099708557129,0,0,142.865875244141,37.7299842834473,0,0,229.851959228516,0,18.7589797973633,0,0,82.1519241333008,0,580.769714355469,4465.60400390625
30049000600,1477.78686523438,23.929759979248,11.505051612854,0,0,7.24286651611328,0,0,5.85452079772949,5.36475133895874,0,0,0,0,0,3.96183228492737,0,0,22.7314395904541,0,0,0.278170496225357,0,0,21.5516967773438,4.59526014328003,0,0,53.2438507080078,0,2.07603001594543,0,0,11.2519102096558,0,108.583999633789,1759.95812988281
30049000700,3710.98461914063,191.678833007813,118.738128662109,0,0,58.0220260620117,0,0,49.9924697875977,62.1722831726074,0,0,0,0,0,36.3219451904297,0,0,237.223419189453,0,0,8.54457473754883,0,0,183.843002319336,47.3077659606934,0,0,318.516357421875,0,32.7672119140625,0,0,115.799430847168,0,413.057830810547,5584.96875
30049000800,2282.53198242188,356.305877685547,162.282302856445,0,0,71.8751907348633,0,0,51.0010643005371,120.931190490723,0,0,0,0,0,77.4995269775391,0,0,450.567962646484,0,0,12.3243179321289,0,0,191.807189941406,66.014274597168,0,0,471.520751953125,0,47.509593963623,0,0,204.461700439453,0,49.3049392700195,4615.93798828125
30049000900,2306.39086914063,280.083953857422,142.926544189453,0,0,55.0531997680664,0,0,48.1005897521973,77.1993255615234,0,0,0,0,0,53.4850311279297,0,0,293.352630615234,0,0,12.0023946762085,0,0,215.572677612305,62.3482360839844,0,0,369.927795410156,0,36.3740043640137,0,0,155.841888427734,0,48.2739486694336,4156.93310546875
30049001000,2717.19848632813,179.135696411133,197.888565063477,0,0,60.0061874389648,0,0,49.0317039489746,104.204246520996,0,0,0,0,0,33.6306228637695,0,0,433.601135253906,0,0,5.16499090194702,0,0,52.8606643676758,62.5752830505371,0,0,288.829559326172,0,81.2699279785156,0,0,111.978881835938,0,26.7843894958496,4404.16015625
30049001100,2872.73315429688,394.709655761719,160.768676757813,0,0,52.2723922729492,0,0,58.0023155212402,129.34391784668,0,0,0,0,0,78.047607421875,0,0,434.167938232422,0,0,11.9563732147217,0,0,186.333679199219,59.8854064941406,0,0,484.131195068359,0,49.3983879089355,0,0,174.396575927734,0,153.02864074707,5299.17578125
30049001201,3309.98291015625,71.5914077758789,39.114616394043,0,0,23.6067047119141,0,0,19.6587753295898,23.3454856872559,0,0,0,0,0,11.8501768112183,0,0,80.6459045410156,0,0,3.85347318649292,0,0,69.7186660766602,19.7543983459473,0,0,147.887603759766,0,9.82393836975098,0,0,38.1130561828613,0,345.281036376953,4214.22802734375
30049001202,2718.7109375,39.6643600463867,44.6552200317383,0,0,28.153003692627,0,0,14.7656879425049,10.3198051452637,0,0,0,0,0,5.6687388420105,0,0,43.7998466491699,0,0,1.0603266954422,0,0,56.0367164611816,13.7121019363403,0,0,105.760688781738,0,5.33345890045166,0,0,21.138090133667,0,443.323059082031,3552.10205078125
30051050100,1322.67333984375,55.4960708618164,60.9628105163574,0,0,40.7330932617188,0,0,22.0249919891357,39.4164161682129,0,0,0,0,0,23.7181205749512,0,0,153.83415222168,0,0,3.03348803520203,0,0,51.0675849914551,14.8125905990601,0,0,161.876831054688,0,16.8781814575195,0,0,63.8514862060547,0,139.05290222168,2169.43188476563
30053000100,1951.94372558594,87.8634948730469,51.8971633911133,0,0,28.332389831543,0,0,19.3632469177246,17.792688369751,0,0,0,0,0,15.8123531341553,0,0,74.9664535522461,0,0,3.18159914016724,0,0,85.755859375,20.4791507720947,0,0,125.440956115723,0,9.72663116455078,0,0,41.7874908447266,0,555.736938476563,3090.080078125
30053000200,1354.177734375,156.641403198242,83.1411819458008,0,0,33.043285369873,0,0,22.5416831970215,46.3849792480469,0,0,0,0,0,30.9498672485352,0,0,164.619827270508,0,0,4.53572225570679,0,0,103.237937927246,28.9445667266846,0,0,214.993118286133,0,20.7536907196045,0,0,79.8813934326172,0,47.9517288208008,2391.79809570313
30053000300,2111.33203125,62.5995864868164,44.1569213867188,0,0,24.370304107666,0,0,15.2007503509521,17.1187057495117,0,0,0,0,0,10.5384092330933,0,0,75.4046325683594,0,0,2.04813003540039,0,0,59.3905601501465,16.9954357147217,0,0,119.056327819824,0,10.6714611053467,0,0,35.1475524902344,0,487.289184570313,3091.31982421875
30053000400,4031.90747070313,141.491333007813,85.1263046264648,0,0,55.5960121154785,0,0,28.4929523468018,28.7757720947266,0,0,0,0,0,26.6150913238525,0,0,129.712966918945,0,0,4.35282039642334,0,0,123.877655029297,29.7088794708252,0,0,225.252395629883,0,17.5999374389648,0,0,67.3250122070313,0,682.845336914063,5678.68115234375
30053000500,2594.13671875,61.8705215454102,52.8845100402832,0,0,29.6508636474609,0,0,12.9183673858643,17.3350677490234,0,0,0,0,0,11.9678964614868,0,0,73.5270309448242,0,0,2.84064364433289,0,0,49.3191871643066,16.157205581665,0,0,129.24462890625,0,11.3449048995972,0,0,35.440128326416,0,248.322372436523,3346.96020507813
30055954000,1373.46423339844,51.8056411743164,35.7215538024902,0,0,26.6530246734619,0,0,19.435266494751,12.7692165374756,0,0,0,0,0,10.1457958221436,0,0,54.3964347839355,0,0,2.29755997657776,0,0,69.0040664672852,12.9589805603027,0,0,97.7308807373047,0,8.37774562835693,0,0,32.2212104797363,0,121.195343017578,1928.17687988281
30057000100,4516.8330078125,86.4587097167969,53.2619705200195,0,0,34.1546974182129,0,0,43.2762756347656,54.2207489013672,0,0,0,0,0,21.0597743988037,0,0,167.555709838867,0,0,9.68579864501953,0,0,68.1773681640625,25.5579032897949,0,0,241.22590637207,0,11.4082660675049,0,0,81.2324142456055,0,216.764373779297,5630.873046875
30057000200,2052.53759765625,44.0964279174805,46.5522575378418,0,0,32.6389350891113,0,0,18.5824089050293,15.5291595458984,0,0,0,0,0,10.2423477172852,0,0,62.4699440002441,0,0,3.3946213722229,0,0,57.9053153991699,14.9908819198608,0,0,109.413726806641,0,11.1394367218018,0,0,29.6364154815674,0,219.789566040039,2728.91918945313
30057000300,1646.89770507813,60.4811096191406,35.5139961242676,0,0,23.567720413208,0,0,18.4229888916016,14.0247135162354,0,0,0,0,0,12.2577524185181,0,0,62.2329139709473,0,0,1.81273460388184,0,0,57.00732421875,13.1806383132935,0,0,104.863594055176,0,8.68093585968018,0,0,32.9396209716797,0,230.279281616211,2322.1630859375
30059000100,1691.69555664063,60.5840377807617,45.7244644165039,0,0,34.2854423522949,0,0,22.840145111084,22.4758777618408,0,0,0,0,0,17.5935192108154,0,0,88.4553451538086,0,0,1.83419394493103,0,0,62.2168083190918,13.7857093811035,0,0,127.352630615234,0,11.995680809021,0,0,45.9147682189941,0,279.890869140625,2526.64477539063
30061964500,1204.96484375,48.9887084960938,34.1283416748047,0,0,17.7437438964844,0,0,9.51073169708252,15.3828105926514,0,0,0,0,0,8.67243194580078,0,0,57.015079498291,0,0,1.42659389972687,0,0,36.1669998168945,10.127649307251,0,0,84.9742736816406,0,7.08970546722412,0,0,23.47825050354,0,294.704742431641,1854.37512207031
30061964600,1187.74987792969,43.7175903320313,31.0547542572021,0,0,16.112865447998,0,0,9.05052185058594,15.1217794418335,0,0,0,0,0,9.62808990478516,0,0,53.1430778503418,0,0,1.18492865562439,0,0,35.3988189697266,11.0721645355225,0,0,76.5849456787109,0,8.62213897705078,0,0,26.0907421112061,0,408.8076171875,1933.34008789063
30063000100,3444.97778320313,116.471267700195,61.1079483032227,0,0,27.4944629669189,0,0,27.6809062957764,38.9151191711426,0,0,0,0,0,24.0082817077637,0,0,141.136840820313,0,0,7.25955724716187,0,0,75.5172958374023,25.3774089813232,0,0,224.166610717773,0,14.7885980606079,0,0,73.9608612060547,0,45.6718101501465,4348.53466796875
30063000201,3273.77734375,673.399597167969,259.827056884766,0,0,154.837310791016,0,0,120.90714263916,155.622512817383,0,0,0,0,0,104.981590270996,0,0,558.395385742188,0,0,22.4063377380371,0,0,617.254211425781,134.244018554688,0,0,683.073852539063,0,53.3479080200195,0,0,296.099731445313,0,590.172180175781,7698.3466796875
30063000202,4658.6298828125,319.833923339844,156.713027954102,0,0,104.160400390625,0,0,85.144775390625,82.1982192993164,0,0,0,0,0,50.7780647277832,0,0,305.453765869141,0,0,10.21630859375,0,0,419.637390136719,78.325553894043,0,0,432.871948242188,0,33.3322372436523,0,0,161.74284362793,0,1063.91149902344,7962.94873046875
30063000300,1133.90417480469,607.622131347656,249.663391113281,0,0,83.5769424438477,0,0,58.3433647155762,160.838928222656,0,0,0,0,0,101.351119995117,0,0,506.858276367188,0,0,10.5546464920044,0,0,248.20491027832,66.4198150634766,0,0,639.05712890625,0,66.9537582397461,0,0,215.441665649414,0,68.0248184204102,4216.8154296875
30063000400,1330.84240722656,37.7949714660645,27.581075668335,0,0,17.7925243377686,0,0,8.46519565582275,15.2955942153931,0,0,0,0,0,6.99382257461548,0,0,58.691535949707,0,0,2.16887259483337,0,0,31.1820011138916,9.21874523162842,0,0,101.678199768066,0,8.93294906616211,0,0,26.4628410339355,0,293.411224365234,1976.51196289063
30063000500,2686.84350585938,47.6614570617676,329.936859130859,0,0,312.169403076172,0,0,29.6429805755615,236.931335449219,0,0,0,0,0,53.7372627258301,0,0,892.124084472656,0,0,9.91562080383301,0,0,179.039398193359,21.6478424072266,0,0,1242.65661621094,0,159.98225402832,0,0,272.144104003906,0,54.7172393798828,6529.150390625
30063000700,1346.63781738281,116.548545837402,56.1583480834961,0,0,30.0322685241699,0,0,30.1535129547119,37.4199600219727,0,0,0,0,0,17.3397636413574,0,0,125.203636169434,0,0,6.70616865158081,0,0,88.6176376342773,28.8585205078125,0,0,159.948715209961,0,9.28242492675781,0,0,62.6815490722656,0,60.0771980285645,2175.666015625
30063000800,2666.26098632813,128.938934326172,59.6706161499023,0,0,29.9048748016357,0,0,40.4669494628906,46.0411643981934,0,0,0,0,0,21.9667377471924,0,0,150.671768188477,0,0,10.1517152786255,0,0,118.478843688965,36.9798889160156,0,0,216.621643066406,0,13.0547294616699,0,0,79.5774917602539,0,528.842468261719,4147.62890625
30063000901,2744.89501953125,218.180770874023,119.697662353516,0,0,48.549560546875,0,0,32.9188575744629,75.3012313842773,0,0,0,0,0,44.5796356201172,0,0,246.70198059082,0,0,10.8878936767578,0,0,118.553268432617,37.8634605407715,0,0,310.000183105469,0,32.4339370727539,0,0,104.302391052246,0,445.645202636719,4590.5107421875
30063000902,1433.26379394531,57.0602798461914,38.0417060852051,0,0,21.3431987762451,0,0,13.575535774231,10.2801761627197,0,0,0,0,0,8.77826976776123,0,0,46.9040031433105,0,0,0.886810302734375,0,0,69.3696823120117,12.0665884017944,0,0,85.1138153076172,0,6.57736873626709,0,0,26.8478031158447,0,156.968078613281,1987.0771484375
30063001000,2514.41015625,392.900909423828,154.660614013672,0,0,52.3383827209473,0,0,58.9614944458008,64.9832382202148,0,0,0,0,0,71.0800628662109,0,0,274.043334960938,0,0,14.6414747238159,0,0,276.469451904297,76.2926330566406,0,0,381.183715820313,0,33.3856430053711,0,0,165.493423461914,0,202.666381835938,4733.51123046875
30063001100,1473.81726074219,87.7152404785156,37.4905319213867,0,0,18.1646308898926,0,0,19.6555633544922,28.7501411437988,0,0,0,0,0,13.9993629455566,0,0,93.6413803100586,0,0,5.76891660690308,0,0,68.0927886962891,21.3370494842529,0,0,131.096801757813,0,7.60424137115479,0,0,47.455020904541,0,38.6111526489258,2093.19995117188
30063001200,2412.75341796875,357.546447753906,141.091949462891,0,0,49.6756439208984,0,0,47.7526969909668,76.1805038452148,0,0,0,0,0,57.1875648498535,0,0,273.726898193359,0,0,13.6098031997681,0,0,204.217254638672,59.9250335693359,0,0,373.879547119141,0,30.2399806976318,0,0,152.355651855469,0,60.9946212768555,4311.13671875
30063001302,3559.451171875,101.559516906738,49.3434143066406,0,0,21.6709632873535,0,0,21.3397350311279,31.679105758667,0,0,0,0,0,13.6363954544067,0,0,108.227600097656,0,0,4.90381908416748,0,0,58.0649681091309,20.8499183654785,0,0,182.329040527344,0,9.11054706573486,0,0,50.0812568664551,0,68.3537063598633,4300.6005859375
30063001303,2565.16552734375,103.385101318359,66.2689056396484,0,0,28.1255912780762,0,0,25.3844776153564,38.388427734375,0,0,0,0,0,23.633430480957,0,0,140.118789672852,0,0,6.3210711479187,0,0,83.5853271484375,26.3593406677246,0,0,210.383987426758,0,14.9053440093994,0,0,79.0008316040039,0,55.5769004821777,3466.60278320313
30063001304,3652.38452148438,97.5647811889648,39.7787742614746,0,0,18.8364677429199,0,0,18.5283718109131,22.591646194458,0,0,0,0,0,17.1322460174561,0,0,86.3849182128906,0,0,4.70322847366333,0,0,66.263427734375,20.8399982452393,0,0,169.290328979492,0,8.75210666656494,0,0,46.5202445983887,0,64.8487701416016,4334.41943359375
30063001400,3475.03173828125,113.281463623047,61.1361846923828,0,0,36.5642471313477,0,0,25.020622253418,25.2976036071777,0,0,0,0,0,16.6615028381348,0,0,102.154266357422,0,0,1.87450349330902,0,0,108.413475036621,24.8299579620361,0,0,180.246383666992,0,14.7784147262573,0,0,52.349739074707,0,605.210205078125,4842.8505859375
30063001500,3445.69067382813,71.9865951538086,33.6090507507324,0,0,17.0864868164063,0,0,16.6158313751221,16.5088405609131,0,0,0,0,0,11.7638549804688,0,0,66.1074371337891,0,0,2.17708587646484,0,0,75.66455078125,16.4977703094482,0,0,147.585372924805,0,7.55956029891968,0,0,37.1977577209473,0,276.739074707031,4242.7900390625
30063001600,3818.28125,151.189544677734,78.9679565429688,0,0,47.4292907714844,0,0,35.6014709472656,30.8554630279541,0,0,0,0,0,24.4417705535889,0,0,142.23957824707,0,0,2.00460696220398,0,0,168.21257019043,36.517505645752,0,0,223.595275878906,0,21.2509670257568,0,0,70.3876953125,0,644.387084960938,5495.36181640625
30063001800,4203.56640625,103.475448608398,76.0073165893555,0,0,63.8247833251953,0,0,23.6331653594971,23.9948844909668,0,0,0,0,0,18.49973487854,0,0,101.017547607422,0,0,3.13805508613586,0,0,100.910430908203,24.4017467498779,0,0,194.893890380859,0,13.6853122711182,0,0,50.5938377380371,0,640.650939941406,5642.29443359375
30065000100,1646.94458007813,31.3665599822998,33.7812805175781,0,0,27.8152637481689,0,0,17.0105533599854,14.8056745529175,0,0,0,0,0,6.42663145065308,0,0,45.2568855285645,0,0,1.07163846492767,0,0,62.6044845581055,12.4207162857056,0,0,86.8610076904297,0,7.2751784324646,0,0,26.1115970611572,0,400.592010498047,2420.34399414063
30065000200,1284.43737792969,91.4675216674805,51.9200630187988,0,0,28.7273426055908,0,0,16.5408134460449,26.7043609619141,0,0,0,0,0,17.2418518066406,0,0,85.0790863037109,0,0,2.17816352844238,0,0,69.5645294189453,17.9134540557861,0,0,132.847106933594,0,12.324164390564,0,0,42.1588668823242,0,152.413330078125,2031.51794433594
30067000100,1292.06323242188,24.5574398040771,19.5583610534668,0,0,16.5064640045166,0,0,12.2036695480347,7.43107557296753,0,0,0,0,0,3.91868329048157,0,0,26.6379451751709,0,0,0.784652233123779,0,0,28.9618816375732,7.33113813400269,0,0,58.0745010375977,0,4.77925777435303,0,0,15.428689956665,0,182.138031005859,1700.37512207031
30067000200,3357.18310546875,66.8126678466797,42.1237602233887,0,0,29.7187461853027,0,0,20.8623065948486,15.8475360870361,0,0,0,0,0,11.4150657653809,0,0,70.338249206543,0,0,1.82512938976288,0,0,56.1035194396973,14.8349561691284,0,0,147.368881225586,0,8.92043972015381,0,0,38.3424835205078,0,325.097137451172,4206.7939453125
30067000300,1696.82165527344,96.5443115234375,50.4831123352051,0,0,24.067985534668,0,0,19.4161148071289,21.4274768829346,0,0,0,0,0,17.8523597717285,0,0,87.502685546875,0,0,3.62314701080322,0,0,88.6057510375977,22.223596572876,0,0,132.401870727539,0,11.2537097930908,0,0,47.8584785461426,0,304.466888427734,2624.54907226563
30067000400,3320.30200195313,200.572631835938,94.9334945678711,0,0,34.5582313537598,0,0,34.5724182128906,49.1804618835449,0,0,0,0,0,40.9794006347656,0,0,186.585983276367,0,0,5.67923641204834,0,0,131.618499755859,35.3957786560059,0,0,283.170043945313,0,20.5789127349854,0,0,103.1689453125,0,181.760025024414,4723.056640625
30067000500,1734.84350585938,67.2871704101563,58.7488899230957,0,0,22.9498538970947,0,0,19.6095695495605,23.2158679962158,0,0,0,0,0,22.0541744232178,0,0,100.096755981445,0,0,3.11911201477051,0,0,52.3799018859863,15.2979345321655,0,0,144.333679199219,0,13.9448709487915,0,0,57.0561485290527,0,213.359588623047,2548.296875
30067980600,8.66520023345947,0,0.294000029563904,0,0,0.294000029563904,0,0,0.148800000548363,0.811200022697449,0,0,0,0,0,0.483140021562576,0,0,2.84692406654358,0,0,5.35680018365383E-02,0,0,0,5.35680018365383E-02,0,0,1.93316793441772,0,0.178360000252724,0,0,1.10607206821442,0,5.34699964523315,22.2149982452393
30069000100,358.824188232422,6.64002990722656,5.59292602539063,0,0,4.67101287841797,0,0,2.91672039031982,3.08771109580994,0,0,0,0,0,1.32011616230011,0,0,7.51163244247437,0,0,0.47427099943161,0,0,7.5847635269165,2.37405705451965,0,0,15.4593954086304,0,1.54523313045502,0,0,4.11447143554688,0,67.5274505615234,489.643981933594
30071060200,2977.43627929688,114.192527770996,87.9172668457031,0,0,56.3387870788574,0,0,38.035083770752,33.9812889099121,0,0,0,0,0,25.0375843048096,0,0,151.925003051758,0,0,3.85657906532288,0,0,106.968704223633,28.696647644043,0,0,217.822082519531,0,21.8870868682861,0,0,77.0770721435547,0,342.939392089844,4284.11181640625
30073977000,2375.9833984375,149.585983276367,112.172088623047,0,0,89.6643142700195,0,0,45.9107551574707,44.1410942077637,0,0,0,0,0,34.5794563293457,0,0,188.184494018555,0,0,5.53729200363159,0,0,182.770568847656,42.1797294616699,0,0,270.240173339844,0,21.9741096496582,0,0,106.168533325195,0,200.748046875,3869.83984375
30073977200,1039.08483886719,18.116189956665,29.4311084747314,0,0,25.1395988464355,0,0,10.822169303894,28.899435043335,0,0,0,0,0,19.28786277771,0,0,103.80492401123,0,0,2.08549427986145,0,0,27.8660869598389,7.06544494628906,0,0,99.3547210693359,0,11.649959564209,0,0,44.3928604125977,0,89.2013702392578,1556.20202636719
30075000100,1090.93200683594,37.8740081787109,32.6633148193359,0,0,22.4197177886963,0,0,15.194637298584,11.7335414886475,0,0,0,0,0,7.13384866714478,0,0,47.0614051818848,0,0,0.898332476615906,0,0,37.9366836547852,10.5313510894775,0,0,75.8260040283203,0,6.77502918243408,0,0,26.0639305114746,0,257.739135742188,1680.78283691406
30077000100,1332.98278808594,23.1839294433594,22.5016193389893,0,0,19.4585819244385,0,0,10.518669128418,9.46130847930908,0,0,0,0,0,4.13908433914185,0,0,28.2126598358154,0,0,0.83076286315918,0,0,27.1468238830566,7.29838943481445,0,0,59.3268585205078,0,5.48708486557007,0,0,15.9235639572144,0,108.812828063965,1675.28503417969
30077000200,2411.58422851563,135.880294799805,239.056686401367,0,0,97.9205780029297,0,0,25.2770404815674,69.3248519897461,0,0,0,0,0,42.7748718261719,0,0,261.514709472656,0,0,4.13028764724731,0,0,110.865615844727,32.2597427368164,0,0,365.641204833984,0,57.1128883361816,0,0,150.963836669922,0,310.363037109375,4314.669921875
30079000100,847.752502441406,17.7634296417236,13.7382564544678,0,0,10.783634185791,0,0,8.39213848114014,6.41642093658447,0,0,0,0,0,3.841059923172,0,0,25.0305404663086,0,0,0.557829082012177,0,0,21.3487644195557,4.34994602203369,0,0,46.9735069274902,0,2.93762159347534,0,0,13.0385122299194,0,70.202880859375,1093.12707519531
30081000100,2122.38818359375,67.1991806030273,31.775728225708,0,0,21.5940818786621,0,0,13.0594539642334,14.0023355484009,0,0,0,0,0,9.24692916870117,0,0,46.3188018798828,0,0,1.43780815601349,0,0,53.1159248352051,14.3845376968384,0,0,96.1814727783203,0,6.36352396011353,0,0,24.9786262512207,0,231.928665161133,2753.97509765625
30081000201,2159.13549804688,117.284271240234,62.0155487060547,0,0,31.722785949707,0,0,26.9885025024414,38.2115135192871,0,0,0,0,0,21.0754222869873,0,0,126.148796081543,0,0,5.28512525558472,0,0,117.261535644531,30.0619964599609,0,0,181.434646606445,0,14.1679840087891,0,0,65.0122985839844,0,205.8271484375,3201.6328125
30081000202,3755.5361328125,122.892715454102,66.3019180297852,0,0,63.8540458679199,0,0,26.3003482818604,17.1573143005371,0,0,0,0,0,15.0209798812866,0,0,82.5076293945313,0,0,1.17669248580933,0,0,106.078567504883,24.1671867370605,0,0,170.305648803711,0,8.88794612884521,0,0,42.9876823425293,0,307.915435791016,4811.0908203125
30081000300,1759.90502929688,59.5750007629395,36.9286155700684,0,0,27.3094425201416,0,0,16.2645626068115,13.276180267334,0,0,0,0,0,8.79853916168213,0,0,48.6906814575195,0,0,1.3039288520813,0,0,54.8472137451172,14.222695350647,0,0,92.2308883666992,0,7.04304885864258,0,0,27.1789512634277,0,199.505126953125,2367.07958984375
30081000401,1501.40124511719,67.6748580932617,29.6268882751465,0,0,24.3920383453369,0,0,14.7859144210815,7.37179851531982,0,0,0,0,0,8.84227657318115,0,0,38.6123161315918,0,0,1.17480611801147,0,0,59.6268196105957,14.0943813323975,0,0,77.2950439453125,0,4.09114408493042,0,0,22.4306716918945,0,55.306697845459,1926.72680664063
30081000402,2875.28271484375,89.7282485961914,51.1482162475586,0,0,39.0751914978027,0,0,24.7442092895508,18.0811748504639,0,0,0,0,0,11.7983617782593,0,0,76.3018035888672,0,0,2.04278755187988,0,0,96.1707611083984,20.7941970825195,0,0,148.06282043457,0,9.28481197357178,0,0,41.5882148742676,0,426.450714111328,3930.5537109375
30081000500,3444.34155273438,363.699645996094,166.127365112305,0,0,72.863395690918,0,0,50.0015068054199,79.0126342773438,0,0,0,0,0,67.0664596557617,0,0,298.041931152344,0,0,8.5291223526001,0,0,232.45524597168,63.6991806030273,0,0,414.489776611328,0,38.7400321960449,0,0,153.770111083984,0,314.655700683594,5767.494140625
30081000600,2970.97314453125,121.74308013916,80.6503067016602,0,0,39.7585716247559,0,0,28.2160472869873,30.8496417999268,0,0,0,0,0,18.7902774810791,0,0,127.643104553223,0,0,3.42487120628357,0,0,117.095710754395,28.1749286651611,0,0,206.365570068359,0,17.4281520843506,0,0,67.9804306030273,0,716.672302246094,4575.76611328125
30081000700,1430.388671875,43.2623405456543,30.3066368103027,0,0,21.119161605835,0,0,13.2507696151733,12.7319135665894,0,0,0,0,0,7.79805135726929,0,0,44.7117004394531,0,0,1.84029150009155,0,0,38.3224143981934,11.0854053497314,0,0,80.5130004882813,0,6.65600633621216,0,0,25.0813121795654,0,124.805404663086,1891.873046875
30081000800,1311.10424804688,23.0084686279297,19.2581634521484,0,0,14.692741394043,0,0,5.90306854248047,18.185094833374,0,0,0,0,0,13.7881536483765,0,0,66.914192199707,0,0,0.119724608957767,0,0,22.6876773834229,5.59939098358154,0,0,77.0578918457031,0,7.03241634368896,0,0,29.5746574401855,0,225.701156616211,1840.62707519531
30083070100,802.072692871094,12.716480255127,19.2028903961182,0,0,11.8816232681274,0,0,6.84443950653076,9.031005859375,0,0,0,0,0,4.64941883087158,0,0,31.1775169372559,0,0,2.77388072013855,0,0,21.22190284729,6.58708000183105,0,0,49.0452651977539,0,4.7961254119873,0,0,14.6740579605103,0,103.946640014648,1100.62109375
30083070200,1040.13696289063,11.5757398605347,18.4129066467285,0,0,16.7741146087646,0,0,10.31711769104,10.4517412185669,0,0,0,0,0,2.42891263961792,0,0,21.6714496612549,0,0,1.15494048595428,0,0,28.1096897125244,6.84405708312988,0,0,46.0313911437988,0,4.24713754653931,0,0,12.5071430206299,0,85.0437393188477,1315.70739746094
30083070300,2007.16845703125,194.079605102539,108.985664367676,0,0,57.8693618774414,0,0,48.3330459594727,45.3334732055664,0,0,0,0,0,30.4787368774414,0,0,171.714706420898,0,0,7.30180263519287,0,0,174.996948242188,42.5302047729492,0,0,235.853454589844,0,20.4992561340332,0,0,83.6808242797852,0,241.942565917969,3470.76831054688
30083070400,1780.84692382813,79.2912750244141,44.5730476379395,0,0,18.1414546966553,0,0,15.2756338119507,22.0907154083252,0,0,0,0,0,15.8761157989502,0,0,78.7469024658203,0,0,3.07567238807678,0,0,76.5679016113281,21.1161499023438,0,0,124.808181762695,0,10.9098138809204,0,0,43.4496421813965,0,111.09553527832,2445.86499023438
30085080100,1192.19555664063,40.5879707336426,29.2498416900635,0,0,18.1335697174072,0,0,11.1506795883179,12.8844213485718,0,0,0,0,0,8.573899269104,0,0,48.4038696289063,0,0,1.72158145904541,0,0,37.7691764831543,8.50747585296631,0,0,82.3255767822266,0,7.6441822052002,0,0,22.3504009246826,0,71.4097900390625,1592.90771484375
30085940001,2123.46435546875,102.929542541504,59.8076057434082,0,0,22.9179725646973,0,0,19.9713344573975,32.7990303039551,0,0,0,0,0,22.5336208343506,0,0,120.250961303711,0,0,3.84061479568481,0,0,75.1052474975586,22.3216018676758,0,0,163.56706237793,0,14.30419921875,0,0,54.2762718200684,0,208.582580566406,3046.67211914063
30085940002,1707.08520507813,125.784301757813,82.4821243286133,0,0,83.8903274536133,0,0,36.6327705383301,24.0566539764404,0,0,0,0,0,15.0107336044312,0,0,105.318092346191,0,0,2.3815598487854,0,0,89.8893051147461,27.1674575805664,0,0,151.963562011719,0,13.434380531311,0,0,45.2996864318848,0,214.607879638672,2725.00463867188
30087000100,1606.02673339844,45.9063911437988,29.3463325500488,0,0,14.5144786834717,0,0,13.0019149780273,19.4234447479248,0,0,0,0,0,13.3031415939331,0,0,68.3151473999023,0,0,2.28300213813782,0,0,42.3054122924805,11.8621702194214,0,0,107.890380859375,0,7.72972202301025,0,0,37.6168785095215,0,214.252807617188,2233.77783203125
30087000200,931.081298828125,159.748992919922,82.8544464111328,0,0,31.0593948364258,0,0,21.0392875671387,19.7256088256836,0,0,0,0,0,41.0268974304199,0,0,105.568496704102,0,0,11.4905757904053,0,0,118.668235778809,37.0223159790039,0,0,154.69499206543,0,20.8015823364258,0,0,69.3819732666016,0,148.477905273438,1952.64208984375
30087000300,1051.28283691406,41.1469306945801,30.9938449859619,0,0,12.8812532424927,0,0,10.6921482086182,14.6350831985474,0,0,0,0,0,8.90565013885498,0,0,53.3496856689453,0,0,2.94459128379822,0,0,27.0536994934082,10.37464427948,0,0,78.7691345214844,0,6.79939746856689,0,0,27.3204879760742,0,268.990600585938,1646.14013671875
30087940400,1060.25109863281,50.1778793334961,27.4835739135742,0,0,8.28381156921387,0,0,6.57224035263062,16.866304397583,0,0,0,0,0,7.31321001052856,0,0,49.1862754821777,0,0,2.67998027801514,0,0,15.3708372116089,7.93375968933105,0,0,72.5449066162109,0,6.71291446685791,0,0,19.7527408599854,0,100.505554199219,1451.63500976563
30089000100,2272.32958984375,84.9758071899414,51.2496109008789,0,0,24.9071445465088,0,0,15.5674171447754,22.396125793457,0,0,0,0,0,19.3783493041992,0,0,95.8228454589844,0,0,1.94994747638702,0,0,63.1052017211914,16.980806350708,0,0,146.568176269531,0,12.7959756851196,0,0,46.4756393432617,0,400.779418945313,3275.28173828125
30089000200,3881.83349609375,120.938636779785,82.3901824951172,0,0,58.528247833252,0,0,31.6778316497803,39.1487998962402,0,0,0,0,0,22.8899002075195,0,0,129.457717895508,0,0,5.9999566078186,0,0,105.102668762207,32.9700736999512,0,0,215.228530883789,0,17.6604251861572,0,0,65.3693008422852,0,626.426330566406,5435.6220703125
30089940300,963.837707519531,30.8431797027588,15.117919921875,0,0,8.15390682220459,0,0,7.42831707000732,9.21982574462891,0,0,0,0,0,6.8897180557251,0,0,35.717041015625,0,0,1.49141323566437,0,0,23.4095096588135,7.34458923339844,0,0,56.919361114502,0,4.28342199325562,0,0,18.4892864227295,0,209.336791992188,1398.48217773438
30091090200,1644.71716308594,150.384292602539,114.956809997559,0,0,46.5009002685547,0,0,33.7082939147949,57.9859161376953,0,0,0,0,0,30.6909027099609,0,0,225.701202392578,0,0,3.65732550621033,0,0,108.575523376465,37.839485168457,0,0,215.20149230957,0,39.1149940490723,0,0,80.1341705322266,0,114.02857208252,2903.19677734375
30091090400,860.698425292969,14.3860397338867,25.6687641143799,0,0,21.2465629577637,0,0,13.5495672225952,6.02874660491943,0,0,0,0,0,3.78004503250122,0,0,27.6521701812744,0,0,1.50625824928284,0,0,29.1486129760742,6.41599178314209,0,0,54.7141036987305,0,5.25233936309814,0,0,17.7673873901367,0,92.6189575195313,1180.43383789063
30093000100,2735.052734375,366.321929931641,188.112930297852,0,0,86.5327301025391,0,0,79.3126983642578,106.97095489502,0,0,0,0,0,69.2832870483398,0,0,386.190093994141,0,0,14.0814208984375,0,0,369.704071044922,88.3151092529297,0,0,481.537078857422,0,42.0833778381348,0,0,205.588027954102,0,71.4126129150391,5290.4990234375
30093000200,2852.69848632813,80.9434967041016,44.8739547729492,0,0,18.7209415435791,0,0,21.6263084411621,46.6928901672363,0,0,0,0,0,17.8179359436035,0,0,136.127838134766,0,0,6.48999691009521,0,0,38.5657997131348,15.909215927124,0,0,192.537322998047,0,10.4809293746948,0,0,55.1858329772949,0,46.305118560791,3584.97631835938
30093000300,1494.14575195313,77.9092407226563,28.6216468811035,0,0,10.7957782745361,0,0,11.694429397583,14.5263938903809,0,0,0,0,0,14.2021493911743,0,0,61.109546661377,0,0,2.75690293312073,0,0,44.6745147705078,15.5473375320435,0,0,96.7368316650391,0,6.38479709625244,0,0,33.8836898803711,0,16.2090301513672,1929.19799804688
30093000400,2250.2900390625,61.5406455993652,28.6246147155762,0,0,11.9788551330566,0,0,10.1331262588501,14.3930339813232,0,0,0,0,0,11.006781578064,0,0,58.9147682189941,0,0,1.43298161029816,0,0,64.6671142578125,12.513801574707,0,0,111.305702209473,0,7.57483148574829,0,0,30.8097496032715,0,226.376251220703,2901.56201171875
30093000500,2944.1630859375,84.0808792114258,59.3425025939941,0,0,29.688138961792,0,0,19.2097339630127,37.8071708679199,0,0,0,0,0,23.7653179168701,0,0,151.149291992188,0,0,3.21066355705261,0,0,62.2229232788086,19.0525398254395,0,0,203.546783447266,0,14.4065160751343,0,0,67.5573196411133,0,25.8710403442383,3745.07397460938
30093000600,2066.15869140625,151.47590637207,101.463737487793,0,0,36.863410949707,0,0,31.3864002227783,46.1945762634277,0,0,0,0,0,29.2283725738525,0,0,176.227874755859,0,0,5.81491899490356,0,0,132.811294555664,38.5196189880371,0,0,228.069458007813,0,25.8805904388428,0,0,91.0536041259766,0,444.388763427734,3605.53686523438
30093000700,2276.53393554688,101.235176086426,44.7925567626953,0,0,14.9495763778687,0,0,18.9145011901855,26.3476448059082,0,0,0,0,0,20.6152534484863,0,0,91.6826705932617,0,0,5.45093679428101,0,0,66.5064163208008,21.2488861083984,0,0,148.502136230469,0,10.2077407836914,0,0,51.7170333862305,0,52.5615196228027,2951.265625
30093000800,3518.76538085938,212.882522583008,147.083160400391,0,0,82.1275100708008,0,0,44.6386528015137,57.6582908630371,0,0,0,0,0,40.1375923156738,0,0,195.156234741211,0,0,4.12795543670654,0,0,195.221206665039,46.459789276123,0,0,300.004028320313,0,25.9202919006348,0,0,99.6675262451172,0,298.883758544922,5268.73388671875
30095966400,2668.02856445313,80.6923904418945,49.0754356384277,0,0,27.386754989624,0,0,19.3812408447266,23.3793106079102,0,0,0,0,0,15.6978406906128,0,0,85.4223022460938,0,0,3.09045648574829,0,0,71.4839401245117,20.3555068969727,0,0,148.706802368164,0,11.6022834777832,0,0,43.8520431518555,0,152.259002685547,3420.4140625
30095966500,2134.69677734375,48.8215980529785,76.8930282592773,0,0,48.195442199707,0,0,22.0993385314941,23.2111530303955,0,0,0,0,0,11.0055027008057,0,0,76.491096496582,0,0,3.53179335594177,0,0,67.3473205566406,20.8738899230957,0,0,124.175384521484,0,10.9522285461426,0,0,34.4451522827148,0,181.931060791016,2884.6708984375
30095966600,1576.83093261719,16.6018390655518,19.2683963775635,0,0,14.1942367553711,0,0,8.30819606781006,10.6917505264282,0,0,0,0,0,5.22576856613159,0,0,33.152099609375,0,0,1.24113929271698,0,0,26.1859951019287,6.76850700378418,0,0,66.1026229858398,0,5.74380731582642,0,0,16.9290904998779,0,333.165710449219,2140.41015625
30097967000,2691.96435546875,93.0143051147461,97.6020660400391,0,0,64.9861221313477,0,0,30.2318210601807,28.1978988647461,0,0,0,0,0,20.2839183807373,0,0,116.928176879883,0,0,4.8822660446167,0,0,97.5324783325195,28.3944721221924,0,0,180.281463623047,0,14.7991390228271,0,0,55.9135856628418,0,257.783905029297,3782.79638671875
30099000100,1089.47680664063,28.9030609130859,37.559700012207,0,0,35.0882797241211,0,0,17.8266582489014,20.1643123626709,0,0,0,0,0,10.0905704498291,0,0,70.8568649291992,0,0,1.53409731388092,0,0,42.9653968811035,11.3500967025757,0,0,86.9039916992188,0,9.56307029724121,0,0,32.9904670715332,0,104.67163848877,1599.94494628906
30099000200,1170.44348144531,43.0825500488281,25.7684307098389,0,0,17.9830169677734,0,0,11.8863878250122,8.90426540374756,0,0,0,0,0,7.07012319564819,0,0,33.715576171875,0,0,1.44058275222778,0,0,46.0756454467773,9.30257320404053,0,0,66.3862380981445,0,5.61651563644409,0,0,20.1364059448242,0,91.5451507568359,1559.35681152344
30099000300,1543.29638671875,64.2248001098633,53.4553527832031,0,0,30.4369773864746,0,0,19.111644744873,37.6321449279785,0,0,0,0,0,24.4768714904785,0,0,139.020599365234,0,0,2.8764967918396,0,0,86.6412048339844,20.6610145568848,0,0,155.130905151367,0,15.4737215042114,0,0,63.8134956359863,0,144.060363769531,2400.31201171875
30101000100,852.598388671875,30.5187282562256,26.0271301269531,0,0,19.0628929138184,0,0,12.1731147766113,11.4172039031982,0,0,0,0,0,5.23857831954956,0,0,42.3707275390625,0,0,1.49506199359894,0,0,33.32861328125,9.11096954345703,0,0,59.0806427001953,0,5.96042060852051,0,0,19.3252143859863,0,43.9132995605469,1171.62109375
30101000200,2260.14331054688,142.575973510742,116.014923095703,0,0,62.3766059875488,0,0,38.7933311462402,59.8864097595215,0,0,0,0,0,41.3330192565918,0,0,215.593215942383,0,0,8.70136547088623,0,0,147.914108276367,35.9436798095703,0,0,273.864654541016,0,31.9013195037842,0,0,105.461875915527,0,147.852127075195,3688.35595703125
30101980000,20.4270000457764,0,1.85700011253357,0,0,1.85700011253357,0,0,0,3.71400022506714,0,0,0,0,0,3.05167007446289,0,0,14.8993301391602,0,0,0,0,0,0,0,0,0,9.17358016967773,0,1.28751993179321,0,0,5.63290023803711,0,0,61.9000015258789
30103963500,486.787506103516,16.4401798248291,13.6662817001343,0,0,11.1863574981689,0,0,7.52327394485474,3.75289916992188,0,0,0,0,0,3.7327184677124,0,0,18.051290512085,0,0,0.994711816310883,0,0,22.0916366577148,4.59001350402832,0,0,33.8130035400391,0,3.20088267326355,0,0,11.7911758422852,0,93.0670623779297,730.688903808594
30105100100,1399.23840332031,23.502799987793,18.2348041534424,0,0,14.0861940383911,0,0,9.83287715911865,8.7397346496582,0,0,0,0,0,4.45458889007568,0,0,26.421968460083,0,0,1.0373409986496,0,0,29.8633689880371,7.44788312911987,0,0,59.6873817443848,0,4.79983329772949,0,0,15.6856441497803,0,134.05729675293,1757.09020996094
30105100500,1761.38415527344,138.547744750977,72.8889541625977,0,0,29.2804317474365,0,0,22.2470016479492,40.7582397460938,0,0,0,0,0,30.1401233673096,0,0,150.260025024414,0,0,6.43640995025635,0,0,102.105110168457,27.3176155090332,0,0,207.310791015625,0,18.6441040039063,0,0,73.6495971679688,0,45.3445510864258,2726.31494140625
30105940600,2790.578125,57.5796699523926,52.4959106445313,0,0,31.6523838043213,0,0,37.0573997497559,44.8623390197754,0,0,0,0,0,14.7328863143921,0,0,139.647369384766,0,0,9.75297737121582,0,0,88.5112991333008,25.6035823822021,0,0,188.578094482422,0,16.0172252655029,0,0,63.7341423034668,0,150.434387207031,3711.23754882813
30107000100,1341.22143554688,39.0484580993652,34.2389869689941,0,0,23.378002166748,0,0,14.2448873519897,22.3927059173584,0,0,0,0,0,13.4597682952881,0,0,74.5930480957031,0,0,2.1871337890625,0,0,42.1219635009766,10.9875659942627,0,0,101.204681396484,0,10.2246828079224,0,0,35.3579559326172,0,137.019790649414,1901.68103027344
30109000100,592.578186035156,14.8499603271484,12.3109149932861,0,0,8.91409206390381,0,0,5.86178970336914,8.04450225830078,0,0,0,0,0,3.96607327461243,0,0,22.9827423095703,0,0,1.15513908863068,0,0,16.2420463562012,4.95834922790527,0,0,34.7818450927734,0,3.71017098426819,0,0,11.6616821289063,0,109.406547546387,851.424072265625
30111000200,1742.91345214844,303.656982421875,162.183044433594,0,0,90.5971221923828,0,0,84.6817626953125,95.9543762207031,0,0,0,0,0,54.7538986206055,0,0,330.972991943359,0,0,9.52607250213623,0,0,578.886901855469,80.7426681518555,0,0,408.953430175781,0,37.6561889648438,0,0,176.685470581055,0,154.725555419922,4312.8896484375
30111000300,1874.72998046875,203.94416809082,127.032661437988,0,0,61.0568656921387,0,0,68.1669616699219,86.5154037475586,0,0,0,0,0,39.2346878051758,0,0,324.193969726563,0,0,5.21141386032104,0,0,369.876831054688,66.2244415283203,0,0,317.583923339844,0,43.4208221435547,0,0,133.985275268555,0,56.536491394043,3777.7138671875
30111000401,1937.83374023438,73.7665405273438,44.6415710449219,0,0,21.5167922973633,0,0,18.8906135559082,27.6002521514893,0,0,0,0,0,10.6072292327881,0,0,91.5066452026367,0,0,4.57534170150757,0,0,53.7345390319824,18.9114322662354,0,0,133.048553466797,0,6.7958197593689,0,0,43.0951843261719,0,23.6177005767822,2510.14233398438
30111000402,1895.24035644531,1060.1005859375,370.686065673828,0,0,124.791854858398,0,0,86.5292053222656,228.043273925781,0,0,0,0,0,159.374389648438,0,0,740.858154296875,0,0,12.9442567825317,0,0,411.319396972656,106.841949462891,0,0,966.232788085938,0,91.4765930175781,0,0,314.039733886719,0,43.8226585388184,6612.30126953125
30111000500,2581.85620117188,86.341667175293,45.7349586486816,0,0,17.0202980041504,0,0,17.8849830627441,27.6154022216797,0,0,0,0,0,14.3439044952393,0,0,90.3943939208984,0,0,4.79468584060669,0,0,50.3221740722656,17.973611831665,0,0,155.483596801758,0,8.91788578033447,0,0,48.7834434509277,0,67.0587463378906,3234.52612304688
30111000600,1700.83264160156,28.6979789733887,31.0744152069092,0,0,25.4688739776611,0,0,5.83125114440918,31.4434280395508,0,0,0,0,0,20.3977012634277,0,0,123.963714599609,0,0,1.10803747177124,0,0,22.7744426727295,5.28417301177979,0,0,144.102890014648,0,14.3049669265747,0,0,47.8303565979004,0,4.89305019378662,2208.00805664063
30111000701,2661.017578125,81.8082962036133,41.2368698120117,0,0,22.0880947113037,0,0,23.9646701812744,23.0649242401123,0,0,0,0,0,13.1407051086426,0,0,85.3130874633789,0,0,3.8592746257782,0,0,90.0164260864258,23.8103885650635,0,0,146.601348876953,0,7.42751932144165,0,0,45.5096321105957,0,105.183265686035,3374.04174804688
30111000702,3559.82299804688,37.1027793884277,21.1458263397217,0,0,12.1157083511353,0,0,12.4519548416138,17.4227123260498,0,0,0,0,0,7.97115802764893,0,0,65.3720397949219,0,0,2.51019310951233,0,0,33.0185050964355,10.9706773757935,0,0,132.602752685547,0,5.59132099151611,0,0,28.0767269134521,0,437.997711181641,4384.1728515625
30111000704,2223.12329101563,69.9409103393555,26.8721904754639,0,0,14.2758255004883,0,0,10.7820873260498,13.8333768844604,0,0,0,0,0,9.80900573730469,0,0,55.5668449401855,0,0,1.42571175098419,0,0,44.844554901123,11.7130346298218,0,0,106.769020080566,0,5.93619632720947,0,0,29.0594081878662,0,15.2155895233154,2639.16723632813
30111000705,1887.29870605469,20.9812202453613,8.87856388092041,0,0,5.13198184967041,0,0,13.7975234985352,20.2103710174561,0,0,0,0,0,3.67830157279968,0,0,53.994026184082,0,0,4.59325265884399,0,0,15.6123628616333,8.87301731109619,0,0,87.0559768676758,0,2.40790295600891,0,0,23.6497745513916,0,26.6239013671875,2182.78662109375
30111000706,1405.24206542969,131.16032409668,64.2323989868164,0,0,21.2237434387207,0,0,25.7631587982178,36.4629173278809,0,0,0,0,0,25.8588218688965,0,0,129.567642211914,0,0,7.70706510543823,0,0,106.422897338867,29.8308486938477,0,0,177.09033203125,0,15.7616310119629,0,0,73.0504608154297,0,657.321716308594,2906.69604492188
30111000800,1416.2587890625,116.930839538574,68.2460174560547,0,0,49.0722389221191,0,0,23.6737213134766,24.0746097564697,0,0,0,0,0,19.4204864501953,0,0,98.9029006958008,0,0,1.41375005245209,0,0,159.954010009766,28.4812335968018,0,0,146.787506103516,0,12.5101165771484,0,0,55.3865127563477,0,783.535217285156,3004.64770507813
30111000901,1708.70935058594,173.221878051758,124.360534667969,0,0,76.5754547119141,0,0,54.016731262207,47.5939826965332,0,0,0,0,0,38.608829498291,0,0,199.257034301758,0,0,2.41577529907227,0,0,327.239685058594,49.3200950622559,0,0,262.129791259766,0,28.822582244873,0,0,112.339500427246,0,374.077819824219,3578.689453125
30111000902,2108.62939453125,65.0992126464844,35.4114303588867,0,0,24.5280342102051,0,0,22.0988922119141,22.2170124053955,0,0,0,0,0,11.4344129562378,0,0,82.6889877319336,0,0,2.77225565910339,0,0,102.957550048828,20.471529006958,0,0,129.730026245117,0,8.61079120635986,0,0,41.3138809204102,0,386.890472412109,3064.853515625
30111001000,2659.30126953125,143.136672973633,74.7285537719727,0,0,31.9613647460938,0,0,38.1190605163574,42.6652374267578,0,0,0,0,0,25.3114910125732,0,0,158.11653137207,0,0,6.85470104217529,0,0,180.282501220703,40.4513664245605,0,0,232.567108154297,0,18.405689239502,0,0,86.2496948242188,0,137.224685668945,3875.37622070313
30111001100,3118.6650390625,237.143920898438,110.100883483887,0,0,44.8751411437988,0,0,34.1475944519043,53.4540367126465,0,0,0,0,0,41.7122917175293,0,0,208.756896972656,0,0,8.50937557220459,0,0,142.813781738281,44.8741111755371,0,0,298.737335205078,0,23.637228012085,0,0,114.227508544922,0,114.259986877441,4595.9150390625
30111001200,1550.39440917969,142.543991088867,54.4904632568359,0,0,16.993558883667,0,0,21.4770469665527,31.2369823455811,0,0,0,0,0,23.8357696533203,0,0,112.803146362305,0,0,5.91539192199707,0,0,87.360710144043,26.2542991638184,0,0,161.078506469727,0,11.5604181289673,0,0,62.8413124084473,0,22.4640502929688,2331.25
30111001300,3971.03735351563,90.0382690429688,37.8140907287598,0,0,18.6464214324951,0,0,17.8487529754639,27.1191844940186,0,0,0,0,0,16.0669250488281,0,0,99.2900924682617,0,0,3.58450436592102,0,0,52.1155166625977,17.3651695251465,0,0,183.339477539063,0,8.9321870803833,0,0,49.5809669494629,0,19.4511699676514,4612.22998046875
30111001401,4746.5166015625,197.171371459961,121.637519836426,0,0,108.04940032959,0,0,57.4546585083008,32.4603538513184,0,0,0,0,0,28.6415615081787,0,0,153.055923461914,0,0,3.07031416893005,0,0,260.0966796875,47.3493309020996,0,0,281.124481201172,0,20.6658897399902,0,0,85.6164627075195,0,779.21826171875,6922.12939453125
30111001402,2835.01171875,51.3804702758789,24.7775268554688,0,0,20.8716468811035,0,0,15.048113822937,15.712441444397,0,0,0,0,0,10.6711874008179,0,0,59.2056999206543,0,0,1.60710382461548,0,0,47.4848556518555,11.4874124526978,0,0,116.261390686035,0,7.51928520202637,0,0,29.5852603912354,0,331.778717041016,3578.40283203125
30111001501,2207.37280273438,60.9890823364258,35.5814170837402,0,0,23.5197601318359,0,0,16.4695930480957,11.7037086486816,0,0,0,0,0,8.9263916015625,0,0,52.1435737609863,0,0,1.80021035671234,0,0,75.3675231933594,15.253023147583,0,0,108.448623657227,0,7.91167020797729,0,0,29.1436824798584,0,367.840667724609,3022.47143554688
30111001502,2057.57983398438,56.1894302368164,40.7108612060547,0,0,30.7838687896729,0,0,22.668119430542,14.5705060958862,0,0,0,0,0,8.4992790222168,0,0,54.7395477294922,0,0,1.2975161075592,0,0,79.4358215332031,15.3526802062988,0,0,112.185485839844,0,9.3518180847168,0,0,33.3587684631348,0,430.014465332031,2966.73852539063
30111001702,2370.02880859375,317.758697509766,144.440811157227,0,0,59.411075592041,0,0,50.3857192993164,62.5755081176758,0,0,0,0,0,61.1738929748535,0,0,259.956604003906,0,0,7.67601156234741,0,0,389.691711425781,66.2024078369141,0,0,350.256683349609,0,36.6177062988281,0,0,146.498504638672,0,24.787899017334,4347.46240234375
30111001703,2515.82153320313,47.0744895935059,17.8109188079834,0,0,6.76268434524536,0,0,22.0695419311523,29.885124206543,0,0,0,0,0,7.96260261535645,0,0,79.5426635742188,0,0,7.21666145324707,0,0,39.0087738037109,15.8049716949463,0,0,127.689414978027,0,3.50680732727051,0,0,38.1874313354492,0,262.666320800781,3221.01000976563
30111001704,1644.29162597656,544.998168945313,206.235595703125,0,0,66.0576782226563,0,0,67.5190963745117,70.2021026611328,0,0,0,0,0,106.306571960449,0,0,341.298431396484,0,0,16.6228656768799,0,0,421.265991210938,100.975975036621,0,0,453.115447998047,0,48.1278877258301,0,0,213.330993652344,0,890.5576171875,5190.90576171875
30111001801,3951.546875,44.5232200622559,19.5855159759521,0,0,10.0646448135376,0,0,5.93826055526733,8.59124755859375,0,0,0,0,0,6.92330408096313,0,0,36.5942535400391,0,0,0.540872514247894,0,0,25.1654434204102,6.82160520553589,0,0,120.634918212891,0,4.0801682472229,0,0,18.4903106689453,0,30.8781394958496,4290.37841796875
30111001802,3619.7685546875,72.8640213012695,40.1631088256836,0,0,22.1981239318848,0,0,24.1395683288574,50.9530754089355,0,0,0,0,0,26.110990524292,0,0,172.497833251953,0,0,6.97168779373169,0,0,70.9839019775391,20.2081050872803,0,0,224.635437011719,0,14.0846939086914,0,0,77.2150497436523,0,36.2179718017578,4479.01171875
30111001803,1211.0341796875,53.9459419250488,21.0157222747803,0,0,7.58191299438477,0,0,9.35968208312988,11.6623916625977,0,0,0,0,0,7.41870880126953,0,0,39.1593246459961,0,0,2.39653158187866,0,0,26.5981121063232,9.01915645599365,0,0,72.5295104980469,0,3.86177015304565,0,0,20.9622116088867,0,9.42685031890869,1505.97204589844
30111001804,1679.91430664063,94.0885391235352,42.4853591918945,0,0,12.3464555740356,0,0,13.3412799835205,21.7730331420898,0,0,0,0,0,15.7586450576782,0,0,82.7404174804688,0,0,3.71594500541687,0,0,55.8123741149902,17.9319934844971,0,0,122.961074829102,0,8.62849807739258,0,0,41.3451652526855,0,87.4939575195313,2300.3369140625
30111001901,2759.49658203125,80.659912109375,49.5066261291504,0,0,23.9855346679688,0,0,20.6697902679443,29.4320678710938,0,0,0,0,0,17.0574493408203,0,0,108.300231933594,0,0,4.663161277771,0,0,83.599479675293,21.3957481384277,0,0,163.876129150391,0,12.6326093673706,0,0,51.1022262573242,0,26.6104602813721,3452.98779296875
30111001902,1716.08239746094,105.590202331543,84.0556945800781,0,0,35.2667579650879,0,0,25.5110111236572,40.4606323242188,0,0,0,0,0,19.059757232666,0,0,163.07763671875,0,0,6.1696629524231,0,0,77.6291046142578,31.0871105194092,0,0,187.845443725586,0,16.7978534698486,0,0,68.4874725341797,0,351.491302490234,2928.61206054688
30111940000,3572.38403320313,128.617263793945,55.3594589233398,0,0,41.4550247192383,0,0,30.7476654052734,21.7949123382568,0,0,0,0,0,16.2706565856934,0,0,96.4546585083008,0,0,0.801626443862915,0,0,156.426559448242,27.0977001190186,0,0,186.677444458008,0,11.6233396530151,0,0,52.7729568481445,0,716.532836914063,5115.015625

