Tract,RES1F,RES2F,RES3AF,RES3BF,RES3CF,RES3DF,RES3EF,RES3FF,RES4F,RES5F,RES6F,COM1F,COM2F,COM3F,COM4F,COM5F,COM6F,COM7F,COM8F,COM9F,COM10F,IND1F,IND2F,IND3F,IND4F,IND5F,IND6F,AGR1F,REL1F,GOV1F,GOV2F,EDU1F,EDU2F,TotalSqft
31001965400,2267.82,81.75,48.602,35.812,16.527,0,0,0,0,30.8,17.227,54.531,86.378,29.569,62.861,6.688,0,5.704,29.939,0,0,7.2,3.2,0,0,0,41.713,146.031,54.206,25.842,0,35.834,0,3088.234
31001965500,2277.11,0,92.088,86.972,22.036,11.018,0,0,37.343,54.6,0,157.559,57.107,55.88,52.124,0,0,48.257,221.994,0,0,44.699,2.112,0,1.501,0,45.956,11.185,32.849,0,5.456,18.961,0,3336.807
31001965600,2509.05,185.3,71.624,158.596,38.563,0,80.274,0,1.819,302.8,0,51.793,18.774,58.344,61.627,0,0,25.359,7.429,0,0,12.202,21.925,0,0,0,31.317,23.555,8.581,2.14,0,12.091,499.69,4182.853
31001965700,375.648,0,7.674,235.336,55.09,66.108,0,0,3.633,28.9,12.305,264.341,65.27,167.797,155.298,56.504,350.103,75.14,47.159,4.173,0,140,37,0,0,0,25.872,12.5,88.83,28.865,0,53.286,0,2356.832
31001965800,1277.19,11.99,25.58,40.928,22.036,11.018,0,0,0,0,0,241.18,57.449,37.162,149.198,0,0,11.588,18.019,1.498,0,327.764,53.113,0,0,0,31.969,8.457,14.723,14.766,0,0,0,2355.628
31001965900,2579.23,0,0,15.348,49.581,33.054,53.516,0,0,5,5.671,1216.2,22.684,38.793,80.971,7.383,0,6.709,27.092,0,0,4.2,3.2,0,0,0,27.656,38.078,41.302,2.55,0,32.972,0,4291.189
31001966000,1966.73,196.2,209.756,184.176,33.054,22.036,0,0,106.037,44.1,0,233.258,316.07,226.021,147.971,0.802,8.025,8.284,73.724,3.852,0,556.9,43.137,90.799,41.201,0,83.444,124.257,38.69,25.438,8.025,39.575,0,4831.562
31001966100,334.97,183.12,120.226,291.612,66.108,11.018,53.516,118.05,0,249.9,45.261,42.979,267.917,55.556,31.574,0,0,2.889,8.566,1.819,0,147.9,0,55.5,0,0,25.1,5.67,10.807,4.601,0,21.4,0,2156.059
31001966200,1405.58,44.69,0,25.58,0,0,0,0,4.815,0,0,18.057,59.006,24.834,78.113,0,0,1.14,13.154,0,0,88.499,129.8,5.7,95,0,24.674,191.079,22.427,14.95,0,21.946,0,2269.044
31003979600,1414.36,13.08,0,5.116,0,0,0,0,0,0,0,69.222,27.82,21.561,39.822,8.667,0,8.025,21.8,0,0,11.6,3.1,0,0,0,20.989,58.776,27.777,11.529,2.261,9.054,0,1774.559
31003979700,1050.83,14.17,15.348,40.928,16.527,0,26.758,0,5.565,41.2,25.681,69.047,55.632,46.901,40.68,9.737,0,15.28,20.865,5.029,0,4.3,7.813,0,0,0,9.693,54.042,33.171,28.248,0,30.776,0,1668.221
31003979800,1580.25,120.99,0,15.348,11.018,0,0,0,8.875,4.2,5.564,183.004,93.157,49.098,54.425,15.837,10.7,14.979,18.095,0,0,9.2,9.04,2,0,0,16.987,235.321,38.135,11.9,23.066,36.339,0,2567.528
31005958300,369.972,16.35,0,0,0,0,0,0,0,0,0,11.984,6.838,2.354,3.745,0,0,0,1.431,0,0,0,5.2,0,2.7,0,1.8,22.7,3.21,0.674,0,15.943,0,464.901
31007954000,388.29,44.69,7.674,15.348,5.509,0,0,0,0,0,0,8.779,8.774,0,5.671,2.568,0,0,5.891,0,0,0,1.2,0,0,0,13.3,64.202,5.136,9.416,0,15.622,0,602.07
31009972400,392.16,23.98,0,0,0,0,0,0,8.983,0,0,6.42,17.791,4.815,5.469,4.28,0,0,6.927,0,0,2.8,1.5,0,0,0,8.99,48.08,13.075,5.381,0,13.161,0,563.812
31011960100,2219.32,80.66,5.116,20.464,11.018,11.018,0,0,0,24.5,13.91,140.544,99.416,42.198,46.806,11.945,0,9.876,27.493,0,0,47.105,10.5,2.3,3.1,0,15.112,185.131,43.87,13.53,0,40.339,0,3125.271
31011960200,999.75,18.53,35.812,46.044,22.036,0,53.516,0,10.593,40.8,17.655,95.42,91.311,47.181,52.934,19.259,32.528,10.38,35.524,0,0,28.3,27.04,5.801,0,0,10.722,114.09,46.675,22.09,21.258,27.884,0,1933.133
31013951100,1427.26,218,2.558,10.232,5.509,11.018,0,0,5.457,19.6,13.482,65.397,86.107,38.651,62.441,2.568,21.186,10.271,10.953,0,0,23.7,75.612,1.3,0,0,15.48,266.68,38.284,10.459,0,32.314,0,2474.519
31013951200,2296.72,165.68,161.154,117.668,38.563,44.072,187.306,59.025,22.676,100.1,31.244,43.754,28.542,62.189,45.011,0,55.64,33.056,16.37,0,0,41.246,0,8.5,0,0,45.689,86.805,50.588,1.177,0,64.521,3.638,3810.933
31013951300,1895.01,283.4,138.132,158.596,22.036,44.072,0,0,57.78,3.9,0,272.75,130.121,91.048,218.38,36.166,0,21.719,108.466,8.346,0,29.9,14.012,51.499,0,0,41.209,49.441,74.618,58.693,5.885,63.039,0,3878.218
31015975800,1489.95,221.27,5.116,10.232,16.527,0,0,0,13.589,18.9,62.488,66.531,75.338,32.716,30.138,8.881,13.375,10.591,39.748,1.712,0,15.8,13.9,0,0.65,0,20.552,153.09,46.117,11.175,20.351,56.155,0,2454.892
31017975000,1974.3,73.03,43.486,122.784,0,0,26.758,0,26.215,28,0,163.721,53.442,64.167,115.715,1.926,0,13.725,39.206,0,0,28,8.912,16.3,1,0,25.262,187.638,88.339,51.448,6.897,17.699,1.284,3179.254
31019968900,2118.18,99.19,0,51.16,27.545,0,0,0,9.095,26.6,22.47,62.199,89.082,60.885,73.929,17.058,0,7.058,50.148,0,0,13.902,7.5,32.201,0,0,37.796,302.225,80.311,17,28.945,123.487,0,3357.966
31019969000,2171.84,229.99,17.906,25.58,5.509,11.018,0,0,11.878,0,0,45.001,81.04,73.703,55.278,5.029,0,1.498,30.106,0,0,10.5,6.412,19.998,0,0,46.616,139.576,30.73,8.726,11.306,48.15,0,3087.39
31019969100,2417.98,165.68,20.464,81.856,11.018,22.036,0,0,19.775,16.8,13.696,121.711,134.423,69.064,68.573,9.103,0,10.058,56.896,0,0,19.007,14.486,22.3,2.3,0,35.803,191.33,49.68,18.586,15.829,78.916,0,3687.37
31019969202,1518.59,19.62,58.834,148.364,88.144,121.198,26.758,0,0,0,0,21.061,6.79,14.078,71.98,8.559,0,94.496,6.674,0,0,0,0,0,0,0,56.544,24.287,56.709,0,0,54.393,0,2397.08
31019969203,2749.25,2.18,40.928,35.812,115.689,165.27,26.758,59.025,0,24.1,8.132,316.989,32.207,66.209,107.437,5.03,0,10.716,44.3,12.517,0,91.9,82.925,0,0,0,36.56,45.565,48.256,7.704,0,32.743,0,4168.203
31019969204,2250.79,117.72,89.53,40.928,22.036,66.108,133.79,118.05,49.327,19.7,27.821,246.339,55.229,49.591,117.431,2.996,0,33.864,40.773,1.391,0,0,8.237,0,0,0,50.126,25.401,93.133,31.244,0,29.211,0,3720.766
31019969300,228.33,703.05,30.696,102.32,0,11.018,26.758,0,0,31.5,42.8,131.217,210.239,42.783,36.169,6.313,0,1.926,0,0,0,617.4,21.424,0,0,0,110.921,15.76,8.774,4.601,0,4.708,10.789,2399.496
31019969400,1994.34,19.62,71.624,173.944,115.689,66.108,26.758,0,7.057,56,21.507,144.811,30.495,109.969,88.371,1.284,72.44,102.536,36.79,0,0,5.7,25.312,0,0,0,33.394,14.175,57.21,25.743,0,34.133,6.419,3341.429
31019969500,882.36,0,181.618,102.32,137.725,11.018,0,0,3.103,92.4,37.557,550.305,92.555,172.994,153.25,64.702,16.478,50.17,124.674,0,0,31.342,88.8,14.2,0,0,44.675,5,93.379,18.297,52.123,26.749,0,3047.794
31019969600,954.428,301.93,237.894,204.64,132.216,143.234,53.516,0,0,631.4,0,93.332,5.35,47.494,44.252,2.362,0,8.219,33.75,1.287,0,13.1,36.9,0,0,0,37.471,0.94,33.896,23.861,0,38.948,12.198,3092.618
31019969700,2792.08,79.57,86.972,138.132,88.144,22.036,80.274,0,213.36,29.9,2.996,212.854,423.175,153.242,175.61,20.865,0,18.404,117.705,17.015,0,14.56,11.373,13.101,9.1,0,87.828,25.871,42.735,28.034,0,14.382,28.89,4948.209
31021963200,1368.43,43.6,20.464,30.696,33.054,22.036,0,0,3.633,26.6,0,42.107,33.433,39.903,40.705,6.206,0,7.276,45.748,0,0,6.7,6.612,10.3,0,0,15.087,227.06,47.079,7.873,0,16.157,0,2100.759
31021963300,1559.35,186.39,20.464,30.696,27.545,0,0,0,2.996,28.7,15.515,99.224,37.421,36.969,76.672,11.021,0,8.772,31.345,0,0,12.805,31.625,0,0,0,24.42,96.366,45.004,10.837,0,21.721,0,2415.857
31021963400,1320.7,115.54,10.232,35.812,5.509,11.018,0,0,0,30.1,16.05,57.476,76.032,23.99,45.133,5.671,0,6.634,18.832,0,0,1.7,2.499,6.4,0,0,82.462,127.167,31.328,5.525,13.568,16.906,0,2066.284
31023967600,2380.82,213.64,2.558,10.232,0,0,0,0,90.822,0,0,28.972,33.16,30.066,43.389,0,0,0,34.953,1.498,0,28.101,6.625,5,0,0,24.97,212.638,21.357,5.525,37.538,31.781,0,3243.645
31023967700,1446.09,62.13,25.58,112.552,16.527,22.036,0,0,13.263,103.1,0,101.635,15.943,71.799,71.763,10.272,4.066,10.058,33.615,1.498,0,87.2,23.324,37.1,0,0,23.434,44.961,36.572,113.13,28.04,27.244,0,2542.932
31023967800,1387.01,41.42,7.674,10.232,5.509,0,0,0,0,0,0,11.961,37.417,18.789,24.36,4.387,0,0,17.481,0,0,1.7,0,1.8,0,0,17.772,150.309,43.118,5.525,26.683,43.508,0,1856.655
31025965600,1976.54,78.48,97.204,56.276,22.036,55.09,0,59.025,10.486,105.6,147.446,156.009,55.531,86.036,108.112,22.256,0,18.689,73.38,0,0,28.5,14.7,4.199,0,0,57.522,28.985,100.995,21.438,4.523,83.245,0,3472.303
31025965700,3128.51,68.67,7.674,10.232,5.509,22.036,0,0,0,48.3,17.334,68.945,50.233,29.113,62.386,8.025,0,7.274,34.02,4.494,0,11.705,2.312,0,2,0,44.374,83.05,36.507,17.628,0,99.082,0,3869.413
31025965800,2297.4,79.57,0,5.116,0,0,0,0,8.132,0,0,94.384,69.482,31.421,54.473,4.815,0,2.846,76.333,0,0,37.807,3.1,11.9,1.9,0,30.508,118.206,9.416,27.796,11.759,20.009,0,2996.373
31025965900,2869.99,114.45,20.464,56.276,0,0,0,0,5.35,0,0,109.429,112.894,79.854,56.452,25.894,0,11.052,34.766,1.498,0,3.3,4.337,36.8,26.2,0,32.075,104.646,61.417,19.619,0,45.261,0,3832.024
31025966000,2662.56,244.16,12.79,5.116,0,0,0,0,0,0,0,44.419,37.904,31.032,54.438,8.988,0,2.745,11.342,0,0,14.902,0,2.5,0,0,31.836,78.809,32.399,7.65,1.357,23.434,0,3308.381
31025966100,2068.13,298.66,81.856,25.58,22.036,22.036,107.032,0,0,0,0,41.243,9.095,35.116,53.941,0,0,0,15.353,4.601,0,33.15,11.024,0,0,0,36.773,13.606,23.327,0,0,18.083,0,2920.641
31027977100,2388.31,250.7,25.58,46.044,16.527,11.018,0,0,8.453,33.3,7.169,145.9,124.849,56.943,115.896,13.268,0,11.021,70.997,1.498,0,57.702,11.8,5.7,5.5,0,104.767,276.045,45.049,22.174,7.688,35.203,0,3899.101
31027977200,2614.83,37.06,5.116,117.668,27.545,22.036,0,0,12.84,65.1,37.557,93.517,109.374,68.726,58.248,23.005,0,7.49,36.655,0,0,22.1,11,57.799,0,0,47.149,289.443,68.926,22.372,19.9,92.341,0,3967.797
31029961900,2304.97,130.8,20.464,71.624,44.072,0,26.758,0,27.28,46.2,24.931,160.95,200.007,65.704,83.183,23.005,0,13.691,79.925,1.605,0,47.405,10,10.7,3.7,0,29.481,216.02,51.338,48.486,28.944,175.908,1.391,3948.542
31031955800,2734.28,112.27,66.508,71.624,27.545,33.054,26.758,0,86.741,36,15.194,309.143,95.135,41.538,75.648,12.626,30.495,25.943,59.447,7.918,0,24.212,18.212,10.5,0.64,0,43.626,65.628,87.312,33.993,9.498,84.452,1.391,4247.332
31031955900,1070.7,50.14,0,0,0,0,0,0,18.822,2.1,0,41.901,13.375,10.642,5.292,0,0,0,17.013,0,0,8,0,0,0,0,15.9,45.83,2.996,1.131,0,12.947,0,1316.789
31033954800,2210.54,163.5,0,81.856,11.018,11.018,0,0,28.141,2.8,0,92.462,312.318,65.301,54.674,8.453,0,9.119,54.004,1.391,0,104.306,2.4,30.1,136.8,0,13.434,240.068,53.927,14.025,18.09,81.857,3.959,3805.561
31033954900,2052.39,100.28,158.596,117.668,16.527,44.072,53.516,0,12.413,28.7,11.663,70.973,54.652,63.109,75.207,2.033,0,5.992,15.546,5.029,0,7.299,1.3,0,1.581,0,66.358,50.056,66.768,7.169,3.638,107.535,0,3200.07
31033955000,1622.3,25.07,86.972,35.812,22.036,11.018,80.274,0,5.885,35.7,0,253.496,630.904,59.18,88.64,37.878,136.96,12.84,74.224,2.676,0,21.2,9,0,2.9,0,20.604,26.843,33.704,49.805,0,3.596,12.305,3401.822
31035962100,2074.32,29.43,43.486,133.016,27.545,11.018,0,0,12.305,44.1,34.668,103.058,96.086,31.846,68.829,16.264,0,8.432,41.951,0,0,58.3,6.912,6.3,0,0,33.802,169.319,49.69,9.884,8.141,198.883,0,3317.585
31035962200,1677.26,87.2,35.812,35.812,11.018,0,0,0,7.169,20.1,5.029,80.691,77.495,42.553,70.467,10.379,0,5.007,23.439,0,0,0,12.161,5.3,5,0,32.359,226.497,80.201,64.755,21.627,66.954,6.474,2710.759
31037964600,1509.04,20.71,10.232,56.276,16.527,0,0,0,19.897,28.7,5.564,58.827,520.604,49.269,35.868,15.729,0,4.815,42.23,2.461,0,9.6,3.8,3.3,0,0,23.674,95.245,32.913,6.922,21.708,56.67,0,2650.581
31037964700,1074.31,109,0,0,0,0,0,0,11.021,5.6,0,24.182,157.826,12.822,42.045,0,0,0,2.147,0,0,5.5,15.637,0,0,0,14.32,137.447,46.224,0,0,19.904,0,1677.985
31037964800,2439.13,203.83,66.508,107.436,77.126,11.018,26.758,0,0,41.3,7.597,194.753,66.204,96.435,63.222,0.803,50.825,10.486,77.822,0,0,7.4,1.3,167.1,0,0,50.313,63.402,70.898,16.068,0,64.427,0,3982.161
31039972700,1542.07,47.96,5.116,40.928,22.036,0,0,0,5.564,25.9,14.124,65.067,78.993,64.646,54.23,6.206,0,12.975,8.071,0,0,6.205,7.025,8.3,18.3,0,24.489,345.442,45.303,5.436,0,23.112,0,2477.498
31039972800,2436.55,138.43,15.348,61.392,16.527,0,0,0,14.552,34.3,14.338,200.329,207.961,104.792,136.366,14.124,53.5,25.617,79.922,0,0,46.1,12.9,126.098,0,0,73.529,169.476,43.228,29.6,2.354,71.368,0,4128.701
31039972900,1321.22,40.33,10.232,15.348,11.018,0,0,0,5.564,30.8,18.404,79.427,64.141,41.848,50.208,20.766,0,2.141,17.569,0,0,46.1,2.6,3,0,0,28.624,165.96,38.648,18.573,15.829,33.277,0,2081.627
31041971700,1963.12,127.53,0,10.232,0,0,0,0,14.442,0,5.671,91.806,56.417,36.44,41.019,4.173,0,2.85,29.223,0,0,60.582,6.2,5.2,0,0,23.121,260.412,44.63,7.384,19.446,25.937,0,2835.834
31041971800,2114.57,74.12,0,25.58,11.018,0,0,0,3.21,16.8,12.626,70.075,56.146,32.03,29.077,10.55,16.371,5.136,22.118,0,0,13.704,10.587,2.7,1.1,0,23.911,176.31,43.142,5.1,17.186,114.169,0,2907.336
31041971900,2235.05,26.16,76.74,189.292,22.036,11.018,80.274,0,23.647,69.2,6.299,240.66,93.198,109.661,153.107,21.079,107,22.096,93.93,2.675,0,69.6,15,9,0,0,30.695,46.54,104.657,45.372,2.354,75.435,1.391,3983.166
31041972000,1000.01,73.03,12.79,35.812,0,0,0,0,5.243,0,0,9.393,8.314,7.896,25.312,10.699,0,0,1.07,0,0,8,0,3,0,0,18.069,42.675,17.184,2.55,0,7.553,0,1288.6
31043010100,1884.52,214.73,69.066,214.872,38.563,154.252,214.064,0,47.292,8.4,0,179.955,135.472,108.745,102.994,6.634,12.626,8.773,68.86,0,0,235.402,63.249,3.8,46.9,0,51.179,6.8,52.654,38.104,10.058,11.235,0,3989.199
31043010200,2530.21,74.12,53.718,271.148,27.545,132.216,53.516,59.025,23.644,87.3,22.149,116.845,122.73,90.904,188.118,47.564,0,26.361,43.804,0,0,85.2,42.2,45.299,0,0,29.132,22,65.912,25.567,0,70,4.601,4360.828
31043010300,1718.28,345.53,89.53,20.464,22.036,11.018,0,0,18.618,12.1,0,255.851,86.615,101.089,55.512,4.601,0,6.56,33.813,0,0,25.399,33,38.898,0,0,59.041,24.253,26.922,13.146,10.854,14.338,0,3027.468
31043010400,1739.69,141.7,17.906,10.232,11.018,0,0,0,1.177,24.5,12.52,35.873,76.98,23.254,78.266,8.346,0,5.13,11.816,0,0,22.1,9.2,8,2.371,0,55.085,153.219,13.824,2.975,0,11.343,0,2476.525
31045950600,1837.22,272.5,5.116,25.58,0,11.018,0,0,29.318,186.2,21.401,72.15,73.175,87.181,72.055,4.386,0,8.702,48.336,0,0,7.201,6.599,3,17.3,0,27.748,127.69,31.777,25.453,14.02,65.442,1.177,3081.745
31045950700,2236.77,308.47,184.176,15.348,110.18,110.18,53.516,59.025,44.298,357.2,43.228,340.176,296.053,167.343,180.382,15.301,48.043,38.67,141.992,1.497,0,32.705,17.225,9.3,4.9,0,63.821,25.874,114.94,52.825,0,20.566,1070,6164.003
31047968000,1120.24,247.43,2.558,40.928,0,0,0,0,0,0,0,87.517,82.498,40.423,40.818,4.194,0,8.239,23.737,0,0,5.4,9.262,53.4,5.561,0,7.45,178.898,8.517,7.13,8.14,36.38,0,2018.72
31047968100,981.432,19.62,0,0,0,0,0,0,0,0,0,14.743,58.713,10.632,35.484,0,0,0,0,0,0,3,0,14.4,0.88,0,12.262,160.369,42.733,0,0,23.779,0,1378.047
31047968200,2047.23,124.26,0,71.624,16.527,44.072,53.516,0,48.466,51.1,4.173,205.773,214.986,79.952,114.793,11.984,29.96,19.689,50.135,2.996,0,67.704,37.012,26.3,0,0,43.567,97.512,70.192,14.919,0,30.409,0,3578.851
31047968300,2040.95,149.33,46.044,35.812,38.563,77.126,53.516,0,11.342,62.3,0,200.686,41.603,72.737,102.213,21.079,58.85,14.766,72.103,5.885,0,22.213,8.912,39.4,0,1.429,41.276,46.009,102.892,8.09,3.21,76.719,0,3455.055
31047968400,1702.28,257.24,7.674,97.204,38.563,77.126,0,59.025,50.395,24.5,20.705,181.616,70.884,44.006,55.487,0,41.73,3.638,68.265,0,0,110.399,9,5.599,0,0,55.58,32.904,33.49,0.46,0,42.479,0,3090.249
31047968500,1782.26,142.79,28.138,86.972,104.671,99.162,0,118.05,21.507,14.4,2.675,153.21,68.771,94.506,99.885,19.855,0,30.73,48.246,4.815,0,16.102,13.9,8.1,0,0,31.042,15.771,91.87,93.474,10.807,56.09,2.568,3260.367
31047968600,1481.44,124.26,0,10.232,0,0,0,0,28.569,0,1.164,20.595,26.624,36.135,52.232,4.601,0,0,6.099,0,0,2.6,0,0.9,0,0,4.872,130.41,5.093,1.275,13.115,6.464,0,1956.68
31049955400,1239.69,59.95,7.674,20.464,0,0,0,0,21.609,15.4,21.4,99.935,28.121,38.255,43.632,5.35,0,7.5,23.297,0,0,9.605,7.136,0,0,0,13.625,101.894,56.152,4.152,11.759,46.866,0,1883.466
31051977600,1535.62,83.93,20.464,10.232,11.018,11.018,0,0,1.926,24.6,14.338,16.882,34.339,36.628,38.724,10.914,0,3.103,16.022,0,0,3.7,4.575,2.2,0,0,18.8,92.744,31.586,20.745,4.841,34.347,0,2083.296
31051977800,1885.46,71.94,10.232,51.16,33.054,22.036,0,0,0,27.3,0,57.084,93.963,68.798,60.3,5.35,0,5.061,20.347,0,0,18.42,3.413,37.399,0,0,31.241,174.754,50.418,28.026,38.536,41.154,0,2835.446
31053963600,2830.26,192.93,48.602,71.624,22.036,33.054,0,0,0,86.1,36.166,124.754,101.077,71.494,79.323,16.264,0,17.402,66.165,0,0,352.811,22.8,21.799,0,0,57.697,240.838,60.99,17.85,19.9,60.632,0,4652.567
31053963700,1674.94,179.85,15.348,46.044,5.509,0,0,0,0,33.6,17.976,64.715,58.736,27.47,40.034,6.314,0,5.599,27.521,0,0,94.2,4.2,3,0.9,0,18.817,165.616,30.174,5.806,0.452,53.35,0,2580.17
31053963800,1683.97,348.8,102.32,25.58,154.252,77.126,133.79,295.125,84.894,278.4,58.957,400.956,203.754,97.622,148.001,10.914,32.849,189.675,97.573,2.675,0,70.703,18.4,0,13.4,0,70.533,44.195,35.096,29.99,0,53.179,0,4762.729
31053963900,1639.33,40.33,86.972,173.944,60.599,11.018,53.516,177.075,3.317,0,114.062,58.165,22.577,41.784,101.421,0,0,2.14,8.56,0,0,103.1,15.4,0,0,0,50.989,22.556,47.882,1.006,0,13.054,0,2848.797
31053964000,1955.12,0,135.574,0,0,0,0,0,0,42.2,0,74.043,23.005,43.257,35.701,23.219,0,34.626,24.896,0,0,0,3.2,0,0,0,6.185,6.4,12.412,3.21,5.457,12.412,0,2440.917
31053964100,2591.09,0,79.298,25.58,0,0,0,0,60.883,4.4,0,127.949,31.137,63.959,67.532,10.391,0,7.769,59.599,0,0,1.9,31.381,0,1.8,0,35.54,18.899,28.891,0,0,39.804,0,3287.802
31053964200,1859.66,0,179.06,158.596,93.653,0,26.758,0,0,112.8,0,294.794,104.637,142.757,270.791,27.285,0,26.022,60.106,2.461,0,37.816,80.4,21.7,0,0,59.371,27.886,57.438,113.662,4.922,41.623,31.565,3835.763
31053964300,2467.25,9.81,120.226,189.292,38.563,66.108,26.758,59.025,0,0,0,48.102,120.988,87.088,98.814,3.531,0,12.861,190.967,1.498,0,254.504,15.725,0,0,0,37.731,19.036,59.385,2.354,0,30.495,0,3960.111
31053964400,1587.99,232.17,10.232,40.928,22.036,0,0,0,1.925,1.2,0,35.901,168.406,41.613,39.644,1.284,0,1.14,22.838,0,0,51.5,10.401,231.699,10.5,0,74.692,6.696,0,2.568,3.638,11.877,0,2610.878
31055000200,1942.22,0,0,10.232,27.545,33.054,0,0,7.811,64.4,197.95,52.85,37.236,76.202,51.659,5.029,0,17.334,20.972,0,0,7.8,24.9,0,0,0,51.15,9.246,25.101,14.799,0,15.301,0,2692.791
31055000300,1060.21,0,30.696,0,0,0,0,0,0,0,0,13.375,1.333,15.265,6.084,0,0,0,18.404,0,0,2.2,0,0,0,0,8.634,1.4,5.093,0,0,14.659,0,1177.353
31055000400,755.94,381.5,0,0,0,0,0,0,1.712,0,0,11.663,523.123,12.354,103.374,0,0,0,14.798,0,0,65.399,131.367,59.4,19.4,0,31.777,6,11.021,0,0,13.91,0,2142.738
31055000500,412.8,34.88,7.674,0,11.018,11.018,53.516,177.075,32.314,345.8,0,241.281,699.414,163.709,1270.99,2.362,0,0,15.408,0,0,456.648,44.1,17.2,5,0,73.363,0,8.132,22.855,0,0,0,4106.557
31055000600,618.254,0,0,0,16.527,0,0,59.025,0,0,0,11.556,0,20.493,10.309,4.601,0,5.564,6.673,0,0,150,0,0,0,0,1.94,0,24.932,0,0,7.169,0,937.0431
31055000700,545.584,0,10.232,0,22.036,11.018,0,59.025,0,0,0,41.79,61.097,29.98,6.373,0,0,0,9.095,0,0,64.4,0,0,0,0,12.845,0,7.704,0,0,2.354,0,883.5329
31055000800,879.952,0,0,56.276,0,0,0,0,0,0,0,8.16,10.593,42.546,58.504,0,0,0,12.626,0,0,91.812,32.745,0,11.5,0,41.74,1.971,34.24,1.712,0,30.816,0,1315.193
31055001100,887.692,0,76.74,81.856,71.617,99.162,0,0,5.457,5.6,0,23.555,11.984,99.638,33.4,0,0,3.424,29.391,0,0,0,13.649,0,0,0,1.544,3,129.17,14.017,0,9.416,4.494,1604.806
31055001200,775.462,0,38.37,168.828,77.126,77.126,26.758,0,0,355.6,0,45.322,34.22,116.014,74.926,0,0,6.313,16.23,3.531,0,95,100.737,54,0,0,34.38,0,76.974,0,0,36.915,0,2213.832
31055001600,7.826,0,0,15.348,16.527,0,0,59.025,119.84,973.4,0,29.052,51.389,91.472,400.751,37.365,142.525,199.839,245.351,0,0,8.8,518.612,227.983,3,0,11.617,1.7,41.879,24.901,0,40.874,479.883,3748.959
31055001800,297.732,0,97.204,51.16,33.054,154.252,240.822,1062.45,82.818,133.7,0,280.326,421.648,159.618,3689.31,143.579,0,22.11,415.401,17.227,0,40.609,201.133,1915.63,0,2,75.906,11.686,61.354,335.822,11.021,10.7,6.42,9974.691
31055001900,149.124,0,43.486,25.58,121.198,66.108,187.306,354.15,17.655,0.7,0,32.403,32.48,28.549,101.152,0,8.239,7.169,97.37,0,0,13.4,72.147,0,0,0,41.1,0.95,115.346,4.494,0,0,0,1520.106
31055002000,1325.86,0,148.364,56.276,22.036,33.054,0,0,0,0,0,63.372,137.923,55.331,44.122,5.029,0,10.198,25.585,0,0,141.801,10.85,60,0,0,47.672,4.8,7.49,1.7,0,22.791,0,2224.254
31055002100,911.256,0,66.508,56.276,0,22.036,0,118.05,3.638,14,0,78.416,154.722,80.065,37.023,0,0,3.745,15.729,0,0,16.7,24.325,0,0,0,45.229,0,28.226,0,0,6.638,0,1682.582
31055002200,434.472,18.53,173.944,97.204,33.054,0,0,0,0,77.2,0,7.36,13.317,164.936,12.893,0,0,1.14,38.734,0,0,0,0,1.098,0,0,0.772,0,14.231,19.55,0,0,15.836,1124.271
31055002300,835.92,18.53,135.574,92.088,11.018,22.036,0,59.025,0,125.3,49.22,19.795,1.926,9.095,17.972,0,0,9.844,35.31,0,0,50.8,12.7,0,0,0,4.622,5,8.453,0,0,0,0,1524.228
31055002400,1502.59,0,28.138,61.392,44.072,11.018,26.758,0,0,8.4,0,43.008,31.808,14.795,28.721,0,7.062,0,34.196,0,0,8.2,0,0.98,0,0,6.817,11.321,17.762,0,0,25.694,0,1912.732
31055002500,1202.54,0,38.37,76.74,0,11.018,0,0,0,0,0,8.881,13.171,7.838,103.334,1.07,0,0,18.083,0,0,106.8,0,0,0,0,8.839,1.56,17.762,0,0,0,0,1616.006
31055002600,788.19,0,12.79,15.348,0,11.018,26.758,0,0,0,0,12.519,8.667,6.772,6.646,0,0,0,8.138,0,0,0,0,0,0,0,6.285,0,30.923,0,0,34.775,0,968.8289
31055002700,790.77,0,58.834,40.928,49.581,44.072,0,0,0,8.4,5.671,35.21,6.067,28.474,29.329,4.28,14.012,0,38.853,0,0,0,3.2,0,0,0,1.545,0,49.412,0,0,8.667,0,1217.305
31055002800,1418.74,0,12.79,25.58,16.527,33.054,26.758,0,0,0,0,25.792,9.406,19.561,19.284,0,0,0,22.442,0,0,0,0,0,0,0,17.712,0.66,18.937,0,0,24.182,0,1691.425
31055002900,1763.34,19.62,99.762,71.624,77.126,0,0,0,0,81.9,0,62.991,192.535,92.139,82.761,0,0,2.033,23.75,0,0,15.305,8.537,6,0,0,29.6,0,61.3,7.17,0,50.301,0,2747.794
31055003000,3073.55,0,79.298,127.9,0,33.054,0,0,0,0.7,0,20.707,31.03,30.822,49.112,3.531,0,1.71,20.576,0,0,0,5.2,0,0,0,26.662,5.036,38.734,1.284,0,20.544,0,3569.45
31055003100,1434.22,13.08,63.95,122.784,93.653,0,0,59.025,0,11.2,0,66.88,765.77,82.528,46.292,6.42,0,15.087,75.644,11.556,0,17.201,93.886,264.3,0,0,39.017,14.6,29.617,0,0,11.77,60.241,3398.721
31055003200,668.736,0,17.906,97.204,16.527,77.126,53.516,177.075,0,2.4,0,72.547,73.654,76.155,36.568,12.947,0,44.511,33.577,0,0,25,51.949,14.199,0,0,52.626,1.971,43.163,19.975,0,0.664,0,1669.996
31055003300,865.59,0,76.74,30.696,0,0,0,0,0,3.9,0,19.609,306.341,45.31,11.758,0,0,0,10.779,0,0,6.2,0,0,146,0,12.15,1.9,5.885,69.783,0,6.42,0,1619.061
31055003401,1764.2,0,51.16,173.944,60.599,77.126,0,0,3.633,1.2,0,27.248,15.495,86.035,84.216,39.843,4.708,9.63,16.856,2.568,0,0,12.7,0,0,0,40.717,2.4,29.746,0.76,0,18.725,0,2523.509
31055003402,1380.82,0,51.16,46.044,16.527,0,53.516,0,0,0,0,15.521,5.671,15.164,14.887,0,0,0.942,0,0,0,0,92.149,0,0,0,23.704,3.5,3.317,0,0,0,0,1722.922
31055003500,2448.42,0,53.718,0,44.072,121.198,107.032,59.025,0,15.4,0,43.5,44.726,37.723,79.952,6.848,0,20.437,28.558,0,0,1.5,0,0,0,0,16.25,9.046,32.699,0,0,75.375,0,3245.479
31055003600,2911.79,10.9,0,0,5.509,33.054,0,0,0,0,0,75.817,36.565,159.861,58.151,7.494,0,6.883,32.047,0,0,22.305,1.852,0,0,0,43.127,5.181,17.334,65.367,0,15.345,0,3508.582
31055003700,1640.88,0,0,0,0,11.018,0,0,0,0,1.164,40.99,8.303,23.589,19.836,0,0,3.403,10.284,0,0,3.6,6.1,0,0,0,26.85,1.1,15.066,0,0,42.8,0,1854.983
31055003800,973.692,0,71.624,291.612,269.941,88.144,26.758,177.075,0,199.3,0,12.996,7.383,90.259,43.785,0,0,7.918,42.675,5.35,0,0,12.5,0,0,0,14.909,4.5,33.705,23.433,0,36.915,0,2434.474
31055003900,453.392,40.33,89.53,117.668,198.324,99.162,160.548,0,0,2.8,0,51.067,6.099,43.242,27.25,0,0,2.14,13.803,0,0,7,18,0,0,0,1.8,2.957,11.235,0,0,0,0,1346.347
31055004000,282.51,0,76.74,342.772,198.324,253.414,187.306,413.175,5.457,142.1,8.774,231.563,197.375,116.905,274.629,23.657,16.05,1.605,110.217,1.286,0,14.4,181.712,0,0,0,60.635,0,85.598,13.91,0,22.791,28.771,3291.676
31055004200,307.02,0,109.994,184.176,170.779,99.162,26.758,0,0,10.3,15.635,26.75,7.967,20.941,230.899,0,0,3.21,23.974,0,0,25.2,172.2,0,9.2,0,20.9,0,12.412,0,0,0,0,1477.477
31055004300,550.744,0,94.646,276.264,264.432,154.252,347.854,118.05,10.7,126.3,31.03,43.803,40.159,139.873,212.594,0,18.725,30.088,25.556,0,0,14,67.425,7.6,0,0,44.142,0.986,24.417,18.19,0,0,7.169,2668.999
31055004400,842.628,0,38.37,15.348,22.036,0,0,0,0,7,7.383,148.628,27.917,93.036,823.175,36.413,149.907,263.264,63.417,0,0,0,5.2,0,0,0,21.172,5.6,41.618,0,0,19.946,319.716,2951.774
31055004500,1519.1,0,46.044,56.276,22.036,33.054,26.758,295.125,0,0,0,33.71,8.658,31.928,513.714,0,0,14.332,12.744,1.498,0,1.5,0,3,0,0,16.19,6.016,11.021,0,0,14.124,0,2666.828
31055004600,1135.72,30.52,0,40.928,27.545,77.126,80.274,0,0,0,0,74.543,88.596,10.593,92.104,0,0,6.737,28.569,0,0,0,0,0,0,0,5.945,1.896,20.544,13.696,0,1.712,1.284,1738.332
31055004700,1412.03,0,0,0,0,0,26.758,0,0,380.8,0,36.808,3.424,25.217,118.039,21.4,0,10.47,26.779,0,0,0,3.9,0,0,0,6.872,2.21,54.501,0.706,0,46.652,31.993,2208.559
31055004800,1377.46,47.96,71.624,179.06,424.193,308.504,26.758,118.05,0,0,0,93.015,2.14,43.609,92.249,1.284,0,21.24,126.228,6.634,0,2.805,5,3,0,0,25.447,7.556,0,1.712,0,17.762,0,3003.289
31055004900,1130.47,0,145.806,250.684,280.959,363.594,240.822,59.025,0,74.9,5.35,122.818,95.104,74.281,56.7,2.889,1.926,7.597,37.685,0,0,143.505,10.525,11.999,0,0,58.04,131.35,53.157,19.125,0,16.435,0,3394.746
31055005000,955.632,41.42,235.336,266.032,385.63,231.378,107.032,0,5.885,12.6,0,29.109,7.849,17.43,61.925,0,0,21.507,14.766,0,0,0,10.3,1,0,0,21.077,0,50.611,0,0,179.011,0,2655.53
31055005100,639.668,0,166.27,214.872,115.689,88.144,53.516,59.025,20.544,12.3,0,9.63,16.03,18.692,26.755,0,0,20.066,10.92,0,0,0,1.4,0,0,0,6.645,0,7.597,12.84,0,69.229,12.733,1582.565
31055005200,520.988,0,0,0,27.545,33.054,0,0,0,0,0,43.228,5.242,16.488,5.648,0,0,0,0,0,0,0,0,0,0,0,0,0,73.616,0,0,15.301,0,741.11
31055005300,972.402,14.17,0,0,0,11.018,0,118.05,0,0,0,19.907,80.085,34.379,27.067,0,0,0,9.095,0,0,22.5,4.7,0,0,0,36.6,0,10.914,0,0,15.301,0,1376.188
31055005400,1344.01,9.81,7.674,10.232,33.054,66.108,0,0,0,0,0,1.391,7.48,17.566,16.127,0,0,0,2.329,0,0,41.5,0,0,0,0,12.365,4.2,45.689,0,0,0,0,1619.535
31055005500,3109.42,0,143.248,0,77.126,11.018,0,0,0,3.5,0,33.847,5.447,30.319,51.727,0,0,2.641,11.596,0,0,1.7,3.112,0,0,0,24.981,3.886,14.808,0,0,16.05,0,3544.426
31055005600,2358.89,0,38.37,107.436,71.617,11.018,53.516,0,0,91,34.454,190.061,26.799,65.005,30.911,0,0,12.733,45.481,3.852,0,10.605,6.5,3.9,0,0,19.267,1.971,43.442,0,0,28.248,0,3255.076
31055005700,1996.15,10.9,71.624,173.944,49.581,22.036,0,118.05,0,60.2,0,86.517,26.582,68.313,37.192,31.993,1.177,13.857,46.5,0,0,0,22.312,0,0,0,33.442,5.838,75.433,0,0,45.903,0,2997.544
31055005800,2099.86,33.79,15.348,61.392,60.599,165.27,80.274,0,0.642,21,0,15.041,13.189,49.383,29.465,0,0,6.986,1.56,2.572,0,0,5.9,0,0,0,15.33,3.03,41.109,0,0,54.356,0,2776.096
31055005901,1135.03,7.63,0,0,0,44.072,26.758,0,9.63,0,0,6.369,7.276,28.757,8.358,0,0,0,0,0,0,0,0,0,0,0,1.772,1.2,43.652,0,0,1.992,0,1322.496
31055005902,1033.03,0,0,25.58,0,0,0,0,0,12.6,0,8.965,12.782,37.69,77.446,0,0,1.91,10.024,0,0,60,1.012,8.2,0,0,96.7,0.95,34.09,0,0,49.755,0,1470.734
31055006000,1778.57,11.99,10.232,92.088,38.563,0,80.274,0,0,27,0,41.477,9.095,32.414,29.537,5.243,48.406,0,6.955,0,0,0,0,0,0,0,4.184,2.55,35.352,25.5,0,31.865,0,2311.295
31055006101,971.37,0,2.558,0,132.216,0,0,0,11.771,3.5,0,14.929,0,12.857,14.389,0,0,0,2.033,0,0,0,2.025,0,0,0,4.31,0,2.996,0,0,3.745,0,1178.699
31055006102,1915.65,0,63.95,46.044,0,0,0,0,5.449,12.8,0,7.518,0,32.071,12.981,0,0,0,15.195,0,0,1.402,0,0,0,0,4.12,0,46.798,2.675,0,35.845,10.379,2212.877
31055006202,2339.29,0,12.79,0,0,33.054,53.516,59.025,0,50.4,21.4,45.781,10.457,43.593,55.872,2.953,1.926,0,48.865,2.996,0,0,6.2,0,0,0,20.987,4.076,59.128,1.883,0,31.993,0,2906.185
31055006301,1088.67,7.63,0,0,44.072,22.036,26.758,118.05,0,2.8,0,6.583,41.556,23.218,61.477,0,0,0,8.205,0,0,1.6,3.6,0,0,0,15.568,5.21,99.296,0,0,14.659,0,1590.988
31055006302,1750.27,0,61.392,46.044,143.234,99.162,0,0,0,43.2,0,89.359,14.698,44.316,36.171,17.655,0,8.63,7.383,0,0,0,1,0,0,0,7.834,3.686,118.77,2.125,0,14.681,0,2509.61
31055006303,1462.6,0,15.348,51.16,88.144,0,0,0,0,3.5,0,27.63,3.103,20.871,38.874,0,0,0,15.487,0,0,2.1,0,0,0,0,5.75,6.08,15.75,0,0,0,0,1756.397
31055006400,2862.25,0,102.32,0,16.527,0,0,59.025,19.902,8.4,0,61.525,15.173,39.455,51.102,0,0,4.243,82.518,0,0,0,7.5,0,0,0,41.674,1.29,31.886,4.25,0,57.245,0,3466.285
31055006503,1622.3,0,0,10.232,5.509,0,0,0,0,0,0,30.036,45.193,80.092,40.656,0,0,3.424,52.285,3.852,0,0,11,10.999,0,0,50.075,7.546,102.024,0,0,40.874,0,2116.097
31055006504,1720,0,76.74,15.348,22.036,88.144,53.516,177.075,0,74.7,287.83,86.698,200.615,103.62,195.76,3.21,0,8.881,18.832,0,0,30.107,8.3,0,0,0,130.906,19.16,28.997,0,0,15.729,0,3366.204
31055006505,820.698,0,0,15.348,0,33.054,0,177.075,7.383,108.3,0,6.262,3.424,62.605,17.822,0,233.367,72.204,58.705,0,0,0,1.88,0,0,0,15.1,2.51,86.037,6.375,0,29.554,0,1757.703
31055006506,1308.06,0,10.232,30.696,5.509,55.09,80.274,118.05,0,78.4,28.034,6.527,16.945,32.263,21.263,0.642,0,3.21,7.811,0,0,2.702,0,0,0,0,14.797,4,26.921,0,0,26.964,0,1878.39
31055006602,1921.58,18.53,0,102.32,269.941,275.45,508.402,590.25,52.216,31.2,187.25,117.973,162.812,70.466,630.386,49.113,0,55.566,79.659,0,0,12,32.792,0,0,47.2,42.999,12.343,36.561,0,0,15.026,0,5322.034
31055006603,852.69,0,0,40.928,77.126,220.36,107.032,118.05,0,4.6,8.025,84.051,71.311,129.452,78.637,5.992,2.548,7.276,35.75,0,0,18.907,0,48,0,0,53.917,6.786,8.56,0,0,0,0,1979.998
31055006604,2011.88,0,0,20.464,93.653,66.108,80.274,0,0,72.1,0,49.439,7.276,129.058,42.153,0,0,3.424,17.835,0,0,4.305,5.4,0,0,0,43.385,14.3,17.997,9.737,0,61.204,0,2749.992
31055006701,1715.27,33.79,17.906,0,60.599,165.27,160.548,177.075,43.523,0,0,1291.07,214.595,222.107,680.95,13.482,798.322,332.365,157.824,2.996,0,88.7,52.899,0,0,0,18.508,29.482,115.545,50.616,0,64.156,42.907,6550.505
31055006703,1541.81,0,0,5.116,170.779,88.144,26.758,0,16.478,4.2,0,107.926,77.877,49.05,764.949,30.281,7.643,29.155,50.418,1.605,0,0.2,35.557,8.4,0,69.5,12.827,4.071,41.473,7.811,0,20.33,3.596,3175.954
31055006704,981.088,0,0,46.044,66.108,11.018,107.032,59.025,81.106,0,3.959,112.161,21.079,15.922,378.973,11.342,0,73.41,9.844,0,0,0,53.612,0,0,0,7.745,1.972,7.126,0,0,2.461,0,2051.027
31055006803,1154.81,0,33.254,35.812,16.527,88.144,0,0,0,0,0,57.727,107.438,74.111,236.676,8.988,0,58.008,135.064,1.498,0,0,4.15,3.3,0,0,33.734,15.186,74.579,4.28,0,3.317,0,2146.603
31055006804,1170.98,0,0,0,0,0,0,0,0,0,0,91.192,19.26,26.215,113.031,0,0,0.813,75.649,0,0,0,0,5,0,0,11.35,9.75,7.896,42.499,5.992,13.589,0,1593.216
31055006805,1938.7,0,0,20.464,0,22.036,107.032,59.025,0,4.9,0,136.002,29.511,38.412,506.761,4.922,0,23.116,60.354,0,0,4.7,1.1,7,0,0,19.27,11.48,28.654,0,0,53.821,0,3077.26
31055006806,739.428,0,0,25.58,181.797,176.288,160.548,0,27.606,82.6,212.846,59.954,4.28,35.626,484.996,3.103,25.477,141.809,76.658,2.675,0,7.8,5.249,0,0,0,21.314,0,71.326,0,0,0,0,2546.96
31055006903,1191.96,0,0,46.044,11.018,99.162,26.758,0,0,0,0,26.457,2.482,24.793,81.067,2.14,0,22.235,49.915,0,0,0,9.7,0,0,0,12.836,5.77,35.524,0,0,40.918,0,1688.779
31055006904,2069.68,0,12.79,35.812,55.09,55.09,26.758,59.025,0,0.8,0,84.996,24.677,42.47,269.1,0,0,22.883,58.173,0,0,81.1,3.1,4,0,0,16.815,8.328,33.384,0,0,43.87,0,3007.942
31055006905,1004.65,10.9,0,15.348,66.108,0,0,0,0,0,3.103,177.918,12.305,62.192,77.004,4.601,0,65.013,26.964,8.346,0,0,4.4,3.9,0,0,8.405,5.7,5.885,38.249,0,12.947,0,1613.938
31055006906,1617.92,0,69.066,86.972,148.743,33.054,80.274,59.025,18.19,7,4.494,100.399,35.029,108.061,66.731,8.56,1.177,42.875,82.662,17.334,0,46,5.137,0,0,0,8.039,2,61.737,0,0,26.001,17.013,2753.493
31055007001,670.542,270.32,15.348,25.58,258.923,484.792,107.032,59.025,141.561,382.5,0,188.22,208.115,70.422,193.265,11.77,67.089,17.248,33.36,0,0,8.414,117.699,43.6,0,0,124.035,6.317,13.696,4.173,0,0,0,3523.046
31055007002,1950.48,13.08,0,0,55.09,44.072,80.274,0,0,79.8,0,15.464,9.99,7.496,26.934,4.066,0,0,20.972,0,0,0,5.1,4,0,0,7.042,0,15.836,0,0,11.663,0,2351.359
31055007003,1436.54,0,20.464,0,0,0,0,0,14.763,0,0,283.266,651.191,145.999,199.342,30.066,0,12.696,55.533,0,0,29.2,466.7,217.483,0,0,191.142,16.285,46.331,2.354,0,104.752,0,3924.107
31055007101,1631.08,0,12.79,0,0,55.09,26.758,59.025,21.4,47.6,41.302,324.542,28.248,72.708,64.059,2.568,0,1.14,31.672,0,0,0,41.9,0,0,0,67.99,7.757,3.638,0,0,19.153,0,2560.42
31055007102,1933.19,0,7.674,0,27.545,22.036,0,0,0,8.4,0,57.459,37.927,27.693,62.349,0,0,0,11.556,0,0,10,0,57,4.3,0,42.379,6.642,27.071,0,0,6.741,0,2349.962
31055007303,2017.99,7.63,0,0,0,11.018,0,0,0,6.6,0,25.734,27.574,22.926,55.405,0,0,0.942,28.682,0,0,52.135,19.787,7.562,0,0,71.959,28.222,18.618,8.025,13.568,11.342,0,2435.719
31055007304,940.41,137.34,0,0,0,0,0,0,0,3.7,0,16.002,28.468,20.747,56.475,0,0,1.835,0,0,0,356.399,469.813,75.738,0,0,16.579,4.816,13.16,0,0,0,0,2141.482
31055007309,1924.94,469.79,0,0,0,0,0,0,0,0,0,2.889,0,6.637,31.302,0,0,0,0.846,0,0,0,8.037,0,0,0,4.88,1.971,0,0,0,0,0,2451.292
31055007310,1151.45,16.35,0,0,33.054,220.36,0,0,0,0,0,6.262,2.675,8.761,20.095,0,0,2.531,16.157,0,0,0,0,0,0,0,7.542,0.986,20.991,0,0,14.873,0,1522.087
31055007311,1249.24,0,43.486,56.276,38.563,209.342,80.274,0,0,0,0,15.076,6.527,21.183,84.343,0,0,13.231,20.565,1.498,0,0,4.8,0,0,0,5.372,3,4.815,46.565,0,0,0,1904.156
31055007312,716.982,0,5.116,20.464,71.617,242.396,26.758,0,0,0,0,118.877,33.374,56.063,52.267,4.066,0,0.57,19.902,0,0,55.609,73.5,0,0,0,74.744,7.3,28.034,0,13.568,0,0,1621.207
31055007313,3761.64,0,0,102.32,0,0,0,0,0,0,0,27.341,82.857,21.372,103.729,0,0,48.766,14.305,0,0,0,9.037,2.4,0,0,25.652,5.686,9.801,0,0,17.548,0,4232.454
31055007314,1710.71,0,0,0,0,0,0,0,0,0,0,3.614,2.666,0,9.227,0,0,0,0,0,0,0,0,0,0,0,2.091,1.201,0,0,0,0,0,1729.509
31055007315,1869.98,10.9,0,0,11.018,33.054,80.274,0,0,0,0,9.095,4.387,3.13,25.286,1.712,0,0,0.845,0,0,3.7,3,0,0,0,16.939,0,3.317,0,0,0,0,2076.637
31055007316,1847.45,0,0,0,0,0,0,0,0,0,0,1.391,1.07,9.844,3.317,0,0,0,2.568,0,0,0,1.5,0,0,0,6.28,0,2.996,0,0,0,0,1876.416
31055007317,2379.28,100.28,0,10.232,0,22.036,0,0,0,0,0,42.912,114.736,70.697,72.152,0,0,5.277,20.69,0,0,58.707,46.124,8.7,0,0,102.26,78.486,16.371,5.61,0,3.531,0,3158.082
31055007318,2509.74,0,5.116,20.464,22.036,0,0,0,0,0,0,19.879,2.461,17.867,28.349,9.31,0,3.424,0,0,0,6.403,1.5,0,0,0,21.981,21.474,0,0,0,24.29,0,2714.294
31055007405,992.354,0,0,10.232,0,0,0,0,0,214.2,0,29.204,13.375,9.202,250.426,0,0,5.763,12.412,0,0,357.4,10.637,9.5,0,0,12.3,3.1,19.601,15.666,2.261,38.627,0,2006.26
31055007406,2298.78,0,0,0,176.288,143.234,240.822,118.05,16.05,105.7,62.06,164.091,16.857,87.116,186.779,17.334,0,56.293,52.323,1.498,0,7.4,3.34,7.7,0,0,20.133,14.696,40.981,0,1.809,14.98,0,3854.314
31055007407,1424.16,0,38.37,15.348,66.108,242.396,53.516,0,0,0,2.461,162.578,57.06,39.587,103.67,10.7,22.577,32.389,95.037,0,0,0,17.198,1.5,0,0,16.939,2.7,33.32,0,0,34.882,0,2472.496
31055007408,2134.69,0,0,15.348,27.545,154.252,133.79,59.025,0,0,0,206.808,23.647,69.149,143.72,4.922,0,33.277,38.988,2.675,0,2.7,6.537,13.998,0,0,40.174,4.8,36.508,1.498,0,29.661,0,3183.712
31055007409,1223.69,0,61.392,15.348,49.581,11.018,0,0,90.511,0,11.877,2665.99,3942.68,687.33,962.046,28.419,11.449,124.704,262.917,4.601,0,1148.15,1030.13,801.9,24.4,7.142,818.676,38.787,79.341,35.144,9.844,70.192,49.695,14266.95
31055007424,1203.74,0,0,0,137.725,220.36,80.274,118.05,0,6.3,0,37.692,1.07,24.153,57.857,0,0,16.457,16.771,0,0,1.402,1.012,0,0,0,14.855,2.55,18.789,0,0,12.412,0,1971.469
31055007429,1753.45,14.17,0,46.044,71.617,66.108,0,0,0,0,0,87.379,137.816,40.888,106.851,1.284,0,26.03,82.227,0,0,13.005,66.3,0,0,0,47.615,2.586,22.234,0,0,19.26,0,2604.864
31055007431,2211.75,0,0,0,38.563,55.09,133.79,177.075,0,0,0,145.721,13.161,19.976,76.299,9.416,0,24.503,23.269,10.272,0,3.5,79.4,0,0,0,32.578,4.82,10.871,0,0,2.14,0,3072.194
31055007432,1208.99,316.1,0,0,16.527,66.108,133.79,0,0,0,0,29.881,11.77,17.569,25.223,0,0,7.918,124.558,0,0,0,1,1,0,0,18.582,4.436,0,0,0,0,0,1983.452
31055007433,2070.19,0,71.624,30.696,55.09,242.396,26.758,0,0,2.8,0,89.08,23.91,52.226,41.956,4.173,0,2.033,103.595,1.498,0,3.5,1.2,3.4,0,0,26.05,5.75,7.276,0,0,31.843,6.848,2903.892
31055007434,1224.73,52.32,15.348,46.044,0,330.54,187.306,0,18.19,2.1,0,14.552,21.604,35.58,97.745,3.531,0,4.687,13.91,0,0,0,4.322,0,0,0,11.692,5.3,17.976,0,0,4.708,0,2112.185
31055007435,2006.21,14.17,0,0,5.509,0,26.758,0,0,3.5,0,28.872,15.915,17.303,34.672,6.313,0,15.301,8.874,1.605,0,0,1.1,1.9,0,0,13.069,5.192,57.459,0,0,15.087,0,2278.809
31055007436,1947.9,0,0,20.464,402.157,132.216,26.758,59.025,0,0,0,74.365,3.794,44.967,58.032,4.526,0,2.996,55.263,1.391,0,3.5,1.2,0,0,0,35.631,5.6,23.326,7.811,0,13.91,17.548,2942.38
31055007438,1210.54,0,10.232,0,0,0,0,59.025,0,0,62.06,1.284,4.757,8.977,57.302,2.362,2.548,17.441,39.951,0,0,5.61,0,2,0,0,15.452,4.846,73.744,0,5.778,0,0,1583.909
31055007439,2424.17,0,0,0,27.545,176.288,80.274,0,39.804,0,0,63.655,29.211,39.715,209.35,29.051,2.033,32.977,71.477,21.4,0,0,63.3,1.7,0,0,17.225,4.67,12.412,0,0,9.523,5.136,3360.916
31055007440,471.624,0,0,15.348,137.725,198.324,133.79,118.05,0,0,0,48.043,4.494,16.447,42.074,5.939,0,7.488,15.515,0,0,500,1.2,0,0,0,4.742,4.81,7.618,9.095,0,14.231,0,1756.557
31055007441,1701.08,0,0,0,22.036,0,0,0,0,0,0,53.393,8.481,3.156,56.142,7.49,0,25.466,2.568,0,0,0,7.5,0,0,0,8.197,10.086,6.741,0,0,13.439,6.634,1932.409
31055007442,2912.65,0,0,0,0,0,0,0,0,0,0,48.941,20.418,66.618,190.732,0,0,31.747,34.105,0,0,2.1,0.89,5.9,0,0,36.484,3.981,37.235,0,0,0,0,3391.801
31055007443,1902.49,0,15.348,0,0,253.414,80.274,118.05,0,0,0,106.572,80.678,37.396,250.19,14.231,0,29.371,53.761,1.498,0,0,6.3,4.15,0,0,13.16,15.136,18.832,0,0,0,0,3000.851
31055007444,185.76,0,0,153.48,567.427,914.494,428.128,118.05,48.257,0,0,201.937,233.26,61.19,602.17,4.28,0,72.621,80.83,0,0,6.105,59.374,18.7,0,0,8.462,19.857,24.182,11.449,0,4.688,6.634,3831.335
31055007445,902.484,0,12.79,0,33.054,253.414,80.274,59.025,32.314,0,0,477.559,20.972,38.522,209.827,5.889,0,53.607,166.678,0,0,2.804,14.64,0,0,0,12.937,14.586,76.719,0,15.408,0,0,2483.502
31055007446,2278.23,0,0,0,27.545,55.09,0,0,0,0,0,40.394,32.584,29.8,64.754,0,0,9.647,17.228,13.268,0,0,0.9,3.6,0,0,24.525,6.1,4.387,0,5.778,16.05,0,2629.88
31055007447,1379.27,0,0,20.464,27.545,88.144,53.516,0,0,0,0,8.267,9.328,11.761,26.612,0,0,0.867,3.576,0,0,0,5,0,0,0,7.56,5.957,27.82,0,0,14.017,0,1689.704
31055007448,1482.98,0,0,0,0,0,0,118.05,0,70.7,5.029,31.383,35.638,31.799,258.927,10.867,0,18.111,15.325,4.068,0,1.402,0,0,0,0,20.183,3.871,28.804,0,0,21.894,0,2159.031
31055007449,1826.64,0,0,0,0,44.072,80.274,177.075,11.342,0,15.408,57.7,32.635,38.208,190.449,2.996,22.47,54.142,91.278,0,0,20.1,2.4,0,0,5,30.836,5.436,15.461,0,0,17.976,0,2741.898
31055007450,2007.76,0,0,0,0,0,0,0,0,0,0,19.368,8.881,28.834,50.435,0,0,6.196,7.276,0,0,26.3,0,19,0,0,35.86,5.599,13.268,0,0,14.039,0,2242.816
31055007451,2310.73,245.25,12.79,15.348,82.635,198.324,80.274,0,0,0,0.582,337.537,90.075,46.077,138.472,6.74,0,17.867,13.106,0,0,3,0,8.2,0,0,80.919,4.536,0,2.568,0,14.98,0,3710.009
31055007452,3299.3,0,0,0,0,0,0,0,0,0,0,37.157,11.235,31.854,81.889,4.601,0,2.814,34.483,0,0,3.5,2.212,0,0,0,22.84,7.882,11.427,0.963,0,14.681,0,3566.838
31055007453,1894.41,14.17,0,0,0,0,0,0,0,0,0,12.329,2.938,19.594,35.741,0.591,0,0.674,5.671,0,0,5.807,3.44,9.999,0,0,22.969,12.533,16.799,0,0,16.478,0,2074.143
31055007454,2318.9,0,0,107.436,49.581,121.198,0,118.05,0,78.4,17.976,7.918,4.885,14.318,64.486,0,0,8.486,17.34,0,0,0,10.1,3.3,0,0,17.448,2.399,26.964,0,0,13.803,0,3002.989
31055007455,766.002,125.35,0,0,11.018,33.054,0,0,0,2.1,0,110.905,184.254,82.306,60.982,0,0,8.239,53.928,4.708,0,22.4,2.2,0,0,0,78.338,6.5,38.948,0,0,12.626,0,1603.858
31055007456,1424.16,0,30.696,10.232,44.072,33.054,0,0,31.565,0,4.815,48.82,40.524,41.947,189.93,19.046,0,28.276,29.29,0,0,0,21.222,0,0,0,37.522,5.386,46.202,0,0,32.849,0,2119.608
31055007457,941.184,0,0,46.044,220.36,242.396,80.274,59.025,70.941,0,0,119.524,177.299,106.12,409.48,18.147,0,67.587,114.528,2.998,0,139.5,85.8,0,0,0,56.309,4.31,26.964,2.125,0,46.469,18.511,3055.896
31055007458,975.756,0,0,35.812,88.144,341.558,107.032,0,0,0,0,6.29,6.527,12.229,27.269,0,0,2.14,24.238,0,0,0,0,0,0,0,6.35,2.957,1.605,0,0,14.231,0,1652.138
31055007459,1486.34,0,12.79,71.624,60.599,44.072,53.516,59.025,0,0,0,72.45,251.258,67.918,132.055,0,0,24.975,52.858,0,0,23.1,25.425,21.2,0.64,0,67.118,2.631,26.771,28.953,16.733,38.948,0,2640.999
31055007460,2288.55,0,0,0,0,0,0,0,0,0,0,12.026,10.904,24.374,70.696,0,0,7.597,9.529,0,0,1.7,6.2,0,0,0,19.272,8.3,8.56,0,0,67.838,0,2535.546
31055007461,3288.55,0,0,0,16.527,99.162,26.758,0,0,0,0,12.306,9.246,42.901,44.539,0,0,5.852,0.899,0,0,0,2.9,2.9,0,0,22.278,7.31,26.172,0,0,15.194,0,3623.494
31055007462,2478.35,0,15.348,15.348,33.054,66.108,26.758,0,0,3.5,0,52.728,32.09,19.503,40.329,0,0,3.852,6.73,0,0,1.7,0,0,0,0,41.011,11.113,9.501,0,0,53.072,0,2910.095
31055007463,2157.91,0,0,0,11.018,143.234,107.032,0,0,0,0,186.644,71.408,104.77,132.486,8.774,0,17.762,56.382,2.461,0,3.1,32.923,4.2,0,0,39.051,16.126,33.919,0,0,1.07,10.914,3141.184
31055007464,1558.41,0,0,15.348,93.653,11.018,26.758,0,0,77,47.294,14.873,51.943,5.774,109.448,0,0,5.029,38.606,16.264,0,4.8,8.7,80,0,0,16.677,8.276,6.634,0,0,14.445,0,2210.95
31055007465,1856.05,0,10.232,15.348,77.126,286.468,133.79,177.075,0,0,0,51.77,11.113,27.548,53.738,4.708,0,0,1.999,3.317,0,2.805,3.912,0,0,0,45.349,5.54,0,0,0,13.696,0,2781.584
31055007466,1801.61,0,40.928,133.016,385.63,594.972,187.306,0,97.263,0,0,62.641,8.795,38.904,78.838,6.848,0,12.519,32.828,0,0,0,2.9,0,0,0,22.309,9.07,5.767,0,0,15.622,0,3537.766
31055007467,1882.11,0,0,46.044,192.815,352.576,80.274,177.075,0,3.5,0,50.318,219.982,53.239,274.472,0.77,0,12.519,34.133,2.354,0,0,38.3,2.8,1.6,0,73.557,6.358,32.539,0,0,59.706,0,3597.041
31055007468,1111.46,0,0,10.232,104.671,121.198,26.758,0,0,0,0,21.978,35.621,19.345,20.552,1.498,0,6.062,4.28,0,0,12.9,14.5,0,0,0,41.432,15.8,2.097,0,0,10.379,0,1580.763
31055007469,2006.98,0,23.022,0,5.509,33.054,0,0,0,0,0,4.336,10.272,15.34,15.957,0,0,17.441,3.959,0,0,0,3.7,0,0,0,23.532,12.86,5.243,0,0,4.709,0,2185.914
31055007470,2263.18,0,15.348,0,33.054,561.918,187.306,0,0,0,0,78.324,3.852,7.03,37.938,0,0,1.498,11.095,0,0,0,1.301,0,0,0,15.353,18.857,10.165,0,0,3.424,0,3249.643
31055007471,1798.52,0,0,15.348,38.563,55.09,26.758,177.075,0,0,0,9.444,2.889,10.497,30.946,0,0,2.14,14.688,0,0,0,3.1,0,0,0,24.2,11.284,2.096,0,0,1.712,0,2224.35
31055007472,2486.09,0,0,0,0,11.018,53.516,0,0,0,29.318,70.298,18.491,31.788,83.319,0,0,12.747,30.687,0,0,0,6.112,0,0,0,31.886,0,37.857,9.203,0.952,13.803,0,2927.085
31055007504,1793.62,136.25,25.58,46.044,27.545,33.054,26.758,0,3.632,39.2,16.264,44.973,33.27,33.405,87.422,2.14,1.07,11.021,43.087,1.498,0,233.7,312.3,1.5,6.601,0,49.902,41.787,54.695,6.506,8.025,17.293,0,3138.142
31055007505,1645.52,28.34,12.79,0,0,0,0,0,0,15.4,0,17.765,9.406,17.042,34.712,0,0,5.778,24.038,0,0,2.3,10.474,0,0,0,53.991,49.75,56.923,0,5.67,2.675,0,1992.574
31055007506,1076.12,91.56,94.646,0,0,0,0,0,0,0,0,23.421,39.959,31.339,32.458,0,0,6.099,13.132,0,0,0,11.336,0,0,0,45.957,38.122,6.292,4.815,4.173,62.492,0,1581.921
31055007508,1648.62,168.95,15.348,5.116,27.545,0,0,0,4.387,0,0,15.25,34.074,29.899,52.75,2.14,0,3.288,30.602,1.605,0,18.205,15.7,0,1.7,0,54.977,52.356,6.741,5.974,11.306,14.338,0,2220.871
31055007509,2446.01,0,0,0,0,0,0,0,0,0,0,21.721,39.433,13.053,110.556,4.122,0,7.876,25.573,0,0,1.403,6.69,4.9,0,0,64.787,31.412,29.832,0,0,14.917,0,2822.285
31055007511,2837.57,0,0,112.552,0,0,0,0,0,0,0,7.36,2.665,0,63.266,0,0,0,16.799,0,0,0,0,0,0,0,10.888,2.4,0,0,0,0,0,3053.5
31055007512,2630.05,70.85,28.138,15.348,258.923,88.144,160.548,59.025,0,84,0,67.281,22.247,45.037,87.984,8.132,0,15.108,36.97,8.666,0,16.502,12.8,0,0,0,68.4,14.734,27.713,18.903,0,18.296,34.454,3898.253
31055007513,3031.16,0,0,0,0,33.054,80.274,59.025,0,18.9,0,2.889,2.461,1.476,19.671,0,0,3.42,28.033,0,0,2.1,0,0,0,0,16.68,3.8,21.57,0,0,0,0,3324.512
31055007514,2134.26,0,0,0,0,0,0,0,0,0,0,4.815,6.955,1.012,27.712,1.181,0,6.699,20.544,0,0,0,0,2.2,0,0,18.099,5.686,3.852,0,0,1.07,0,2234.085
31055007515,2028.31,13.08,0,0,0,22.036,0,0,0,0,0,66.875,6.663,0,0,0,0,0,2.461,0,0,0,0,0,0,0,0,0,0,0,0,0,0,2139.425
31055007516,1634.69,0,0,0,0,0,0,0,0,0,0,3.666,1.071,1.392,15.526,0,0,0,0,0,0,0,4.049,0,0,0,3.679,3.086,0,0,0,0,0,1667.159
31055007517,2410.24,0,0,20.464,0,0,0,0,0,0,0,2.41,0,1.819,9.789,0,0,0,0.715,0,0,4,0,0,0,0,4.2,2.9,0,0,0,0,0,2456.537
31057962300,1398.88,93.74,43.486,35.812,16.527,0,0,0,0,28.7,5.243,111.178,28.376,34.578,51.85,7.918,22.363,11.625,26.976,2.675,0,0,4.08,7,0,0,24.938,176.269,45.09,12.529,12.663,39.549,0,2242.045
31059091600,1529.42,58.86,28.138,25.58,0,11.018,0,0,0,48.3,17.227,42.135,51.854,31.528,21.848,13.803,0,2.696,11.759,0,0,7.2,6,2.9,0,0,38.177,166.363,26.493,4.25,24.421,29.749,0,2199.719
31059091700,2228.09,62.13,7.674,40.928,16.527,55.09,26.758,0,9.63,47.7,15.194,109.237,144.235,93.548,71.337,26.001,50.397,27.39,28.333,2.782,0,16.902,27.6,6.3,21.757,0,56.241,206.543,81.876,13.431,0.452,51.681,0,3545.764
31061964600,961.308,22.89,0,0,0,0,0,0,0,20.3,0,11.558,19.941,11.547,18.5,7.49,0,8.34,4.045,0,0,2.3,0,0,0,0,5.572,74.649,12.626,5.524,0,3.704,0,1190.294
31061964700,1250.01,33.79,0,15.348,0,11.018,0,0,7.062,20.4,5.35,71.633,23.472,38.88,38.811,5.778,21.721,5.243,18.731,0,0,0,6.025,3.5,0,0,10.718,119.883,25.658,13.623,28.492,19.005,0,1794.151
31063961100,1761.88,224.54,15.348,51.16,5.509,11.018,0,0,7.059,44.3,3.103,64.882,109.236,71.289,78.702,18.296,0,12.803,20.24,2.998,0,7.012,5.5,5,7.903,0,53.675,238.601,78.151,20.873,6.784,76.42,0,3002.282
31065963900,3353.74,116.63,0,158.596,5.509,33.054,26.758,0,19.367,55.5,37.129,176.877,124.834,100.352,122.731,22.209,0,20.851,60.034,2.14,0,15.1,14.274,30.199,0,0,68.061,159.469,78.258,24.213,32.562,59.064,0,4917.511
31067964600,1664.1,38.15,5.116,5.116,0,0,0,0,3.21,74.9,23.219,31.17,23.955,11.224,18.571,9.415,0,11.268,2.889,0,0,12.2,4.049,4.9,0,0,29.154,162.356,46.395,7.225,14.924,44.792,0,2248.298
31067964700,2266.27,81.75,7.674,0,0,0,0,0,0,0,0,39.042,86.174,27.611,45.981,3.21,0,1.391,27.965,0,0,21.509,0,45.1,0,0,38.815,230.973,22.791,9.802,10.402,24.289,0,2990.75
31067964800,2269.11,26.16,86.972,20.464,104.671,22.036,26.758,0,13.91,53.9,23.313,235.4,225.341,75.383,116.783,9.523,0,12.412,100.231,0,0,302.7,16.937,2,0,0,55.001,34.828,61.054,15.933,0,20.972,5.137,3936.928
31067964900,2015.75,21.8,51.16,225.104,0,22.036,26.758,0,16.259,125.3,6.527,164.138,115.774,116.757,68.182,4.494,0,17.334,37.625,2.996,0,5.604,5.6,0,1.5,0,13.974,28.707,43.122,16.8,0,19.714,0,3173.015
31067965000,1812.71,5.45,166.27,46.044,11.018,0,0,118.05,36.456,49.4,26.536,36.622,67.673,39.414,67.138,0,59.171,24.226,18.297,0,0,2,13.2,0,0,0,6.122,15.37,26.75,0,9.045,15.301,0,2672.263
31067965100,861.72,0,79.298,219.988,60.599,44.072,53.516,0,0,16.8,58.516,315.491,80.523,98.974,107.041,24.396,0,8.057,38.771,2.675,0,373,72.3,5.8,0,0,58.612,4.072,64.585,38.965,0,40.66,0,2728.431
31067965200,1625.4,95.92,23.022,35.812,5.509,0,0,0,7.062,30.8,15.194,102.568,20.428,32.688,33.347,5.564,0,5.778,9.816,0,0,13.405,11.717,0,0,0,16.389,98.274,58.593,17.703,0.452,15.836,0,2281.277
31069952100,1492.53,81.75,23.022,20.464,0,22.036,0,0,19.367,25.2,7.276,107.918,83.509,33.236,36.834,14.445,27.82,3.901,26.231,0,0,3.002,4.4,4.5,0,0,15.546,129.375,41.795,17.193,0,43.386,0,2284.736
31071973200,1436.03,95.92,5.116,0,27.545,11.018,0,0,14.338,21,28.676,92.93,56.428,25.616,39.922,5.243,0,7.918,48.471,2.568,0,10.2,14.099,11.6,2.3,0,20.93,110.82,55.169,19.988,5.992,40.018,2.782,2212.637
31073967600,1556.51,131.89,2.558,5.116,5.509,0,0,0,2.033,28,0,26.506,40.687,24.432,52.656,10.379,0,6.843,14.716,0,0,11.1,1.99,6.2,0,0,16.652,163.239,26.13,10.335,4.08,1.07,0,2148.631
31075956300,417.96,53.41,0,15.348,5.509,0,0,0,11.877,2.1,0,49.704,25.788,9.513,9.751,5.618,0,4.42,12.485,0,0,0,0,0,2.371,0,2.4,92.731,38.841,12.126,0.452,30.86,0,803.264
31077970900,1651.2,83.93,15.348,40.928,11.018,0,0,0,5.027,37.1,0,107.537,76.708,38.559,31.023,15.198,0,10.484,24.138,0,0,24.1,6.113,0,0,0,15.017,161.105,35.884,25.857,31.657,63.139,0,2511.07
31079000100,1476.79,68.67,0,20.464,5.509,0,0,0,17.655,0,0,222.491,73.059,66.932,92.324,11.235,0,14.801,37.15,0,0,69.9,7.224,81.199,0,0,26.727,138.127,22,9.297,0,63.451,0,2525.005
31079000200,1770.14,208.19,89.53,10.232,49.581,22.036,0,0,0,2.8,0,38.874,112.778,44.184,106.759,0,0,0,8.07,0,0,22.2,24.3,0,0,0,41.794,17.07,28.526,0,0,0,0,2597.064
31079000300,2724.14,15.26,202.082,30.696,38.563,0,0,118.05,9.63,12.6,0,226.849,44.281,101.645,112.726,20.544,0,18.083,27.421,0,0,8.4,34.024,0,0,0,52.461,9.305,76.462,34.989,4.522,23.54,0,3946.273
31079000400,2576.22,0,94.646,107.436,66.108,55.09,0,118.05,0,164.1,0,170.666,57.781,121.133,164.98,17.869,0,19.497,88.758,15.836,0,2.805,11.212,4.4,0,0,21.428,13.159,37.576,47.508,0,53.843,0,4030.101
31079000500,2411.78,4.36,15.348,35.812,38.563,99.162,0,59.025,24.71,0,0,457.476,37.011,44.079,99.006,12.706,0,7.372,39.972,15.432,0,4.6,3.037,7.4,0,0,46.775,22.113,39.27,3.103,5.029,17.762,0,3550.903
31079000600,1901.2,444.72,0,0,0,165.27,0,0,0,0,0,203.209,239.815,60.348,169.394,0,0,26.405,74.151,1.498,0,584.1,93.199,18.6,6.78,0,174.512,45.52,6.527,60.828,0,6.206,0,4282.282
31079000700,1596.68,0,112.552,245.568,93.653,66.108,53.516,236.1,0,162.4,64.307,286.385,86.885,113.615,79.643,0,0,120.59,31.11,0,0,1.5,7.1,7.1,0,0,91.316,6.301,14.445,14.738,10.7,15.408,0,3517.72
31079000800,1679.58,0,79.298,71.624,77.126,0,0,0,24.503,0,0,177.493,104.956,80.177,66.373,5.136,0,8.025,26.085,0,0,30.601,11.401,6.5,0,0,26.804,18.188,40.851,18.083,0,14.231,0,2567.035
31079000900,1408.68,92.65,294.17,286.496,165.27,55.09,26.758,0,12.733,158.9,0,186.012,134.46,142.155,118.796,8.346,0,25.574,93.853,0,0,40.4,65.601,0,0,0,52.396,15.455,144.82,3.278,0,39.055,0,3570.948
31079001000,1828.7,34.88,117.668,276.264,38.563,88.144,53.516,0,4.922,22.5,0,267.001,65.698,117.709,203.006,20.758,0,10.443,72.838,5.564,0,310.7,177.5,11.5,4.742,1.428,62.053,19.335,72.053,66.402,5.671,11.235,0,3970.793
31079001100,1598.31,264.87,86.972,25.58,0,99.162,0,0,75.324,2.1,0,146.375,10.261,62.313,81.178,5.251,0,2.033,45.726,0,0,0,1.1,0,4.2,0,24.64,19.179,19.003,0,0,0,0,2573.577
31079001200,1862.24,58.86,20.464,71.624,38.563,110.18,26.758,59.025,23.327,66.5,16.692,97.99,59.376,25.413,161.068,0,0,8.089,76.396,11.77,0,7.2,1.012,0,0,0,25.357,22.071,27.458,0,0,23.646,94.161,2995.24
31079001300,1572.77,191.84,0,20.464,0,0,0,0,64.628,7.7,0,92.639,131.707,53.061,59.569,12.092,0,3.852,12.412,1.286,0,102.558,39.1,6.601,0,0,38.467,95.815,10.272,5.754,9.497,34.133,0,2566.218
31079001400,1139.33,94.83,0,5.116,5.509,0,0,0,63.665,42,17.655,43.502,49.405,28.97,31.953,7.276,0,2.033,19.153,0,0,17.899,2.024,0,2.499,0,21.185,89.68,33.576,3.825,17.186,26.858,0,1765.129
31081969100,1172.61,34.88,17.906,0,0,0,0,0,5.989,0,0,39.358,34.765,31.539,47.105,7.704,0,0,5.35,0,0,7.2,4,50.4,0,0,31.359,179.161,39.761,3.825,0,37.029,0,1749.941
31081969200,1489.18,97.01,15.348,0,0,0,0,0,0,0,2.889,50.24,74.414,36.312,33.493,4.494,0,0,22.259,0,0,63.014,4.325,0,0,1.2,25.452,179.72,28.205,2.975,18.995,13.161,1.284,2163.97
31081969300,2341.35,40.33,115.11,112.552,143.234,0,0,59.025,39.055,80.2,14.766,224.911,223.864,99.28,110.917,21.507,0,25.498,69.229,0,0,40.502,132.337,18.3,16.8,12.099,52.618,96.278,105.201,38.05,0,50.076,3.959,4287.048
31083964200,2605.03,564.62,15.348,35.812,33.054,0,0,0,25.142,31.1,21.507,132.016,79.909,57.598,57.485,19.474,0,5.955,59.553,0,0,13.2,8.602,0,0,0,49.467,133.545,75.689,24.674,11.759,39.376,2.782,4102.698
31085961500,732.204,29.43,0,15.348,0,0,0,0,3.21,0,0,3.317,3.745,3.248,8.175,4.28,0,0,2.146,0,0,2.4,3,2.6,1.8,0,2.645,42.04,3.638,4.051,0,12.519,0,879.796
31087962700,1889.85,251.79,51.16,0,11.018,0,0,0,20.437,15.8,18.404,105.543,70.757,49.259,64.628,8.239,0,2.782,19.316,0,0,34.8,14.7,14.2,11.281,0,7.552,152.694,70.897,18.772,15.829,41.837,0,2961.545
31089974000,1142.42,124.26,5.116,10.232,0,0,0,0,10.486,28,5.564,45.052,111.127,48.713,35.555,6.848,108.926,0,20.872,0,0,48.24,0,4.2,0,0,23.595,117.705,21.828,18.926,0,40.379,0,1978.044
31089974100,1766.27,146.06,10.232,0,5.509,0,0,0,12.198,0,0,59.729,79.034,45.826,37.461,10.058,0,4.28,26.51,0,0,4.5,7.201,1.9,3.4,0,22.758,178.871,187.439,8.925,12.21,40.193,0,2670.564
31089974200,1284.84,20.71,2.558,25.58,0,0,0,0,14.44,28.7,18.404,64.339,134.499,50.962,21.608,2.465,16.05,5.478,6.567,0,0,9.8,2.6,1.4,0,0,16.962,149.87,25.252,3.4,0,55.64,0,1962.124
31089974300,2233.51,146.06,35.812,133.016,16.527,22.036,53.516,0,32.314,52.9,0,306.28,112.422,108.627,122.054,13.696,12.626,36.294,33.744,0,0,3.3,22.3,1.6,0,0,56.58,89.98,81.855,29.426,2.247,47.788,3.959,3810.469
31091956700,492.78,40.33,0,0,11.018,0,0,0,5.243,18.2,21.935,33.652,20.212,20.961,12.698,4.173,0,6.827,14.124,0,0,0,0,2.8,1.7,0,11.1,47.35,14.017,6.253,0,20.865,0,806.2379
31093970500,1049.54,74.12,0,0,0,0,0,0,0,0,0,17.604,21.118,8.025,14.86,0,0,2.14,9.777,0,0,4,2.8,0,0,0,10.88,133.62,7.811,0.85,0,6.527,0,1363.672
31093970600,2811.43,94.83,28.138,92.088,27.545,11.018,0,0,28.89,24.5,14.017,195.418,76.028,49.885,100.692,22.363,72.974,16.293,72.608,0,0,4.6,13.712,11.9,4.191,0,37.921,189.872,62.723,20.198,18.994,43.188,0,4146.016
31095963600,2452.03,31.61,2.558,10.232,5.509,0,0,0,10.272,0,0,103.232,96.923,95.066,47.504,7.169,0,0.57,35.636,0,0,12,2.6,19.2,0,0,25.471,290.647,56.666,12.355,22.613,28.569,0,3368.432
31095963700,1991.5,7.63,0,0,5.509,0,53.516,0,0,67.9,21.507,120.418,34.006,38.966,26.809,4.815,15.836,6.453,30.265,1.498,0,0,4.412,14.1,0,0,18.324,32.375,84.1,12.658,0,16.157,0,2608.754
31095963800,832.05,0,23.022,15.348,11.018,33.054,26.758,59.025,5.457,0.8,0,168.919,51.36,62.913,61.137,21.4,0,10.165,16.979,0,0,20,19.498,17.7,0,0,33.672,10.696,35.01,35.732,8.453,30.388,0,1610.554
31097967500,1421.06,45.78,2.558,25.58,0,0,0,0,0,0,0,41.014,25.67,28.116,16.371,9.416,0,1.71,8.881,0,0,2.5,0,0,0,0,18.9,101.007,36.979,4.25,11.759,32.978,0,1834.529
31097967600,1248.72,53.41,17.906,46.044,49.581,11.018,26.758,0,5.457,126.1,35.311,96.412,17.227,37.061,57.937,11.572,0,19.9,40.745,0,0,2.2,0,8.501,0,0,43.268,74.016,45.667,62.135,12.913,32.314,0,2182.173
31099966600,2017.04,187.48,5.116,20.464,5.509,0,0,0,29.527,0,0,94.407,72.264,52.09,75.472,4.644,0,0.867,37.276,0,0,89.714,5.74,2.6,0,0,43.819,331.801,36.765,7.772,5.564,15.43,0,3141.361
31099966700,1766.27,88.29,0,56.276,33.054,22.036,0,0,0,55.8,3.424,139.668,394.956,51.14,51.507,17.548,0,6.239,34.787,0,0,51.916,13.813,2.6,0,0,22.941,44.124,50.61,12.518,0,31.137,0,2950.655
31101000100,850.626,0,28.138,92.088,0,0,26.758,0,29.425,2.2,0,131.057,56.681,63.09,89.512,27.071,0,11.803,24.374,0,0,4.3,10.812,0,0,0,10.172,8.26,54.184,21.879,0.905,36.166,1.391,1580.892
31101000200,1882.11,135.16,115.11,51.16,66.108,33.054,0,0,97.686,30.8,17.655,128.867,43.646,82.328,72.189,2.889,25.787,20.779,55.619,0,0,9.409,222.236,0,0,0,32.43,43.546,21.785,17.331,0,45.582,0,3253.266
31101000300,2753.63,1115.07,10.232,5.116,16.527,0,0,0,164.453,0.7,0,145.467,110.842,64.465,70.491,8.239,2.548,8.486,64.687,0,0,52.708,15.6,4,0,0,75.19,258.183,41.751,12.26,30.753,24.142,0,5055.539
31103975400,641.13,37.06,2.558,5.116,5.509,0,0,0,10.593,0,0,12.519,17.538,20.255,20.137,0,0,0.942,0,0,0,0,1.7,0,0,0,3.493,81.807,20.972,1.949,0,17.548,0,900.826
31105954500,2143.98,212.55,30.696,35.812,27.545,11.018,53.516,0,30.495,30,20.117,121.633,97.517,71.751,70.027,7.169,20.651,9.094,39.493,1.605,0,112.4,17.231,2.999,74.222,0,23.048,112.117,79.499,61.991,8.141,38.648,0,3564.965
31107976200,1967.25,241.98,15.348,30.696,27.545,0,0,0,12.305,95.8,42.318,118.111,68.266,72.524,64.888,3.21,71.335,20.116,26.12,0,0,24.1,10.4,17.699,0,0,22.974,226.075,43.848,15.675,22.614,35.845,4.387,3301.429
31107976300,1376.43,28.34,35.812,10.232,22.036,22.036,26.758,0,14.445,64.4,26.429,111.879,156.294,56.464,56.476,11.77,0,9.023,28.199,0,0,8.305,1.9,16,0,0,46.919,168.084,38.691,16.977,16.281,28.569,0,2398.749
31107976400,2205.9,187.48,5.116,51.16,11.018,11.018,0,0,27.927,0,0,60.455,30.641,50.536,61.751,7.704,7.643,8.595,36.887,0,0,3.1,5.7,0,2.3,0,16.767,155.744,51.851,25.485,0,53.483,7.276,3085.537
31109000100,1553.68,35.97,207.198,56.276,82.635,66.108,0,118.05,0,16.1,6.313,150.399,128.858,139.747,122.403,9.416,0,4.422,35.565,12.091,0,667.2,15.4,54.002,0,0,73.093,10.169,58.101,0,0,16.585,0,3639.781
31109000201,2523.76,17.44,69.066,20.464,60.599,44.072,53.516,118.05,0,1.7,16.692,29.511,36.312,62.56,25.519,11.556,0,12.696,17.892,0,0,9.6,1.5,0,0,0,33.15,0,37.086,6.084,0,28.462,0,3237.287
31109000202,1072.08,0,163.712,353.004,148.743,187.306,80.274,0,0,337.4,0,45.161,8.902,28.763,42.152,0,0,3.424,12.271,1.498,0,2.1,0,1.8,0,0,8.344,3.4,28.74,0,0,16.05,43.032,2588.156
31109000300,981.948,0,127.9,368.352,93.653,220.36,107.032,0,0,0,0,106.349,35.086,54.847,26.629,0,0,0.663,14.231,0,0,60.402,23,0,0,0,31.379,5.8,7.618,0,0,16.264,0,2281.513
31109000400,1702.71,0,414.396,66.508,27.545,77.126,107.032,0,4.066,6.4,0,63.907,36.059,76.127,48.728,5.354,0,8.842,21.413,0,0,9.1,42.737,0,10,0,56.552,0.986,51.767,68.373,0,16.05,88.729,3010.507
31109000500,452.79,0,51.16,35.812,0,110.18,26.758,59.025,23.433,161,5.35,73.588,105.974,71.661,271.444,1.819,8.667,7.918,92.488,4.708,0,11.5,30.692,2,0,0,78.2,3.01,68.031,117.7,0,4.066,27.362,1906.336
31109000600,0,0,0,0,0,0,0,0,19.795,2564,0,4.65,0,8.025,4.709,0,0,0.788,4.147,0,0,18.524,47.304,0,0,0,0.258,0,57.104,129.684,0,30.923,455.784,3345.695
31109000700,321.726,0,38.37,66.508,137.725,242.396,214.064,59.025,0,75.9,0,173.617,5.885,37.996,11.852,0,0,0,6.955,0,0,117.676,1.897,0,0,1.9,0,0.91,32.078,0,0,0,1.556,1548.036
31109000800,1078.44,0,345.33,122.784,137.725,33.054,0,0,11.235,1.4,0,37.865,17.218,39.097,56.937,0,0,16.371,5.457,0,0,0,4.9,0,0,0,14.987,4.3,34.924,22.525,0,12.006,0,1996.555
31109000900,1093.83,0,117.668,173.944,77.126,319.522,107.032,0,2.568,176.5,0,178.872,12.46,43.123,119.822,6.1,0,58.957,79.181,0,0,3.101,16.249,16.401,6.642,0,10.05,6.07,43.301,86.135,0,8.924,309.306,3072.884
31109001001,1834.38,0,7.674,61.392,11.018,44.072,0,0,0,4.9,0,48.219,10.593,22.645,28.24,0,0,38.948,20.588,1.498,0,2.2,4.8,0,0,0,28.32,1.1,38.841,0,0,14.017,0,2223.445
31109001002,288.96,0,25.58,0,60.599,330.54,133.79,59.025,57.017,11.2,1.164,214.476,23.796,46.38,276.909,7.07,0,42.8,42.324,0,0,0,5.825,0,0,0,2.007,6.5,39.697,7.811,0,20.118,0,1703.588
31109001003,1111.21,74.12,51.16,56.276,165.27,275.45,26.758,118.05,7.383,0,0,65.326,15.717,17.521,31.506,4.614,0,3.082,37.876,0,0,0,2.112,2.399,0,0,8.301,5.736,36.015,0,0,38.518,0,2154.4
31109001101,2467.51,8.72,46.044,0,0,33.054,53.516,59.025,1.816,3.5,0,11.937,5.35,21.11,30.206,6.42,0,0,21.721,0,0,0,5.512,0,0,0,32.598,10.771,16.542,0,0,16.05,0,2851.402
31109001102,1752.08,0,20.464,0,27.545,55.09,0,118.05,0,0,0,14.074,1.284,11.181,18.672,4.173,0,0.942,2.861,0,0,4.2,9.712,3.6,0,0,17.871,0,17.152,0,0,16.157,0,2095.108
31109001200,3310.14,0,53.718,10.232,49.581,22.036,160.548,59.025,3.633,1.4,0,739.16,22.305,83.15,367.52,4.922,0,46.009,149.285,0,0,8,4.7,19.998,0,0,26.759,11.916,47.016,10.625,0,21.016,0,5232.694
31109001301,1806.52,0,30.696,0,11.018,99.162,80.274,413.175,26.536,29.4,273.92,78.523,27.21,65.92,142.904,6.313,497.443,415.513,28.343,0,0,6.2,2.6,0,0,0,12.002,11.776,43.121,0,0,128.828,150.334,4387.73
31109001302,2020.14,0,0,0,11.018,0,0,0,0,1.4,1.498,32.881,15.019,20.99,43.279,4.922,0,36.6,31.458,0,0,3.3,23.9,0,0,0,28.35,6.457,28.034,0,0,15.515,0,2324.761
31109001400,2426.83,26.16,283.938,20.464,22.036,44.072,0,118.05,0,138.6,0,117.617,27.674,234.02,108.375,4.708,0.042,33.262,26.943,0,0,0,12.724,1,0,0,31.061,10.732,58.101,6.206,0,137.067,0,3889.682
31109001500,2669.53,0,15.348,0,38.563,66.108,26.758,0,1.816,123.2,51.146,51.176,5.018,59.78,163.636,17.013,483.705,136.185,17.921,0,0,9.609,2.5,0,0,0,28.401,14.8,73.723,0,0,22.814,2.878,4081.627
31109001600,2884.44,33.79,619.036,122.784,88.144,0,0,0,0,8.4,0,143.919,26.322,79.253,92.229,0.738,0,21.496,35.936,5.778,0,1.402,8.68,0,0,0,49.962,5.407,63.513,71.369,0,14.231,0,4376.829
31109001700,797.994,0,125.342,301.844,732.697,528.864,160.548,118.05,11.021,16.6,6.527,12.682,1.284,31.499,47.322,0,0,0,7.777,0,0,0,1.5,0,0,0,11.265,2.3,30.388,5.35,0,54.035,29.532,3034.421
31109001800,316.394,0,48.602,173.944,110.18,132.216,26.758,118.05,0,73.5,7.169,255.947,202.697,170.253,151.714,7.276,0,25.18,41.833,10.7,0,8.4,20.1,0,0,0,8.965,0,11.299,5.242,5.778,16.05,0,1948.247
31109001900,70.434,0,0,0,33.054,44.072,214.064,118.05,81.952,153.9,4.708,368.037,327.631,299.009,1214.19,142.738,0,30.736,274.285,17.237,0,3.7,84.209,7.699,1.7,0,6.472,7.329,217.766,505.886,53.138,77.276,88.691,4447.963
31109002001,163.83,0,143.248,286.496,314.013,374.612,240.822,59.025,0,55.3,0,27.216,8.04,20.053,82.087,0,0,0,10.222,0,0,0,24.462,0,0,0,3.414,2.728,85.358,632.448,0,16.692,6.848,2556.914
31109002002,247.078,0,120.226,281.38,325.031,352.576,160.548,59.025,5.029,30.2,0,64.651,42.075,26.869,194.64,0,0,1.07,51.108,0,0,0,1.836,0,0,0,11.615,0.229,24.358,278.172,65.912,15.622,0,2359.25
31109002100,646.204,85.02,202.082,51.16,66.108,11.018,0,0,8.026,14.7,0,89.238,154.123,99.182,224.812,0,0,24.824,29.392,0,0,308.9,156.899,14.9,0,0,69.961,2,47.111,40.874,0,18.405,25.454,2390.393
31109002200,1968.02,0,409.28,475.788,203.833,99.162,0,0,0,175.5,45.689,85.956,100.921,110.28,197.012,11.984,246.742,51.463,30.682,0,0,22.009,25.8,90.299,0,0,133.127,28.107,87.031,30.281,0,14.445,6.634,4650.043
31109002300,2712.61,0,552.528,337.656,88.144,55.09,80.274,0,0,98,25.573,67.327,21.663,45.031,74.508,0,0,19.765,8.943,2.461,0,7.7,12.954,0,0,0,40.178,29.141,45.175,0,0,19.474,0,4344.196
31109002400,2143.72,0,28.138,51.16,0,0,0,0,6.206,0,0,49.434,8.346,15.065,70.348,1.712,0,12.852,49.05,0,0,0,1.9,0,0,0,8.162,12.85,27.928,0,0,16.821,0,2503.692
31109002500,3312.46,25.07,109.994,0,0,0,26.758,118.05,0,2.1,0,116.96,15.622,66.682,85.06,3.317,0,12.797,67.645,8.881,0,6.007,1.5,0,0,0,31.101,19.44,72.61,24.98,0,47.08,0,4174.114
31109002701,793.35,0,145.806,112.552,192.815,176.288,26.758,118.05,0,181.6,0,58.818,23.637,74.553,76.03,10.058,0,12.198,27.927,4.28,0,3.6,4.94,0,1.581,0,39.252,7.986,14.509,0,0,22.79,610.435,2739.813
31109002702,2993.57,0,17.906,0,154.252,121.198,0,0,0,75.6,19.046,95.01,32.781,107.617,61.658,4.814,4.387,24.066,33.384,2.568,0,7.8,1.6,0,1.8,0,43.298,7.34,0,6.313,0,48.15,0,3864.158
31109002800,2813.75,0,148.364,20.464,214.851,154.252,26.758,0,0,0,0,155.471,21.828,66.077,110.411,20.999,0,18.653,40.813,0,0,3.9,3.39,1.8,0,0,60.992,27.353,23.153,10.593,14.98,13.375,0,3972.227
31109002900,782.514,239.8,69.066,61.392,220.36,594.972,535.16,118.05,97.372,2.1,0,741.098,972.157,243.616,261.737,15.106,0,4.815,265.224,0,0,718.404,551.436,71.8,117.736,0,323.396,40.035,26.729,0,0,1.712,0,7075.787
31109003001,3012.15,0,53.718,46.044,0,66.108,107.032,236.1,33.705,4.2,5.778,798.549,22.489,40.154,56.08,3.532,0,24.087,11.047,0,0,2.8,0,2,0,0,29.871,3.972,15.194,0,0,0,0,4574.609
31109003002,1394.49,0,30.696,0,38.563,11.018,321.096,0,8.239,3.5,0,69.24,45.797,44.891,91.378,18.137,0,0,41.63,0,0,71,1.012,3.499,0,0,40.994,0.985,24.246,0,0,29.532,0,2289.943
31109003003,1736.08,244.16,0,56.276,44.072,253.414,107.032,0,53.607,52.5,16.05,167.303,359.306,88.359,74.733,0,0,36.978,58.463,0,0,10.299,85.025,0,4.9,0,59.653,6.487,53.325,37.985,0,19.153,0,3625.16
31109003102,2719.84,0,0,0,16.527,77.126,187.306,0,142.631,0,0,126.502,256.929,28.872,243.337,1.284,0,8.606,31.887,0,0,2070.85,584.323,11.1,1.581,0,28.649,12.723,45.048,0,0,15.515,0,6610.637
31109003103,710.618,413.11,0,5.116,5.509,0,26.758,0,3.317,0,0,9.714,3.424,6.683,3.948,0,0,0,2.354,0,0,0,1.5,0,0,0,8.324,0,33.919,15.836,0,13.803,4.494,1268.427
31109003104,1388.04,703.05,46.044,15.348,71.617,99.162,187.306,59.025,45.435,0,0,37.923,21.379,27.821,34.08,88.583,0,0.835,9.844,0,0,3.2,0,85,0.79,0,13.476,0.91,4.194,0,0,13.803,0,2956.865
31109003202,1215.7,19.62,294.17,0,0,0,0,0,0,0,0,2.311,4.115,20.947,7.464,0,0,0,0,0,0,0,0,0,0,0,23.293,0.985,0,10.625,0,15.301,0,1614.531
31109003301,1279.68,83.93,66.508,71.624,33.054,198.324,347.854,59.025,0,5.6,0,222.919,481.696,71.861,110.895,0,0,8.523,82.228,0,0,19.5,36.511,0,0,0,65.332,10.986,19.046,17.013,0,11.792,4.494,3308.395
31109003302,1803.42,65.4,99.762,0,0,0,0,0,23.433,4,0,56.8,130.753,39.685,11.784,0,0,0,5.081,0,0,0,62.398,0,0,0,44.56,5.542,4.601,0,0,0,0,2357.219
31109003401,2399.4,21.8,0,0,0,66.108,0,0,0,121.2,0,21.465,29.638,11.988,26.588,0,0,0,7.219,0,0,0,2.2,0,0,0,40.8,4.1,9.437,11.984,0,14.445,0,2788.372
31109003402,2643.98,180.94,0,0,159.761,99.162,53.516,0,0,0,2.461,44.945,65.804,28.643,96.436,0,0,2.14,9.095,0,0,250.992,13.5,3.1,0,0,33.877,15.871,17.227,27.606,0,0.664,0,3749.72
31109003500,0,0,0,0,0,0,0,0,0,148.4,0,3.103,0,4.173,0,0,0,0,5.722,0,0,0,0,0,0,0,0,0,0,0,0,0,0,161.398
31109003601,0,0,0,0,0,0,0,0,0,112.5,0,0,0,0,0,0,0,0,0,0,0,0,0,0,0,0,0,0,0,43.763,0,0,0,156.263
31109003604,2219.32,0,0,0,0,0,0,0,0,13.3,0,64.349,70.717,22.502,148.882,0,61.204,11.23,56.508,2.461,0,28.109,2.8,8.9,0,0,159.883,32.798,20.093,25.252,0,5.564,0,2953.872
31109003605,2082.06,0,0,97.204,22.036,22.036,0,0,33.17,8.6,0,231.755,601.918,93.302,176.676,4.387,0,2.461,44.579,7.49,0,9.9,52.9,167.301,2.371,0,87.646,6.54,113.206,9.951,0,17.291,0,3894.78
31109003607,1380.82,0,35.812,56.276,82.635,44.072,107.032,0,0,0,0,75.349,18.618,15.301,34.54,6.741,0,0,7.811,1.497,0,9.099,4.537,0,0,0,4.669,4.87,4.194,0,0,0,0,1893.873
31109003608,400.932,0,0,0,11.018,121.198,53.516,59.025,0,0,0,18.511,1.07,1.059,33.957,0,0,0,5.479,0,0,0,0,0,0,0,7.19,0.91,0,0,0,0,0,713.865
31109003609,1558.66,0,0,0,0,0,107.032,0,3.638,0,0,14.594,3.317,28.676,62.015,0.738,0,2.887,8.261,0,0,0,1,0,0,0,10.21,13.2,1.605,0,0,16.714,0,1832.547
31109003704,1778.14,7.63,115.11,46.044,137.725,286.468,321.096,118.05,0,2.1,0,86.372,89.441,87.408,134.285,7.597,0,0.942,154.936,4.066,0,2.3,11.964,0,0,0,51.133,8.5,34.24,2.675,0,4.494,0,3492.716
31109003706,2472.41,0,0,35.812,60.599,242.396,321.096,354.15,0,81.2,30.066,57.713,42.8,27.234,242.334,2.782,0,25.863,17.053,0,0,0,13.086,8,0,0,31.382,2.4,29.742,0,0,29.21,0,4127.327
31109003707,4278.67,23.98,15.348,56.276,38.563,187.306,53.516,59.025,19.474,8.4,10.38,152.98,21.448,82.191,164.785,48.365,0,69.477,49.754,5.029,0,8.699,0.94,2.5,0,0,65.561,8.76,31.179,0,0,16.263,0,5478.87
31109003708,1873.08,18.53,0,10.232,0,99.162,187.306,236.1,0,0,23.433,241.504,10.029,53.253,161.047,9.416,0,53.286,58.999,0,0,6.302,6.001,0.7,0,0,18.95,8.6,8.239,0,0,0,0,3084.169
31109003709,2447.04,7.63,0,10.232,82.635,132.216,80.274,0,0,3.5,0,27.507,1.926,36.346,128.657,4.708,0,20.168,8.453,2.572,0,0,5.112,2,0,2,21.4,6.087,38.305,0,0,33.384,0,3102.152
31109003713,1647.67,0,0,0,0,0,0,0,0,0,0,8.774,3.638,0.845,26.37,1.284,0,2.916,3.103,0,0,0,1.5,3.6,0,0,10.744,3.3,34.432,0,0,57.673,3.317,1809.166
31109003714,1256.98,0,12.79,0,0,0,0,0,3.21,2.1,0,110.294,25.895,55.084,131.885,0,0,296.639,42.051,11.879,0,6.103,2,2,0,0,40.349,18.77,17.12,8.774,0,4.279,0,2048.202
31109003715,1600.2,0,15.348,56.276,5.509,22.036,0,0,0,0,0,7.625,10.914,1.765,33.857,0,0,3.99,23.345,0,0,0,9.152,0,0,0,13.67,8.536,0,0,0,0,0,1812.223
31109003716,2394.76,0,0,10.232,16.527,154.252,80.274,0,30.88,40.6,0,149.945,26.381,13.797,86.866,0,25.145,29.746,3.103,0,0,0,2.025,0,0,0,16.26,5.3,10.657,0,0,0,0,3096.75
31109003717,1246.14,0,0,66.508,0,11.018,187.306,0,0,22.4,0,35.952,12.412,24.904,67.074,0,0,34.872,26.875,0,0,5.099,130.3,15,0,0,24.4,3.479,38.648,0,0,21.614,45.582,2019.583
31109003718,1687.23,0,0,0,0,0,0,0,0,0,2.462,37.591,3.843,17.631,300.353,0,0,32.026,60.145,0,0,5.609,2.613,0,0,0,16.291,16.928,107.524,0,0,0,0,2290.246
31109003719,1992.28,4.36,7.674,15.348,0,0,0,0,0,0,0,64.813,15.934,17.432,33.244,0,0,1.14,9.738,0,0,0,54.086,2.7,0,0,31.146,10.066,18.083,0,0,5.029,0,2283.073
31109003720,1044.38,7.63,0,0,0,0,0,0,3.21,0,0,0.941,3.842,5.35,27.486,0,0,1.71,2.032,0,0,0,0,0,0,0,36.001,3.786,0,0,0,6.42,0,1142.788
31109003801,2484.11,0,0,35.812,126.707,77.126,80.274,236.1,0,2.1,17.227,26.128,22.831,16.852,178.706,9.438,0,176.919,4.961,0,0,0,4.212,0,0,0,18.704,23.944,39.524,8.239,0,13.375,0,3603.289
31109003802,1622.3,0,0,51.16,27.545,11.018,26.758,0,0,0,5.778,100.788,32.577,32.585,101.986,11.984,26.001,59.09,0,0,0,2,4.962,0,0,0,8.812,17.95,39.546,26.215,0,34.24,0,2243.295
31109010100,3171.85,30.52,12.79,102.32,5.509,44.072,0,0,0,35,15.194,77.988,76.034,37.214,110.376,11.235,0,5.83,33.277,4.066,0,39.113,4.912,3,0,0,106.632,77.65,52.534,3.4,0,51.703,0,4112.22
31109010201,1464.41,0,0,5.116,88.144,330.54,0,0,5.457,0,0,0,3.317,3.852,3.852,0,0,0,2.461,0,0,0,0,0,0,0,6.48,3.9,7.383,0,0,0,0,1924.912
31109010202,2461.32,126.44,0,0,0,11.018,0,0,0,17.5,0,65.39,37.638,39.268,67.829,0,0,0.792,33.27,10.7,0,19.4,1.5,4,0,0,80.348,73.186,29.426,6.598,18.09,34.262,0,3137.975
31109010300,2256.98,68.67,2.558,0,0,0,0,0,0,30.8,0,88.391,60.446,36.729,52.37,5.671,0,0,42.092,1.498,0,4.9,6.812,6.3,0,0,53.069,90.149,27.991,5.95,11.759,11.342,0,2864.477
31109010400,4184.24,116.63,61.392,15.348,22.036,0,0,0,0,23.8,0,53.272,68.852,93.982,81.832,10.272,0,4.205,32.471,0,0,10.114,14.55,0,0,0,127.228,161.365,89.024,13.205,0,59.391,0,5243.209
31109983200,2.236,0,0,0,0,0,0,0,0,16,0,20.92,31.264,449.471,261.558,0,0,0,6.353,0,0,262.099,160.401,39,0,0,1.544,85,57.78,69.471,15.729,0,0,1478.826
31111959700,2281.75,173.31,5.116,0,11.018,0,0,0,43.549,0,0,101.283,63.647,30.593,64.101,2.461,0,3.352,41.49,2.461,0,3,12,0,0,0,17.36,140.975,26.804,8.096,0,24.717,1.177,3058.26
31111959800,1935,107.91,30.696,66.508,0,11.018,0,0,10.7,37.8,0,73.309,52.951,37.166,30.657,7.087,0,1.605,18.692,0,0,19.5,0,3,0,0,17.972,61.572,41.408,7.57,11.306,40.768,0,2624.195
31111959900,2361.22,517.75,166.27,81.856,77.126,0,107.032,0,48.039,0,0,129.71,168.001,102.53,54.431,2.996,0,4.76,41.556,0,0,22.899,6.125,2,2.371,0,97.448,19.583,27.306,14.445,0,7.062,0,4062.516
31111960200,1860.35,353.16,230.22,46.044,93.653,77.126,0,0,40.874,34.1,9.951,935.903,133.555,213.429,241.121,40.232,0,39.892,115.206,0,0,1.5,24.6,5.9,3,0,64.117,17.007,93.732,105.138,5.35,66.34,9.915,4861.415
31111960300,2455.9,0,191.85,25.58,27.545,11.018,0,0,0,23.8,4.066,44.789,32.956,50.251,45.196,0,0,29.639,12.452,0,0,0,2,0,0,0,34.989,9.086,26.856,0,0,18.19,0,3046.163
31111960400,3062.2,229.99,58.834,35.812,27.545,0,53.516,0,0,39.9,27.071,47.292,16.294,49.479,55.198,12.947,0,8.775,0,0,0,3.8,42.412,0,0,0,55.902,22.065,96.428,0,0,0,0,3945.46
31111960500,2294.91,25.07,0,317.192,82.635,88.144,107.032,236.1,145.522,221.1,86.028,429.253,193.359,98.133,162.385,8.239,0,119.402,165.155,22.149,0,148.932,10.3,22.7,5.4,1.2,42.235,56.047,54.249,57.098,8.988,19.26,43.323,5271.539
31111960600,2518.6,102.46,0,0,0,0,0,0,5.559,0,0,53.414,50.446,13.595,56.433,5.029,0,1.712,14.709,0,0,0,2.2,0,2.9,0,42.65,180.53,25.208,12.076,0,22.086,0,3109.607
31113957500,574.308,26.16,0,0,0,0,0,0,0,0,0,20.577,25.242,0,7.8,4.601,0,0,18.985,0,0,1.5,4.8,1,0,0,3.2,35.48,19.345,1.602,1.819,16.906,0,763.3249
31115972800,485.04,54.5,0,0,0,0,0,0,8.774,0,0,5.702,1.819,9.465,0.916,0,0,0,1.038,0,0,0,3.1,0,0,0,2,22.6,9.095,3.681,0,15.087,0,622.817
31117957900,366.876,30.52,5.116,15.348,0,0,0,0,5.243,0,0,4.173,10.486,1.915,2.782,0,0,0,1.926,0,0,0,0,4,0,0,2.3,19.42,5.992,7.899,0,4.066,0,488.062
31119960600,2523.76,0,94.646,61.392,66.108,66.108,107.032,0,6.206,227.1,0,158.793,335.446,76.734,76.172,0,0,7.132,16.465,0,0,2.9,6.1,0,0,0,53.308,12.999,27.072,40.552,0,26.214,12.305,4004.544
31119960700,1002.42,0,43.486,260.916,264.432,187.306,53.516,0,0,0,0,160.077,232.171,70.089,121.136,20.231,0,34.561,105.611,0,0,143.8,100.3,82.501,0,0,78.617,26.17,67.195,22.987,0,93.158,0,3170.68
31119960801,2136.5,0,0,107.436,44.072,121.198,80.274,59.025,36.161,173,13.909,99.173,65.298,42.985,68,9.095,1.926,23.893,13.679,0,0,6.2,3.212,1,0,0,37.048,30.149,23.433,6.375,11.877,98.615,12.84,3326.373
31119960802,1698.16,0,17.906,15.348,16.527,11.018,107.032,0,5.458,0,0,59.898,76.634,15.521,78.577,2.568,53.5,67.562,32.163,0,0,40.1,7.5,0,0,0,31.985,25.006,26.279,0.728,0,16.799,0,2406.27
31119960900,2011.37,171.13,189.292,112.552,27.545,66.108,53.516,118.05,12.626,64.8,8.774,104.557,18.939,81.39,80.838,19.259,119.626,72.097,57.786,0,0,2.2,8.9,0,0,0,26.216,4.32,40.724,0,0,27.285,0,3499.899
31119961000,1556.51,41.42,28.138,61.392,27.545,99.162,26.758,0,25.252,9.8,0,222.58,85.26,76.436,173.034,30.602,0,21.871,72.54,14.232,0,0,56.225,14.5,0,0,976.763,6.73,98.352,48.804,24.34,55.639,0,3853.885
31119961100,924.93,80.66,0,20.464,5.509,11.018,0,0,60.991,0,0,545.781,1200.74,189.205,60.206,16.383,44.833,8.85,81,0,0,197.023,89.7,133.1,28.8,0,124.469,37.01,13.718,15.729,0,8.453,0,3898.572
31119961200,2116.89,74.12,20.464,0,11.018,0,0,0,0,28.7,18.832,24.456,28.355,23.084,43.183,5.136,0,6.413,17.784,0,0,11.502,3.9,0,1.9,0,28.046,67.9,36.273,3.739,0,31.93,0,2603.625
31119961300,2451,151.51,0,76.74,22.036,11.018,0,0,3.632,76.2,23.219,82.888,95.912,69.906,112.731,32.849,0,11.662,31.919,0,0,13.3,7.425,25.601,0,0,32.287,157.893,72.909,8.191,1.809,103.882,0,3676.52
31121966600,1421.06,87.2,0,5.116,5.509,11.018,0,0,0,0,0,47.113,40.66,21.515,24.413,11.77,0,3.959,11.014,0,0,16.3,1.5,8,3.6,0,20.582,139.551,33.618,3.825,0,4.387,0,1921.71
31121966700,1405.58,208.19,0,0,5.509,0,0,0,0,37.8,5.243,32.514,37.333,27.288,38.974,4.601,0,0,17.712,0,0,2.3,3.6,46.6,0,0,33.247,149.464,32.87,4.675,7.383,27.82,0,2128.703
31121966800,1739.95,94.83,35.812,40.928,27.545,0,53.516,0,16.114,84.2,23.97,110.589,62.022,39.496,73.699,21.079,53.668,8.989,40.951,2.675,0,32.305,1.013,0,5.4,0,30.514,30.557,48.686,9.695,0,68.052,3.959,2760.214
31123952500,2869.22,252.88,81.856,35.812,16.527,0,0,0,31.994,55,13.91,185.431,91.944,53.553,61.194,14.98,0,12.233,37.262,0,0,14.401,7,2.6,0,0,24.302,348.916,78.067,40.861,0,93.197,2.877,4426.016
31125966100,2240.99,104.64,23.022,66.508,5.509,11.018,26.758,0,21.079,100.1,41.075,122.845,57.732,55.77,52.559,19.046,14.766,8.218,29.477,0,0,0.8,7.9,0,0,0,27.836,144.703,50.182,20.964,0,41.947,2.034,3297.478
31127968100,2192.23,120.99,43.486,40.928,0,33.054,0,0,10.906,152.8,0,34.999,21.184,14.242,28.966,5.349,0,3.222,19.068,0,0,0,3.036,4.8,0,0,14.052,104.66,16.264,11.051,22.613,29.752,46.117,2973.769
31127968200,1919.69,65.4,7.674,127.9,77.126,33.054,53.516,59.025,9.844,65,26.963,178.187,100.652,101.555,82.792,15.301,32.1,23.005,75.973,0,0,200.9,11.166,0,0,0,37.595,83.187,76.719,43.724,18.091,52.002,0,3578.14
31129960000,1624.11,11.99,0,10.232,0,11.018,0,0,3.424,0,14.446,35.957,70.61,40.517,23.675,5.885,0,5.671,22.075,0,0,0,3.1,0,0,0,17.765,185.736,43.998,15.751,18.995,27.746,0,2192.701
31129960100,1344.18,11.99,23.022,61.392,11.018,11.018,26.758,0,13.905,41.3,19.26,109.06,29.737,71.988,69.956,13.589,16.05,17.548,42.693,0,0,4.827,15,0,0,0,20.386,25.17,266.473,5.148,0,35.416,0,2306.884
31131966600,1377.72,40.33,0,0,0,0,0,0,1.177,0,0,11.375,20.105,6.176,20.219,3.424,0,1.711,10.666,0,0,2.7,0,3.1,0,0,23.045,86.251,10.165,7.65,10.854,2.675,0,1639.343
31131966700,1928.81,73.03,10.232,35.812,16.527,11.018,26.758,0,5.35,54.6,21.507,133.909,19.621,33.576,74.194,23.433,0,7.17,37.333,1.498,0,59.401,23.226,40.598,0,0,33.322,62.827,37.717,18.469,0.452,16.576,3.318,2810.285
31131966800,1883.92,63.22,7.674,5.116,5.509,0,0,0,0,0,0,33.868,20.716,25.491,36.382,12.476,0,0,4.647,0,0,8.9,4.625,0,0,0,33.649,63.806,16.585,3.825,11.307,14.124,0,2255.84
31131966900,2423.65,114.45,12.79,0,27.545,11.018,107.032,0,58.851,139.3,24.182,232.356,83.178,70.031,50.656,0,0,11.872,60.431,1.498,0,249.9,87.761,64.2,0,0,41.776,124.608,49.755,32.1,0,28.72,0,4107.66
31131967000,1482.73,51.23,79.298,97.204,82.635,44.072,0,0,0,36.1,12.84,150.368,39.239,88.694,96.114,22.577,26.75,22.075,40.391,5.457,0,0,6.7,7.599,0,0,35.005,7.276,99.894,29.523,0,31.137,0,2594.908
31133967800,1963.12,115.54,17.906,46.044,0,0,0,0,5.243,27.3,29.639,38.486,47.2,43.957,32.07,18.361,16.799,2.568,19.519,0,0,2.362,7.2,30,0,0,21.619,105.097,28.482,21.973,41.606,24.288,0,2706.379
31135959300,1940.93,45.78,12.79,56.276,0,0,26.758,0,8.453,30.8,4.708,69.229,121.238,61.766,61.029,18.618,24.172,9.202,28.182,0,0,39.1,3.5,0,0,0,46.192,253.165,43.72,36.642,9.045,27.587,0,2978.882
31137967000,1355.79,9.81,94.646,122.784,0,44.072,53.516,0,23.219,63.6,171.2,170.481,122.533,72.75,124.584,34.347,0,13.824,68.245,9.095,0,211.478,83.701,0,0,0,29.004,43.052,56.067,33.384,1.819,22.684,7.194,3042.879
31137967100,1620.76,161.32,74.182,51.16,11.018,44.072,26.758,0,3.633,66.5,41.409,71.444,56.283,42.166,85.502,0,0,22.019,58.817,0,0,0,79.6,0,0,0,44.25,56.228,90.135,21.079,0,39.27,0,2767.605
31137967200,2061.94,61.04,0,20.464,11.018,0,0,0,5.243,15.4,1.164,58.695,108.499,50.415,54.967,10.379,0,3.852,27.914,0,0,3.5,7.604,1,0,0,29.043,345.616,51.745,11.626,19.447,42.907,0,3003.478
31139979100,2260.08,90.47,28.138,40.928,5.509,0,0,0,0,38.3,16.478,78.234,49.926,42.886,48.685,6.099,0,6.847,25.157,1.498,0,8.802,2.7,0,1.7,0,19.45,83.732,33.812,14.094,11.759,31.244,3.317,2949.845
31139979200,1977.83,65.4,33.254,25.58,22.036,11.018,0,0,41.409,35.7,16.799,155.726,112.47,68.425,54.838,11.398,43.209,4.742,46.962,0,0,50.5,8.9,35,6.3,0,34.63,171.559,49.776,13.556,0,76.398,0,3173.414
31141965100,2178.04,90.47,25.58,0,0,0,0,0,5.457,0.7,0,108.038,109.772,61.821,46.425,4.708,0,0.942,25.398,0,0,8.4,13.2,0,0,0,55.445,260.701,25.787,12.324,11.307,40.126,0,3084.641
31141965298,1976.8,19.62,0,0,0,0,0,0,0,0.7,0,51.662,53.384,38.464,24.911,9.951,0,0,21.305,0,0,32.3,5,6.7,1.581,0,31.545,140.766,31.993,10.682,2.261,29.639,0,2489.264
31141965300,3228.7,168.95,99.762,71.624,269.941,176.288,133.79,59.025,1.177,157.3,19.26,228.764,101.115,109.13,138.86,10.379,67.517,44.148,71.408,12.413,0,88.401,27.112,12.499,0,0,98.732,84.356,82.645,17.549,0,47.508,45.368,5673.72
31141965400,1921.07,428.37,15.348,81.856,0,0,26.758,0,16.8,0,0,120.46,130.861,42.413,111.153,25.802,0,8.591,23.068,0,0,104.7,207.9,96.8,0,10,31.586,36.041,28.91,11.77,0,40.66,0,3520.917
31141965500,2671.59,64.31,109.994,81.856,11.018,88.144,26.758,0,76.076,46,15.194,60.739,160.811,81.684,316.999,8.132,0,13.819,88.613,0,0,229.204,366.3,207.4,21.7,0,124.007,35.972,31.201,2.364,0,41.104,0,4980.989
31141965600,2149.4,0,61.392,337.656,44.072,0,0,0,16.05,17.2,0,296.486,88.324,212.235,224.614,33.499,5.651,60.095,100.423,2.354,0,89.3,218.7,7.4,1.85,0,31.731,25.58,225.245,76.994,27.499,42.255,5.136,4401.142
31141965700,1730.41,39.24,43.486,66.508,11.018,0,0,0,4.815,4.2,0,115.247,975.198,83.132,63,2.952,0,0,43.829,0,0,77.341,2.312,13.4,0,0,69.289,26.66,24.223,12.84,0,26.857,0,3435.957
31143960000,1591.34,195.11,0,10.232,5.509,22.036,0,0,5.243,29.5,19.26,44.405,53.522,21.912,26.48,4.708,19.902,1.284,14.231,0,0,25,0,0,0,0,12.96,112.158,15.729,32.193,16.778,31.458,0,2310.95
31143960100,2092.9,26.16,15.348,20.464,27.545,11.018,26.758,0,5.136,56.7,0,64.184,46.535,71.493,42.563,18.832,0,6.762,19.736,0,0,2.805,5.3,1.9,0,0,30.66,158.357,69.999,9.484,0,73.83,0,2904.469
31145963100,1785.62,119.9,33.254,0,0,0,0,0,0,0,0,67.464,53.104,19.509,39.773,4.066,0,3.852,18.859,1.498,0,6.4,2.025,14,6.681,0,26.52,109.27,25.87,11.425,22.613,30.432,5.136,2407.271
31145963200,2285.62,296.48,56.276,76.74,11.018,22.036,107.032,0,25.573,124,30.268,258.545,16.555,147.438,135.991,6.634,0,18.019,65.49,0,0,4.002,18.1,1.9,0.79,0,37.854,28.915,130.516,6.096,0,61.204,40.998,4014.09
31145963300,1917.2,26.16,40.928,112.552,27.545,44.072,26.758,0,67.924,7.7,0,259.864,93.226,73.688,90.825,50.932,159.216,33.384,26.79,0,0,15,105.849,5.6,61.49,0,33.152,5.606,84.851,18.329,0,45.796,0,3434.437
31147964500,1256.72,111.18,10.232,0,0,0,0,0,0,0,0,20.224,34.026,5.439,8.577,3.317,0,0,14.27,0,0,0,0,0,0,0,10.779,56.379,17.655,7.674,2.714,15.515,0,1574.701
31147968500,1518.59,62.13,0,40.928,11.018,0,0,0,3.103,35.7,15.836,47.971,53.764,39.926,40.658,8.453,0,2.14,22.549,0,0,5,6.5,20.6,1.8,0,6.24,87.62,15.836,11.614,2.713,38.534,0,2099.223
31147968600,2586.45,66.49,43.486,66.508,0,22.036,80.274,59.025,36.701,69.2,44.298,218.558,161.955,125.007,118.882,24.503,50.076,25.501,48.276,0,0,68.8,93.54,0,2.6,0,55.259,93.472,114.36,30.334,19.253,93.383,0,4418.227
31149974600,1070.7,50.14,10.232,20.464,5.509,0,0,0,5.457,21,10.379,54.034,46.855,40.773,34.225,9.207,13.697,7.742,8.926,0,0,10.905,9.64,0,0,0,12.672,105.041,28.248,12.878,0,24.289,0,1613.013
31151960600,2641.92,137.34,46.044,168.828,187.306,55.09,107.032,59.025,0,365,34.668,259.797,81.311,127.522,123.416,14.466,0,22.235,89.992,7.598,0,38.8,7.4,152.7,0,0,48.444,62.331,98.097,13.598,27.535,36.593,45.047,5059.135
31151960700,1374.62,6.54,10.232,46.044,16.527,0,0,0,0,25.2,0,73.812,64.618,24.364,33.075,7.811,0,10.414,44.344,0,0,36.5,5.325,0,0,0,22.442,110.526,27.991,14.941,11.758,35.631,0,2002.715
31151960800,1111.21,56.68,0,0,0,0,0,0,0,0,0,14.279,25.177,16.595,18.386,3.424,0,0,9.416,0,0,0,0,0,0,0,4.172,109.086,8.881,3.4,0.452,10.914,0,1392.072
31151960900,1874.63,28.34,20.464,61.392,5.509,0,0,0,3.21,68.5,21.186,51.286,4.034,41.749,27.062,15.942,0,3.852,14.452,0,0,120.1,2.6,0,0.64,0,18.628,593.668,39.59,23.308,13.054,101.971,0,3155.167
31153010103,2114.57,0,0,20.464,154.252,176.288,26.758,0,1.926,0,0,26.926,11.44,23.842,81.374,0,0,4.666,9.523,0,0,58.9,13.9,0,0,25.1,33.272,3.236,34.368,5.525,0,9.159,0,2835.489
31153010104,848.304,0,40.928,15.348,33.054,55.09,0,0,5.564,0.3,0,89.614,22.333,31.33,32.054,4.601,0,0,50.438,0,0,0,7,0,0,0,9.044,1.9,38.306,0,0,0,0,1285.208
31153010105,1400.94,0,17.906,20.464,88.144,110.18,80.274,0,23.861,0,0,83.083,24.182,44.909,90.365,18.297,0,27.125,75.948,0,0,1.6,2.5,0,0,0,14.452,2.957,36.401,9.35,0,41.73,37.45,2252.118
31153010106,1624.88,0,46.044,122.784,181.797,88.144,294.338,0,0,12.6,0,53.527,3.745,236.061,110.053,2.461,2.889,31.367,23.219,0,0,0,5.8,0,0,0,37.529,5.5,32.528,8.346,5.243,19.142,0,2947.997
31153010107,1583.6,7.63,0,61.392,115.689,33.054,26.758,0,0,0,0,64.665,0,35.275,24.09,1.713,0,3.424,26.061,0,0,2,5.599,3.101,0,0,16.801,4.199,0,0,0,1.07,0,2016.121
31153010108,1685.51,0,48.602,51.16,55.09,88.144,80.274,0,0,6.3,8.56,278.097,73.616,40.14,89.355,4.066,0,14.017,42.412,1.498,0,7.904,3.7,63.7,0,0,31.724,8.186,27.541,38.674,0,43.976,0,2792.247
31153010203,2700.23,0,0,0,60.599,55.09,53.516,0,0,77,0,56.698,15.612,20.865,60.136,25.573,0,21.624,26.429,1.498,0,17.012,2.911,0,3,0,18.4,9.801,10.914,0,0,15.836,0,3252.744
31153010204,1238.14,0,0,10.232,55.09,286.468,107.032,0,9.095,0,0,22.457,25.311,28.693,64.739,0,99.725,8.523,26.001,0,0,70.132,9.786,0,0,0,68.954,5.001,7.706,3.275,0,0.003,0,2146.363
31153010205,2676.49,0,0,0,22.036,0,0,0,0,0,0,9.338,7.823,11.647,29.874,0,0,0,5.169,0,0,0,1.2,0,0,0,17.803,2.201,17.655,0,0,14.446,0,2815.682
31153010206,2292.42,0,12.79,0,38.563,33.054,0,0,0,3.5,0,18.218,4.491,16.999,77.529,1.819,0,6.663,10.636,0,0,0,0,0,0,0,8.924,2.8,2.996,0,0,15.109,0,2546.511
31153010207,823.536,0,0,15.348,11.018,121.198,214.064,0,0,0,4.28,3.638,3.424,3.199,20.431,0,0,0,22.149,0,0,0,0,0,0,0,4.09,0,2.097,5.135,0,0,0,1253.607
31153010208,1687.32,78.48,17.906,0,0,55.09,0,0,5.671,0,0,19.394,42.25,20.427,47.135,0,0,0,27.575,0,0,40.4,0,55.397,0,0,24.006,35.011,3.21,0,0,11.663,0,2170.935
31153010302,352.944,0,17.906,0,0,0,0,0,0,354.4,0,119.744,0.753,0.927,52.403,0,9.697,0,0,0,0,7.271,4.29,0,0,0,3.885,4.284,28,770.339,0,32.397,5.328,1764.568
31153010305,1154.81,0,30.696,0,0,22.036,0,0,0,0,0,0.691,0,1.104,6.446,0,0,0,12.072,0,0,0,0,0,0,0,1.549,0,0,0,0,12.432,0,1241.836
31153010306,1444.54,0,28.138,0,0,0,0,0,0,0,0,0.111,0.003,0.179,1.049,0,0,0.005,0.448,0,0,1.388,0,3,0,0,1.149,0,2.996,0,0,2.013,0,1485.019
31153010401,1168.22,73.03,30.696,30.696,93.653,11.018,0,59.025,62.06,10.5,39.59,59.642,20.278,108.518,166.451,12.84,0,22.364,107.286,0,0,7.011,32.3,0,0,0.714,9.662,0,0,10.598,0,13.91,0,2150.062
31153010402,1800.07,346.62,161.154,81.856,55.09,33.054,26.758,0,1.177,5.5,0,35.498,19.251,49.129,42.14,1.926,0.038,2.14,5.318,6.527,0,0.029,4.422,37,0,0,19.117,7.251,39.516,20.521,0,16.67,0.021,2817.793
31153010501,3418.5,17.44,17.906,25.58,0,99.162,80.274,0,0,7.7,0,23.83,26.566,25.493,23.472,2.996,0,0,2.802,0,0,15.3,2.024,0,0,0,31.586,5.786,70.684,0,0,14.873,0,3911.974
31153010502,2315.03,0,15.348,10.232,11.018,66.108,26.758,0,0,0,0,22.725,7.747,81.461,27.53,0,0,3.745,15.593,0,0,27,1.3,0,0,0,31.735,30.143,48.054,2.975,0,48.792,0,2793.294
31153010503,1753.88,0,12.79,30.696,0,66.108,0,0,0,4.2,0,32.368,6.206,16.423,29.736,0,0,2.45,0,0,0,14.023,2.512,0,0,0,16.947,8.8,15.59,0,0,14.552,0,2027.281
31153010614,2388.82,0,40.928,51.16,49.581,55.09,26.758,0,0,0,0,118.429,7.511,35.006,33.427,8.453,0,7.383,97.71,2.572,0,0,0,0,0,0,12.782,4.61,20.972,0,0,0,0,2961.192
31153010615,1162.55,0,0,0,0,0,0,0,0,0,0,12.789,0,3.638,7.764,0,0,1.391,5.75,0,0,4.206,0,0,0,0,7.527,3.3,1.07,0,0,0,0,1209.985
31153010616,1662.55,41.42,0,46.044,33.054,88.144,53.516,0,0,2.4,8.774,128.378,80.714,92.554,110.141,0,0,13.031,29.104,0,0,18.102,40.968,18.1,0,0,121.334,13.999,23.925,25.5,6.526,0,0,2658.278
31153010617,3068.31,18.53,17.906,0,0,44.072,53.516,0,0,11.9,1.498,52.205,55.463,81.93,98.059,9.849,0,26.285,86.783,1.286,0,8.2,4.612,0,0,0,55.029,11.23,49.969,12.733,0,108.448,0,3877.813
31153010618,3526.6,0,0,0,0,0,0,59.025,0,0,0,1.819,6.83,4.291,53.414,0,0,8.128,28.295,30.068,0,0,0,0,0,0,17.735,4,9.416,0,0,15.622,0,3765.243
31153010619,1418.48,0,0,15.348,220.36,209.342,214.064,0,0,15.5,0,22.255,20.643,88.573,63.569,16.371,4.601,18.194,31.075,0,0,2.601,19.1,0,0,0,17.699,13.121,18.19,47.722,0,21.935,0,2498.743
31153010620,1134.68,20.71,0,122.784,38.563,88.144,107.032,118.05,5.243,109.4,0,21.079,12.724,39.783,44.93,0,0,35.321,14.232,0,0,5.8,1.5,0,0,0,5.295,4.211,58.586,0,0,0.664,0,1988.731
31153010621,1950.48,0,15.348,20.464,176.288,727.188,160.548,0,0,0,9.416,141.24,13.268,24.642,62.322,0,0,13.482,21.614,0,0,2.501,14.3,7.7,0,0,45.839,3.26,13.568,0,0,10.165,0,3433.634
31153010622,1381.85,9.81,0,0,143.234,55.09,53.516,0,0,0,0,0,86.134,32.099,7.326,0,0,5.351,0,0,0,59.999,27.5,65,0,0,1.9,0.986,0,0,0,0,0,1929.795
31153010623,2337.48,0,0,0,0,0,53.516,59.025,0,42.7,29.96,14.231,10.943,29.262,49.569,0.802,0,37.697,9.428,0,0,6.4,6,0,1.7,0,52.351,8.082,57.159,0,0,36.04,0,2842.345
31153010624,2385.47,0,35.812,0,22.036,0,0,0,0,0,0,5.671,2.665,10.581,13.127,0,0,9.745,11.556,0,0,0,0,0,0,0,5.811,3.76,2.996,0,0,14.124,0,2523.354
31153010625,2112.25,0,0,15.348,0,33.054,401.37,118.05,0,0,0,12.757,15.506,21.475,37.858,0,0,0,4.28,0,0,74,6.712,2.5,0,0,26.751,1.972,0,0,0,0,0,2883.883
31153010626,3056.53,0,0,0,5.509,22.036,0,0,0,0,0,30.73,10.903,3.745,16.003,0,0,3.638,1.499,0,0,0,2.024,0,0,0,12.42,6.3,0,0,0,0,0,3171.337
31153010627,1782.44,0,0,0,0,0,0,0,0,0,0,9.201,15.836,13.795,22.333,0,0,0,0.877,0,0,8.001,12.002,0,0,0,67.423,1.5,0,0,0,0,0,1933.408
31153010628,2662.3,0,0,0,11.018,22.036,53.516,0,40.446,0,0,129.819,276.731,64.05,134.942,3.424,0,1.276,20.376,1.498,0,539.2,1.012,5.999,0,0,100.515,19.381,4.6,3.745,0,0,0,4095.884
31153010629,676.476,0,7.674,5.116,16.527,231.378,133.79,0,0,0,0,486.635,175.101,97.338,96.336,0,0,0,18.951,0,0,125.105,20.2,3.2,2.9,0,81.402,12.175,0,0,0,116.161,0,2306.465
31153010630,1263.17,0,0,0,0,0,0,0,0,0,0,0,0,0,0,0,0,0,0,0,0,0,0,0,0,0,0,0,0,0,0,0,0,1263.17
31153010631,2196.61,0,33.254,0,33.054,22.036,0,0,5.243,36.4,0,39.923,44.075,51.734,51.912,2.14,0,20.935,12.519,0,0,14.554,5.7,16.1,0,0,63.767,28.972,24.717,0,0,21.614,0,2725.259
31153010632,1842.55,0,0,97.204,16.527,66.108,80.274,0,0,41.3,67.409,29.802,7.315,22.257,72.844,12.626,0,2.782,14.813,0,0,6.269,10.3,0,4.2,0,39.755,47.727,17.014,4.25,13.567,16.821,0,2533.714
31153010633,1732.21,0,10.232,25.58,16.527,0,0,0,13.803,0,1.164,22.208,995.419,71.148,157.831,0,0,2.14,31.564,0,0,159.505,3.8,0,0,0,128.304,4.689,0,0,0,3.983,0,3380.106
31153010634,1600.63,0,0,0,0,0,0,0,0,0,0,18.386,45.164,24.642,19.236,0,0,6.42,0,0,0,55,0,1,4,0,34.257,2.957,1.07,0,0,0,0,1812.762
31153010701,1309.61,4.36,0,0,0,0,0,0,14.659,0,0,188.631,55.691,23.293,61.272,0,0,0,19.688,2.462,0,12.931,25.4,1.3,12.1,0,77.7,73.817,16.906,0,0,0,0,1899.82
31153010702,2174.94,22.89,7.674,30.696,38.563,11.018,0,0,5.457,37.6,0,53.807,42.906,31.703,96.002,5.136,0,1.926,30.281,0,0,12.002,6,3,4.2,0,66.03,47.634,29.723,8.335,0,29.639,0,2797.162
31155968100,2458.22,26.16,38.37,0,0,11.018,0,0,11.342,0,0,24.615,26.264,8.095,28.694,7.49,0,0,22.623,0,0,2.903,9.8,14.4,0,0,25.861,124.138,16.477,2.55,0.452,15.515,0,2874.987
31155968200,3489.19,95.92,0,5.116,5.509,11.018,0,0,0,0,0,255.094,62.679,48.968,47.187,23.326,0,0,15.144,2.568,0,33.2,26.1,2.2,6.322,0,55.255,238.444,36.337,14.025,25.326,66.004,0,4564.932
31155968300,2376.7,57.77,99.762,71.624,88.144,55.09,0,59.025,21.186,107.8,32.314,228.692,81.358,75.875,95.003,16.799,25.466,25.487,85.273,0,0,39.18,5.1,9.1,0,0,58.479,49.622,78.73,54.02,6.206,87.205,0,3991.01
31155968400,2648.63,99.19,0,10.232,5.509,0,0,0,2.996,0,0,36.251,39.979,34.684,35.573,9.416,0,0.985,27.037,0,0,16.4,34.212,39.5,18.3,0,100.287,119.802,36.68,8.738,10.854,84.489,31.244,3450.988
31155968500,1657.91,52.32,7.674,112.552,16.527,0,53.516,0,0,59.5,23.326,116.526,45.455,60.271,35.639,15.943,0,5.634,28.717,0,0,37.2,3.7,2.4,0,0,24.852,17.32,41.302,3.4,0,32.314,0,2453.998
31157952900,1546.71,188.57,0,51.16,5.509,22.036,0,0,18.404,0,0,27.08,26.837,73.187,37.23,3.531,0,8.771,9.034,0,0,0,2.012,0,2.9,0,28.096,97.562,16.907,9.184,5.35,33.812,1.284,2215.166
31157953000,1896.56,54.5,30.696,15.348,5.509,11.018,0,0,3.633,33.6,18.19,44.443,48.632,44.777,46.159,5.992,0,3.852,43.549,10.272,0,4.6,13.2,6.901,16.403,0,35.964,98.222,60.562,13.195,0,32.849,3.959,2602.585
31157953100,1253.88,61.04,25.58,46.044,0,0,0,0,5.457,0,0,50.215,49.424,19.472,174.827,7.062,0,5.992,9.242,0,0,4.8,19.099,6.099,0,0,12.77,94.124,41.366,6.182,13.568,30.067,0,1936.31
31157953200,967.758,70.85,0,0,0,0,0,0,6.421,0,0,30.845,60.795,7.753,47.766,4.387,0,0,14.006,0,0,48.413,1.3,2,0,0,19.706,100.009,8.453,13.693,0,21.273,0,1425.428
31157953300,1634.69,47.96,63.95,209.756,22.036,44.072,53.516,59.025,16.585,39.2,21.507,316.83,150.82,60.314,125.377,2.676,33.813,87.199,79.744,0,0,16.8,7.24,0,0,0,54.247,34.553,68.887,29.222,6.848,7.427,22.47,3316.764
31157953400,1769.36,0,17.906,133.016,0,11.018,0,59.025,29.423,201.7,4.923,347.105,238.101,216.798,497.472,6.206,408.74,36.155,41.858,10.914,0,45.5,2.113,7.2,1.9,0,28.117,33.005,69.4,28.762,0,29.64,184.468,4459.825
31157953500,1317.86,0,94.646,219.988,93.653,11.018,26.758,0,9.082,8.4,0.582,197.701,54.434,125.158,178.19,41.41,0,38.308,42.733,2.996,0,16.7,29.64,0,1.2,0,49.176,4.685,97.686,36.337,0,68.801,10.058,2777.2
31157953600,1589.28,82.84,12.79,35.812,0,11.018,0,0,1.926,3,0,167.228,89.247,87.565,27.323,2.033,0,1.284,60.326,0,0,53.2,8.2,3.1,0,0,32.394,13.844,29.746,4.815,0,23.54,0,2340.511
31157953700,1190.41,298.66,191.85,92.088,44.072,77.126,80.274,0,24.61,62.3,5.35,322.336,301.225,169.079,185.42,1.284,0,23.498,52.807,0,0,17,17.061,0,0,0,66.342,10.645,49.327,0,16.764,18.832,0,3318.36
31157953800,1964.67,92.65,43.486,271.148,88.144,33.054,26.758,0,13.161,35.2,0,239.735,197.427,142.676,527.475,15.86,2.548,29.492,101.644,2.572,0,95.619,20.862,30.698,0,0,42.274,50.918,69.252,64.7,0,46.438,5.754,4254.215
31157953900,2568.22,168.95,17.906,184.176,44.072,0,53.516,59.025,3.21,77.2,4.815,27.638,78.528,25.358,52.743,0,0,8.881,33.179,0,0,40.899,3.1,5.9,11.3,0,51.076,17.219,38.691,3.959,19.447,40.66,0,3639.667
31159960100,2687.33,122.08,23.022,0,11.018,0,0,0,0,25.9,0,34.617,116.833,41.348,72.899,5.457,14.445,4.387,20.843,0,0,18.9,40.7,5.199,0,0,61.601,211.706,32.314,10.2,42.512,133.067,0,3736.378
31159960200,1191.44,11.99,76.74,20.464,82.635,11.018,26.758,0,6.634,20.6,0,231.189,79.286,87.809,161.889,21.143,0,13.21,60.928,1.498,0,32.2,7.712,0.72,0,0,46.987,37.04,31.843,79.327,12.017,35.31,0,2388.387
31159960300,2322,0,92.088,30.696,93.653,33.054,26.758,59.025,7.062,365.9,37.771,71.778,16.139,36.273,52.152,3.21,61.525,17.334,7.123,0,0,0,3.56,0,0,0,10.524,27.955,94.907,0,22.613,45.325,1.926,3540.351
31159960400,2262.4,168.95,97.204,122.784,22.036,22.036,26.758,0,32.635,163,22.47,110.038,68.43,65.937,60.543,10.602,0,3.21,32.574,0,0,5.9,18.325,5.7,2.3,0,80.68,164.648,59.813,9.774,24.165,48.47,44.191,3755.572
31161951600,1243.56,111.18,10.232,15.348,16.527,11.018,0,0,25.787,23.8,11.77,124.325,56.861,55.445,43.007,12.519,30.709,6.013,22.87,2.568,0,11.9,5,18.9,0,0,19.905,104.2,64.874,14.45,0,36.38,0,2099.148
31161951700,1950.48,243.07,5.116,30.696,16.527,0,0,0,10.164,50.5,0,88.393,74.831,60.284,41.835,13.268,0,5.099,11.809,0,0,9.9,8.862,5.26,0,0,15.751,182.877,54.463,38.287,6.784,60.628,0,2984.884
31163970100,2085.93,293.21,12.79,46.044,5.509,0,0,0,3.633,39.2,17.548,70.909,64.832,42.919,48.066,3.424,0,8.453,33.597,0,0,8.4,2.512,0,1.9,0,6.572,141.441,61.031,7.833,0,10.593,0,3016.345
31165950100,1046.19,62.13,0,0,0,0,0,0,7.17,0,0,34.562,10.835,3.702,18.111,4.173,0,0,12.451,0,0,1.402,0,0,0,0,7.2,89.933,7.811,5.561,0,35.14,0,1346.371
31167962100,1009.3,67.58,17.906,5.116,0,0,0,0,0,0,0,19.863,33.1,13.974,28.784,0,0,0,9.202,0,0,1.4,2.025,0,0.72,0,7.632,165.865,33.66,4.675,6.955,17.12,0,1444.877
31167962200,2453.32,116.63,15.348,61.392,16.527,0,0,0,0,0,0,37.239,38.336,46.441,42.185,10.165,0,5.992,11.021,0,0,5.7,10,41.495,0,0,25.72,28.75,43.333,7.145,0,31.458,0,3048.197
31169963100,1938.61,38.15,2.558,5.116,11.018,0,0,0,5.449,23.8,0,59.339,110.911,41.627,75.447,18.674,0,2.033,19.503,0,0,411.8,52.412,0,0.79,0,23.092,159.868,57.947,24.315,2.714,51.489,0,3136.662
31169963200,1553.16,40.33,30.696,56.276,22.036,11.018,0,0,10.486,83.6,48.685,116.365,91.865,81.614,53.931,15.836,17.227,9.307,28.248,4.815,0,46.1,13.376,60,0,0,14.412,123.791,46.266,10.322,0.452,19.625,0,2609.839
31171957100,571.212,31.61,0,5.116,0,0,0,0,28.462,1.4,0,27.29,40.271,22.16,13.38,3.103,0,1.14,10.85,0,0,25.809,1.9,0,2.6,0,28.15,46.22,31.308,13.363,0,30.174,2.782,938.2999
31173940100,1867.92,147.15,43.486,56.276,16.527,33.054,0,0,8.346,32.2,19.688,58.529,114.81,52.647,47.413,12.627,0,42.257,24.194,0,0,279.619,1.5,11.699,0,0,19.33,54.26,48.578,26.772,7.236,29.746,1.926,3057.79
31173940200,1018.33,63.22,25.58,20.464,0,11.018,0,0,2.14,4.2,5.564,23.061,21.312,29.836,6.799,0,20.009,8.346,0,0,0,1.5,5.2,3,0,0,5.707,27.92,15.791,29.095,10.854,39.697,15.301,1413.944
31175971300,1200.99,64.31,0,30.696,5.509,0,0,0,13.803,0,0,26.006,880.503,14.787,39.325,0,0,1.177,12.277,2.572,0,0,0,0,0,0,19.952,194.023,23.497,3.198,12.211,25.252,0,2570.088
31175971400,1396.55,21.8,28.138,71.624,22.036,11.018,53.516,0,13.268,31.3,8.881,99.749,52.479,81.029,53.51,11.77,41.73,20.566,39.912,2.568,0,2.3,8.3,9.998,1.6,0,33.352,31.217,37.13,15.81,0,41.625,3.959,2246.736
31177050101,1659.71,11.99,15.348,35.812,5.509,33.054,53.516,0,14.657,251.3,182.328,56.282,8.327,34.937,45.04,0,41.837,22.042,14.946,0,0,5.6,0,0,0,0,38.892,18.081,23.754,0,0,5.564,44.512,2623.038
31177050102,2255.87,196.2,25.58,133.016,170.779,187.306,53.516,0,28.671,2.3,0,261.446,243.98,91.547,190.098,26.113,0,23.347,91.896,3.317,0,150.068,15.751,51.2,13.435,0,158.031,32.696,75.969,25.069,4.173,66.898,4.494,4582.767
31177050201,2219.83,49.05,0,0,0,0,0,0,0,0,0,25.766,29.093,14.731,31.521,0,0,0,16.749,0,0,17.9,15.01,6.9,0.95,0,78.487,75.711,11.406,0.85,0,0.664,0,2594.618
31177050202,1928.89,95.92,25.58,15.348,27.545,11.018,0,0,0,0,7.705,64.734,56.049,20.518,109.676,5.243,0,3.146,33.277,0,0,88.499,0,0,30.03,0,47.438,49.972,34.988,5.118,0,68.8,0,2729.494
31177050300,2721.38,35.97,0,15.348,22.036,11.018,0,0,9.518,0,0,52.735,84.276,43.421,65.763,6.955,0,6.704,17.599,0,0,46.805,19.8,0,1.581,0,62.804,225.893,47.657,3.825,0,35.31,0,3536.398
31179978600,2199.71,109,7.674,10.232,5.509,0,0,0,6.843,0,0,46.129,96.729,58.201,66.302,8.453,0,0,34.399,0,0,59.801,10.24,0,0,0,24.267,259.617,38.195,4.249,28.945,28.467,0,3102.962
31179978700,2437.84,78.48,189.292,117.668,82.635,77.126,26.758,0,33.919,524,54.57,176.646,66.959,79.052,149.427,22.04,42.8,29.76,64.338,2.461,0,239.699,29.4,0,0,0,15.067,46.147,85.125,51.136,2.354,51.939,4.601,4781.239
31181965000,993.3,44.69,2.558,40.928,5.509,0,0,0,5.564,53.2,5.564,26.663,22.567,42.938,22.778,4.708,0,6.634,1.926,0,0,2.1,5.1,1.5,5.9,0,2,52.489,24.075,5.65,8.141,36.594,0,1423.076
31181965100,1257.75,20.71,7.674,30.696,22.036,11.018,0,0,3.21,53,0,70.633,42.051,38.576,49.092,4.815,27.82,8.239,15.729,0,0,3.2,6,4.2,0,0,15.924,90.996,23.176,18.733,2.261,44.458,0,1871.997
31183973600,635.97,80.66,0,0,0,0,0,0,12.198,0,0,6.848,21.507,4.474,17.164,4.601,0,0,4.32,0,0,3.9,0,0,4.7,0,1.9,47.656,11.128,10.848,0,10.657,0,878.5311
31185969600,1808.06,101.37,2.558,5.116,5.509,0,0,0,0,0,0,97.766,106.155,40.77,53.714,8.133,0,0,22.911,0,0,21.5,6.1,0,0,0,33.914,237.897,32.207,8.093,27.135,46.611,0,2665.519
31185969700,2069.68,7.63,7.674,51.16,33.054,55.09,107.032,0,9.308,178.2,0,101.194,315.902,61.702,50.828,4.387,78.644,29.639,36.915,0,0,111.1,6.1,3.2,44.301,0,38.425,27.357,40.232,1.284,0,49.862,23.326,3543.226
31185969800,2025.56,222.36,66.508,112.552,33.054,55.09,26.758,118.05,70.941,35.4,0,344.606,113.45,113.955,197.606,87.598,0,59.283,94.853,13.379,0,46.499,18.323,16.298,0,0.714,51.517,44.563,98.117,47.584,14.662,9.523,0,4138.803
31185969900,1537.94,25.07,12.79,20.464,0,0,0,0,0,28.1,26.643,53.825,68.048,58.627,70.034,12.733,0,19.313,23.565,0,0,66.9,22.7,0,10.4,0,26.381,140.056,40.168,7.019,0,227.269,0,2498.045

