Tract,W1F,W2F,S1LF,S1MF,S1HF,S2LF,S2MF,S2HF,S3F,S4LF,S4MF,S4HF,S5LF,S5MF,S5HF,C1LF,C1MF,C1HF,C2LF,C2MF,C2HF,C3LF,C3MF,C3HF,PC1F,PC2LF,PC2MF,PC2HF,RM1LF,RM1MF,RM2LF,RM2MF,RM2HF,URMLF,URMMF,MHF,TotalSqft
33001965100,2540.35375976563,86.9487762451172,100.26220703125,0,0,75.4770889282227,0,0,34.5774803161621,1.71106398105621,0,0,78.3566818237305,0,0,36.3572616577148,0,0,44.3876571655273,0,0,1.86162006855011,0,0,18.0382747650146,8.85505485534668,0,0,32.0760765075684,0,26.7641525268555,0,0,201.764785766602,0,95.7900009155273,3383.58203125
33001965200,3046.66357421875,85.7914505004883,79.3385543823242,0,0,67.1697540283203,0,0,31.2493572235107,0.645857989788055,0,0,62.4584884643555,0,0,25.7640514373779,0,0,46.570987701416,0,0,0.160500004887581,0,0,12.0399780273438,2.48729372024536,0,0,38.9568862915039,0,28.927921295166,0,0,234.441284179688,0,288.400024414063,4051.06591796875
33001965300,2836.99389648438,188.186813354492,233.364883422852,0,0,177.659439086914,0,0,84.2445678710938,3.3058762550354,0,0,182.25260925293,0,0,85.7091293334961,0,0,72.7742385864258,0,0,2.8724799156189,0,0,42.373161315918,19.8388557434082,0,0,75.6277465820313,0,66.1134872436523,0,0,413.126678466797,0,114.330001831055,4598.77392578125
33001965400,2306.06567382813,52.2113380432129,58.8531341552734,0,0,43.4867515563965,0,0,18.3723239898682,1.77438592910767,0,0,45.4950752258301,0,0,20.3361072540283,0,0,33.6721000671387,0,0,0.693360030651093,0,0,10.0187120437622,5.52673864364624,0,0,18.3585758209229,0,15.6163749694824,0,0,132.845275878906,0,9.27000045776367,2772.59643554688
33001965598,1986.9560546875,271.007568359375,331.463043212891,0,0,256.68359375,0,0,97.4100723266602,1.89257037639618,0,0,258.497802734375,0,0,112.392539978027,0,0,80.6121139526367,0,0,5.39126014709473,0,0,54.6541366577148,25.4091300964355,0,0,111.28434753418,0,89.0773620605469,0,0,540.350280761719,0,192.610000610352,4415.69189453125
33001965600,3010.38061523438,47.6364822387695,43.5716285705566,0,0,31.9467525482178,0,0,14.906681060791,1.1173859834671,0,0,33.9814605712891,0,0,12.5274095535278,0,0,37.2761726379395,0,0,0.098020002245903,0,0,6.27220726013184,2.92493987083435,0,0,12.0822982788086,0,10.6672410964966,0,0,120.435577392578,0,13.3900012969971,3399.21459960938
33001965700,3135.19116210938,64.053825378418,67.0570907592773,0,0,49.0860252380371,0,0,21.3683853149414,1.47297596931458,0,0,51.9937896728516,0,0,18.3875408172607,0,0,42.0130653381348,0,0,0.113420002162457,0,0,9.36580467224121,4.37943840026855,0,0,17.5305233001709,0,15.5095977783203,0,0,148.889236450195,0,136.990005493164,3783.40161132813
33001965800,3836.14672851563,190.820007324219,229.743362426758,0,0,176.210113525391,0,0,84.3158645629883,7.81346130371094,0,0,178.14013671875,0,0,67.3703384399414,0,0,74.9074630737305,0,0,0.658980011940002,0,0,30.7157897949219,14.6180734634399,0,0,72.3373489379883,0,63.3217430114746,0,0,418.720397949219,0,724.090026855469,6169.92919921875
33001965900,1674.94677734375,120.312072753906,117.143127441406,0,0,111.467216491699,0,0,54.4668388366699,1.44440984725952,0,0,91.5169448852539,0,0,55.3390159606934,0,0,49.2264747619629,0,0,1.97223997116089,0,0,21.305700302124,7.98274517059326,0,0,84.937141418457,0,65.5022735595703,0,0,399.512939453125,0,145.230010986328,3002.3056640625
33001966000,2472.36181640625,249.352279663086,335.2587890625,0,0,268.291625976563,0,0,120.281944274902,7.54204940795898,0,0,259.245483398438,0,0,139.79248046875,0,0,96.8612670898438,0,0,8.40320014953613,0,0,62.911865234375,34.5537300109863,0,0,139.94367980957,0,120.399375915527,0,0,682.334411621094,0,10.3000001907349,5007.833984375
33001966100,3201.58544921875,121.799369812012,113.481658935547,0,0,103.016242980957,0,0,47.3532867431641,1.355428814888,0,0,88.7086868286133,0,0,45.6741752624512,0,0,59.8835983276367,0,0,0.58296000957489,0,0,18.648904800415,5.64813137054443,0,0,70.9590606689453,0,55.0613288879395,0,0,376.596801757813,0,88.5800018310547,4398.93505859375
33001966200,2903.361328125,122.812255859375,115.15177154541,0,0,119.783653259277,0,0,40.9984359741211,1.02402722835541,0,0,91.2117004394531,0,0,72.8536071777344,0,0,69.5216674804688,0,0,2.42530012130737,0,0,26.1170387268066,12.3420362472534,0,0,98.5798721313477,0,74.0661087036133,0,0,477.241180419922,0,238.960021972656,4466.44970703125
33001966401,2439.9990234375,92.132942199707,94.0923614501953,0,0,75.3817901611328,0,0,39.7112197875977,1.19453406333923,0,0,73.7819061279297,0,0,32.0468826293945,0,0,43.0837249755859,0,0,0.562820017337799,0,0,14.8893194198608,5.47160291671753,0,0,39.3489189147949,0,31.9797039031982,0,0,226.362152099609,0,302.820007324219,3512.85913085938
33001966402,3591.16674804688,161.448974609375,153.383834838867,0,0,120.59595489502,0,0,60.0335845947266,1.78130149841309,0,0,121.237907409668,0,0,43.5701713562012,0,0,62.4498634338379,0,0,0,0,0,21.6264038085938,5.45297193527222,0,0,57.3030548095703,0,46.9604339599609,0,0,336.173706054688,0,346.079986572266,5129.265625
33001966500,5213.14453125,84.256217956543,82.0306549072266,0,0,66.4255905151367,0,0,31.973804473877,1.18731474876404,0,0,64.2777099609375,0,0,27.8483428955078,0,0,69.1503448486328,0,0,0.190459996461868,0,0,12.9659442901611,4.41129302978516,0,0,35.2705688476563,0,27.8820877075195,0,0,266.397277832031,0,302.820007324219,6290.232421875
33003955100,5394.89990234375,105.69327545166,116.761322021484,0,0,156.83088684082,0,0,38.7240676879883,1.02696001529694,0,0,92.5652694702148,0,0,90.1383209228516,0,0,109.885803222656,0,0,0.10700000077486,0,0,21.5558948516846,10.5537157058716,0,0,160.506866455078,0,118.65259552002,0,0,769.751159667969,0,78.2799987792969,7265.9326171875
33003955300,4122.49853515625,325.007629394531,386.166412353516,0,0,337.601684570313,0,0,132.346923828125,3.34938216209412,0,0,303.048431396484,0,0,181.089004516602,0,0,138.892074584961,0,0,4.32550001144409,0,0,75.1785354614258,36.3617401123047,0,0,203.693908691406,0,159.477508544922,0,0,972.832092285156,0,738.510009765625,8120.3798828125
33003955400,3207.06420898438,133.029479980469,152.512390136719,0,0,119.905349731445,0,0,52.9261169433594,2.83678197860718,0,0,118.448341369629,0,0,42.7845306396484,0,0,57.2523536682129,0,0,0.363440006971359,0,0,21.0041790008545,6.98892641067505,0,0,53.5210418701172,0,43.7858695983887,0,0,309.292022705078,0,37.0800018310547,4358.794921875
33003955500,2729.5390625,53.7470283508301,73.3190460205078,0,0,55.6174507141113,0,0,23.2942066192627,2.16176390647888,0,0,57.0879249572754,0,0,29.931224822998,0,0,43.0536460876465,0,0,0.284339994192123,0,0,13.4520359039307,8.43971347808838,0,0,24.8179569244385,0,21.3177585601807,0,0,168.4609375,0,69.0100021362305,3373.53442382813
33003955600,4482.26220703125,196.336212158203,212.099563598633,0,0,157.575347900391,0,0,79.732177734375,5.92203569412231,0,0,165.398834228516,0,0,63.9926948547363,0,0,79.3153991699219,0,0,0.56989997625351,0,0,32.0413856506348,14.0728874206543,0,0,62.2041778564453,0,53.7380752563477,0,0,390.586303710938,0,399.640014648438,6395.48779296875
33003955800,2658.38256835938,47.8081016540527,60.5562782287598,0,0,47.429012298584,0,0,15.4063215255737,1.03123795986176,0,0,48.1942596435547,0,0,25.650297164917,0,0,39.5973472595215,0,0,1.89626002311707,0,0,11.5621042251587,6.74715948104858,0,0,22.2434215545654,0,17.6719608306885,0,0,153.897735595703,0,253.380004882813,3411.4541015625
33003955900,3100.2080078125,164.474090576172,181.281509399414,0,0,143.005294799805,0,0,60.5771217346191,1.73252141475677,0,0,142.476943969727,0,0,65.480842590332,0,0,65.7923965454102,0,0,3.74320006370544,0,0,32.4345817565918,12.754994392395,0,0,67.9496154785156,0,54.8511428833008,0,0,372.720764160156,0,460.410034179688,4929.8935546875
33003956000,4926.91943359375,98.6913986206055,96.7011642456055,0,0,75.977783203125,0,0,37.7706527709961,1.50053405761719,0,0,75.8283843994141,0,0,30.4916896820068,0,0,67.8212966918945,0,0,0.590640008449554,0,0,14.7020225524902,5.32089138031006,0,0,39.1371879577637,0,32.0377998352051,0,0,280.49609375,0,232.779998779297,6016.76708984375
33003956100,5301.26123046875,267.392730712891,286.717346191406,0,0,232.16584777832,0,0,113.386932373047,2.8192355632782,0,0,225.670288085938,0,0,111.758697509766,0,0,114.60173034668,0,0,4.61670017242432,0,0,50.579158782959,22.8500213623047,0,0,125.629425048828,0,102.734413146973,0,0,670.685974121094,0,86.5199966430664,7719.3896484375
33003956300,6898.689453125,110.243034362793,111.440406799316,0,0,85.8161926269531,0,0,39.2786331176758,1.57492804527283,0,0,87.3099060058594,0,0,33.2987442016602,0,0,89.4857025146484,0,0,0.181900009512901,0,0,16.5811958312988,6.10929346084595,0,0,38.6072540283203,0,31.9437255859375,0,0,320.497222900391,0,154.5,8025.55859375
33003956400,3130.12866210938,31.8296699523926,32.4851875305176,0,0,28.4700145721436,0,0,11.0292806625366,0.914345979690552,0,0,25.3110942840576,0,0,13.0058507919312,0,0,39.2674522399902,0,0,0.169900000095367,0,0,4.93822956085205,2.41874575614929,0,0,17.2170276641846,0,13.8996849060059,0,0,140.327682495117,0,187.460006713867,3678.87231445313
33005970100,2738.05297851563,83.3129196166992,89.5326156616211,0,0,68.0501098632813,0,0,34.7185935974121,2.0356559753418,0,0,69.3812484741211,0,0,25.555248260498,0,0,41.8786659240723,0,0,0.376199990510941,0,0,12.4292192459106,5.15013694763184,0,0,27.8299007415771,0,24.7703475952148,0,0,187.994277954102,0,143.169998168945,3554.23803710938
33005970200,2083.58520507813,120.361862182617,142.849609375,0,0,110.845550537109,0,0,45.0686416625977,3.59428691864014,0,0,111.103691101074,0,0,42.2649192810059,0,0,44.3809127807617,0,0,0.286760002374649,0,0,18.688232421875,9.35602569580078,0,0,48.7041358947754,0,38.0806121826172,0,0,255.065628051758,0,52.5299987792969,3126.76586914063
33005970400,4372.4267578125,137.915573120117,153.293304443359,0,0,120.029884338379,0,0,31.1422138214111,1.10980796813965,0,0,118.061538696289,0,0,53.7406120300293,0,0,74.9002304077148,0,0,1.78490006923676,0,0,24.2090339660645,14.9759063720703,0,0,59.1984481811523,0,51.2390785217285,0,0,354.417602539063,0,89.6100006103516,5658.0546875
33005970500,3071.8193359375,183.982925415039,209.342864990234,0,0,166.579086303711,0,0,85.2979049682617,4.26031589508057,0,0,161.712463378906,0,0,78.3489685058594,0,0,73.4371109008789,0,0,2.54114007949829,0,0,34.1281204223633,18.2765293121338,0,0,88.2869644165039,0,74.9368209838867,0,0,457.149627685547,0,116.389999389648,4826.490234375
33005970600,2905.13110351563,117.520568847656,168.963562011719,0,0,136.588684082031,0,0,39.8092880249023,2.65116596221924,0,0,135.5078125,0,0,118.729476928711,0,0,79.4306488037109,0,0,16.3668804168701,0,0,56.5446128845215,35.2922973632813,0,0,70.6892700195313,0,62.7348327636719,0,0,391.068817138672,0,125.660003662109,4462.68896484375
33005970700,2213.27368164063,75.9256134033203,106.063491821289,0,0,76.8048477172852,0,0,38.1000595092773,3.6834659576416,0,0,81.7906188964844,0,0,32.6155776977539,0,0,39.8319206237793,0,0,8.12200009822845E-02,0,0,15.6746406555176,9.13513946533203,0,0,29.8745403289795,0,27.4819145202637,0,0,184.692199707031,0,179.220001220703,3114.24877929688
33005970800,2034.67895507813,87.9628372192383,90.4798278808594,0,0,80.0838851928711,0,0,34.7226676940918,2.31925868988037,0,0,70.4777984619141,0,0,34.5455627441406,0,0,40.6003379821777,0,0,0.171120002865791,0,0,13.4058961868286,5.29795408248901,0,0,50.366641998291,0,39.9815864562988,0,0,263.482757568359,0,170.979995727539,3019.55737304688
33005970900,3577.1962890625,203.737915039063,242.09880065918,0,0,187.692520141602,0,0,94.8808822631836,3.90992403030396,0,0,186.961547851563,0,0,70.1405258178711,0,0,76.9177627563477,0,0,0.203299999237061,0,0,32.4020309448242,13.583423614502,0,0,84.1393737792969,0,68.4436874389648,0,0,451.036926269531,0,266.769958496094,5560.115234375
33005971000,2669.86791992188,123.00373840332,174.814956665039,0,0,137.497940063477,0,0,56.3921585083008,1.97778582572937,0,0,138.599731445313,0,0,83.6124649047852,0,0,67.583251953125,0,0,8.90570068359375,0,0,40.2451210021973,22.6172256469727,0,0,70.6706314086914,0,58.3404960632324,0,0,369.143096923828,0,290.460021972656,4313.732421875
33005971100,2382.2197265625,247.266098022461,262.726531982422,0,0,229.504440307617,0,0,112.851417541504,5.89602613449097,0,0,203.169052124023,0,0,108.834548950195,0,0,86.2179336547852,0,0,1.62836003303528,0,0,43.985034942627,19.4436340332031,0,0,149.501831054688,0,117.665077209473,0,0,700.637268066406,0,90.6399993896484,4762.18701171875
33005971300,1465.10498046875,200.486312866211,149.691665649414,0,0,143.73779296875,0,0,61.7395858764648,1.90146589279175,0,0,118.549217224121,0,0,73.4717025756836,0,0,56.440185546875,0,0,1.86231994628906,0,0,30.5555362701416,8.26055335998535,0,0,112.351951599121,0,85.3788452148438,0,0,519.870971679688,0,11.3299999237061,3040.7333984375
33005971401,1393.66027832031,323.834747314453,498.135986328125,0,0,384.543060302734,0,0,146.023910522461,10.1126661300659,0,0,393.745330810547,0,0,299.327941894531,0,0,142.613754272461,0,0,36.2265586853027,0,0,146.335800170898,89.9539642333984,0,0,172.735412597656,0,155.835632324219,0,0,842.986999511719,0,10.3000001907349,5046.37109375
33005971402,2089.78076171875,186.854141235352,176.733154296875,0,0,144.877990722656,0,0,63.9730911254883,1.80095756053925,0,0,139.132553100586,0,0,58.0583457946777,0,0,53.821117401123,0,0,1.20440006256104,0,0,28.219352722168,7.21759700775146,0,0,76.0773315429688,0,60.5027770996094,0,0,386.771453857422,0,11.3299999237061,3486.35498046875
33005971500,3571.19897460938,144.313873291016,229.645874023438,0,0,169.440048217773,0,0,60.0154228210449,2.99759387969971,0,0,182.661544799805,0,0,91.8802337646484,0,0,78.6514282226563,0,0,10.4175796508789,0,0,45.5448684692383,26.6739177703857,0,0,60.8471527099609,0,52.9809379577637,0,0,360.088684082031,0,21.6299991607666,5108.98828125
33005971600,1273.09057617188,77.6969375610352,84.9334030151367,0,0,73.6430130004883,0,0,32.1734085083008,1.3726259469986,0,0,66.2463531494141,0,0,28.9801998138428,0,0,30.237491607666,0,0,0.102719999849796,0,0,11.1533727645874,4.29485464096069,0,0,42.5127639770508,0,32.9392051696777,0,0,208.829147338867,0,580.920043945313,2549.1259765625
33005971700,1688.94177246094,86.0555725097656,139.049911499023,0,0,115.37060546875,0,0,43.2719039916992,5.24759387969971,0,0,106.78833770752,0,0,55.5518569946289,0,0,46.3216018676758,0,0,1.76999998092651,0,0,22.3405323028564,13.89368724823,0,0,60.5275230407715,0,49.5868225097656,0,0,297.351318359375,0,342.989990234375,3075.05908203125
33007950100,3321.689453125,48.1100196838379,59.5981140136719,0,0,47.6614227294922,0,0,16.9726753234863,0.519984006881714,0,0,47.2523460388184,0,0,28.6838893890381,0,0,48.0751075744629,0,0,1.85402011871338,0,0,13.2703142166138,7.22104167938232,0,0,23.0105323791504,0,18.8400554656982,0,0,172.178863525391,0,300.760009765625,4155.6982421875
33007950200,1911.80090332031,118.020210266113,166.185272216797,0,0,137.95539855957,0,0,55.7995529174805,1.5236279964447,0,0,130.227462768555,0,0,91.3410339355469,0,0,65.9545059204102,0,0,1.43076002597809,0,0,36.9315643310547,25.1763591766357,0,0,79.7466125488281,0,65.9298629760742,0,0,390.695922851563,0,357.410003662109,3636.12915039063
33007950300,2192.00463867188,33.0993690490723,35.6581001281738,0,0,26.124137878418,0,0,11.7401571273804,0.701586008071899,0,0,27.8848495483398,0,0,10.7799797058105,0,0,28.0964336395264,0,0,4.47999984025955E-02,0,0,5.3899302482605,2.56977605819702,0,0,9.63722229003906,0,8.48780632019043,0,0,91.2270278930664,0,266.769958496094,2750.21606445313
33007950400,2244.25,91.0498580932617,194.005645751953,0,0,148.031402587891,0,0,46.606616973877,10.7377700805664,0,0,148.153915405273,0,0,66.1198272705078,0,0,56.744514465332,0,0,0.250180006027222,0,0,27.2757244110107,21.2744102478027,0,0,60.9250221252441,0,50.5960540771484,0,0,306.557922363281,0,192.610000610352,3665.18896484375
33007950500,1823.5732421875,146.615295410156,194.155181884766,0,0,153.072906494141,0,0,55.7739410400391,1.44871187210083,0,0,153.466720581055,0,0,83.3491058349609,0,0,58.8974723815918,0,0,7.18304014205933,0,0,39.4045829772949,21.1874618530273,0,0,71.3274841308594,0,57.1354866027832,0,0,357.805419921875,0,165.830017089844,3390.22631835938
33007950600,1789.84533691406,130.015731811523,188.877548217773,0,0,163.745086669922,0,0,58.7169418334961,2.17459797859192,0,0,149.226211547852,0,0,81.215461730957,0,0,61.4226379394531,0,0,5.87670040130615,0,0,33.812141418457,16.4913902282715,0,0,93.0772933959961,0,73.8638458251953,0,0,440.880981445313,0,17.5100002288818,3306.75219726563
33007950700,1727.72082519531,40.6435585021973,55.9107971191406,0,0,59.9757194519043,0,0,12.2550926208496,0.409482002258301,0,0,44.0819129943848,0,0,44.8316955566406,0,0,40.0047721862793,0,0,4.35756015777588,0,0,16.7341575622559,10.300518989563,0,0,50.0060806274414,0,39.4170265197754,0,0,248.505828857422,0,11.3299999237061,2406.48486328125
33007950800,1431.86193847656,105.008239746094,123.858291625977,0,0,114.036071777344,0,0,46.5626335144043,1.40106594562531,0,0,96.3930816650391,0,0,48.107723236084,0,0,43.913013458252,0,0,0.426160007715225,0,0,18.7031497955322,5.88819360733032,0,0,77.484733581543,0,61.0881118774414,0,0,365.940521240234,0,9.27000045776367,2549.94262695313
33007950900,1698.75256347656,160.711013793945,252.642333984375,0,0,193.214935302734,0,0,76.7388381958008,9.33821868896484,0,0,195.24153137207,0,0,84.806770324707,0,0,62.0536689758301,0,0,0.257240027189255,0,0,38.2115745544434,22.5174579620361,0,0,81.5444183349609,0,67.520149230957,0,0,395.609100341797,0,232.779998779297,3571.94018554688
33007951000,2343.24096679688,61.3165016174316,73.0647964477539,0,0,65.5061798095703,0,0,21.8622035980225,0.585521936416626,0,0,58.5913276672363,0,0,42.3631210327148,0,0,45.6637191772461,0,0,1.80509996414185,0,0,16.8438777923584,9.8891134262085,0,0,42.5862464904785,0,34.453369140625,0,0,232.971008300781,0,127.720001220703,3178.462890625
33007951100,1825.61315917969,69.4082260131836,77.4756088256836,0,0,62.8682136535645,0,0,30.5811862945557,1.4595263004303,0,0,60.5918083190918,0,0,36.9428787231445,0,0,37.396915435791,0,0,1.7081800699234,0,0,15.4228363037109,9.81131935119629,0,0,36.529167175293,0,30.4625835418701,0,0,199.386581420898,0,388.309997558594,2883.96801757813
33009960100,2935.28686523438,290.594451904297,352.674713134766,0,0,283.430999755859,0,0,120.732963562012,5.84106159210205,0,0,275.322998046875,0,0,115.71199798584,0,0,93.9041900634766,0,0,3.28196001052856,0,0,53.6135902404785,21.6802749633789,0,0,137.814834594727,0,106.316177368164,0,0,669.355834960938,0,370.799987792969,5836.36279296875
33009960200,3416.8056640625,100.368637084961,125.875434875488,0,0,105.921112060547,0,0,32.9708023071289,0.979959607124329,0,0,99.1984481811523,0,0,61.7781600952148,0,0,66.4099197387695,0,0,3.70589995384216,0,0,27.1625919342041,14.9409894943237,0,0,61.0550537109375,0,49.5281791687012,0,0,340.625274658203,0,219.389999389648,4726.71630859375
33009960300,3136.56811523438,114.903747558594,169.456619262695,0,0,130.346939086914,0,0,50.4289131164551,1.55561399459839,0,0,130.7509765625,0,0,40.8535766601563,0,0,55.947940826416,0,0,4.57399971783161E-02,0,0,20.0743961334229,6.60876321792603,0,0,45.8381462097168,0,42.837287902832,0,0,283.477264404297,0,248.230010986328,4477.923828125
33009960400,7057.18212890625,119.802139282227,136.185653686523,0,0,137.151000976563,0,0,41.8622055053711,0.545525968074799,0,0,108.031288146973,0,0,76.9195175170898,0,0,116.621269226074,0,0,0.203299999237061,0,0,26.5969352722168,13.2210330963135,0,0,106.915061950684,0,81.6666412353516,0,0,595.750610351563,0,347.109985351563,8965.7646484375
33009960500,2052.7880859375,47.0186424255371,61.368724822998,0,0,56.5287170410156,0,0,17.0878887176514,0.750632345676422,0,0,49.1381568908691,0,0,37.9325485229492,0,0,39.9957122802734,0,0,2.4994797706604,0,0,15.2075147628784,8.83950042724609,0,0,38.0895195007324,0,30.4971752166748,0,0,207.359680175781,0,372.859985351563,3037.9619140625
33009960600,2303.13208007813,146.275604248047,168.209945678711,0,0,138.137084960938,0,0,52.5594940185547,1.91259002685547,0,0,133.00895690918,0,0,75.0824127197266,0,0,61.0096626281738,0,0,5.52597999572754,0,0,33.4202117919922,17.7353286743164,0,0,72.8429565429688,0,58.457820892334,0,0,371.107727050781,0,362.559997558594,4000.97827148438
33009960700,1926.12866210938,78.3003082275391,67.7798614501953,0,0,50.6354446411133,0,0,26.6996192932129,2.16764974594116,0,0,52.7646980285645,0,0,20.845817565918,0,0,30.1971874237061,0,0,6.53399974107742E-02,0,0,9.31401252746582,5.02602291107178,0,0,21.2644958496094,0,17.8534412384033,0,0,136.349502563477,0,189.519989013672,2634.91235351563
33009960800,3360.84130859375,90.2422790527344,94.0564727783203,0,0,75.8350067138672,0,0,33.2966499328613,1.33992004394531,0,0,73.5686340332031,0,0,30.104564666748,0,0,51.4009971618652,0,0,0.276239991188049,0,0,13.8231344223022,5.02856159210205,0,0,36.7163314819336,0,30.1127128601074,0,0,235.913284301758,0,470.710021972656,4603.265625
33009960900,2794.40283203125,58.5745506286621,52.7009658813477,0,0,42.1784133911133,0,0,19.9543895721436,0.722177982330322,0,0,41.3746757507324,0,0,23.1744518280029,0,0,40.2423095703125,0,0,0.922960042953491,0,0,10.2867822647095,5.48805665969849,0,0,22.6874885559082,0,18.9689960479736,0,0,160.430969238281,0,138.020004272461,3430.1298828125
33009961000,2111.07861328125,206.800643920898,274.441802978516,0,0,232.231552124023,0,0,79.2188491821289,1.88898837566376,0,0,221.626815795898,0,0,219.7392578125,0,0,115.078468322754,0,0,29.6856002807617,0,0,103.000297546387,63.1014099121094,0,0,139.87776184082,0,120.214889526367,0,0,685.709167480469,0,233.809997558594,4837.50341796875
33009961100,3066.765625,97.7226181030273,124.12451171875,0,0,114.179145812988,0,0,33.0970993041992,3.51014399528503,0,0,96.9615020751953,0,0,64.131462097168,0,0,65.7368850708008,0,0,1.93853998184204,0,0,23.8659934997559,14.4126272201538,0,0,79.1367721557617,0,62.7326049804688,0,0,401.936706542969,0,220.419982910156,4470.671875
33009961200,4290.08837890625,143.769073486328,140.296478271484,0,0,115.64933013916,0,0,52.2936592102051,2.81249976158142,0,0,109.702072143555,0,0,50.3415069580078,0,0,71.8790740966797,0,0,0.810559988021851,0,0,22.4076900482178,8.98910808563232,0,0,63.9461822509766,0,51.0841522216797,0,0,373.637298583984,0,151.410003662109,5649.11669921875
33009961300,2301.80541992188,27.600830078125,33.0638656616211,0,0,27.3677272796631,0,0,11.6641283035278,0.732060015201569,0,0,25.3896312713623,0,0,13.1618976593018,0,0,30.5785465240479,0,0,0.596800029277802,0,0,5.64144515991211,2.87215971946716,0,0,15.8157844543457,0,12.6283540725708,0,0,117.771286010742,0,258.529998779297,2885.2197265625
33009961400,2120.71997070313,67.399284362793,90.0778350830078,0,0,68.3131561279297,0,0,24.8200225830078,2.80110001564026,0,0,69.9342651367188,0,0,32.8921966552734,0,0,38.1134071350098,0,0,1.32160007953644,0,0,14.7874374389648,9.54153728485107,0,0,28.2822303771973,0,24.7932109832764,0,0,172.680725097656,0,450.109985351563,3216.587890625
33009961500,2734.24975585938,77.3607864379883,76.8654098510742,0,0,73.8129272460938,0,0,27.3983707427979,1.39075195789337,0,0,59.8592758178711,0,0,34.4129295349121,0,0,48.4751853942871,0,0,0.184760004281998,0,0,12.7175388336182,4.66260766983032,0,0,55.3371734619141,0,42.4309310913086,0,0,294.148590087891,0,336.809997558594,3880.11743164063
33009961601,1735.84252929688,45.1528205871582,59.9884567260742,0,0,43.7019691467285,0,0,17.8779106140137,2.95580530166626,0,0,46.2933311462402,0,0,19.7677421569824,0,0,27.3252105712891,0,0,0.261380016803741,0,0,9.18321323394775,6.02149486541748,0,0,16.3509693145752,0,14.0948333740234,0,0,109.195350646973,0,0,2154.01293945313
33009961602,2497.70556640625,439.550537109375,491.133209228516,0,0,403.945129394531,0,0,103.597061157227,0.876405537128448,0,0,397.817596435547,0,0,419.483520507813,0,0,198.102340698242,0,0,61.9386596679688,0,0,205.372543334961,123.864852905273,0,0,256.118865966797,0,223.136245727539,0,0,1240.98950195313,0,0,7063.6318359375
33009961700,3821.03369140625,452.472930908203,627.7890625,0,0,507.290740966797,0,0,187.836776733398,10.3814134597778,0,0,492.007537841797,0,0,234.027252197266,0,0,164.190414428711,0,0,12.7107009887695,0,0,109.623329162598,50.2785491943359,0,0,266.852233886719,0,210.969116210938,0,0,1252.7021484375,0,49.4399948120117,8449.6064453125
33009961800,2898.79150390625,255.990005493164,260.694580078125,0,0,219.587554931641,0,0,101.402061462402,3.08671998977661,0,0,203.940399169922,0,0,89.9853591918945,0,0,80.7146301269531,0,0,2.79417991638184,0,0,41.3288993835449,12.2002305984497,0,0,123.031356811523,0,93.5109024047852,0,0,601.905578613281,0,112.269989013672,5101.23388671875
33011000101,1521.74389648438,62.9738273620605,50.5073890686035,0,0,52.8235511779785,0,0,20.269006729126,0.650969982147217,0,0,39.6976051330566,0,0,25.661714553833,0,0,31.1815643310547,0,0,0.089599996805191,0,0,9.90866470336914,1.96164703369141,0,0,45.7232856750488,0,35.2972717285156,0,0,227.196090698242,0,0,2125.68627929688
33011000102,2317.08154296875,50.1550598144531,63.3099021911621,0,0,67.9678573608398,0,0,17.5470142364502,0.767375946044922,0,0,51.6907196044922,0,0,69.1495056152344,0,0,54.564868927002,0,0,8.77191925048828,0,0,28.4569473266602,17.6740207672119,0,0,58.5304794311523,0,47.8206176757813,0,0,304.688079833984,0,8.23999977111816,3166.41577148438
33011000202,1013.80200195313,33.0026893615723,47.3137092590332,0,0,48.4650993347168,0,0,14.6381988525391,1.83598780632019,0,0,36.4145088195801,0,0,22.256628036499,0,0,23.4967155456543,0,0,0,0,0,6.443763256073,3.40026307106018,0,0,35.8272933959961,0,27.9824905395508,0,0,171.2255859375,0,0,1486.10485839844
33011000203,1220.06066894531,26.1552391052246,38.2619705200195,0,0,74.7929306030273,0,0,11.1198854446411,0.359513938426971,0,0,29.7699489593506,0,0,40.9542617797852,0,0,38.9234886169434,0,0,0.693360030651093,0,0,5.589674949646,1.91103506088257,0,0,91.8395767211914,0,66.9970703125,0,0,395.982299804688,0,0,2043.41088867188
33011000204,1801.90185546875,104.956832885742,66.7427597045898,0,0,101.965957641602,0,0,46.5847930908203,0.898415982723236,0,0,51.621654510498,0,0,59.9897193908691,0,0,55.4046897888184,0,0,1.31658005714417,0,0,14.3981857299805,3.97405767440796,0,0,120.128921508789,0,88.0518798828125,0,0,541.462707519531,0,0,3059.39916992188
33011000300,1072.16479492188,51.6350975036621,49.0525321960449,0,0,75.2662124633789,0,0,25.7186374664307,0.445373982191086,0,0,37.8469543457031,0,0,41.1891632080078,0,0,37.5128936767578,0,0,0.179199993610382,0,0,8.0938777923584,2.91724705696106,0,0,86.8919677734375,0,64.859375,0,0,378.212646484375,0,23.689998626709,1955.67602539063
33011000600,854.145080566406,142.935317993164,91.3124237060547,0,0,97.6965255737305,0,0,49.9095497131348,0.858707964420319,0,0,71.9308166503906,0,0,61.7760162353516,0,0,42.5673637390137,0,0,3.11085987091064,0,0,24.5325794219971,7.76764249801636,0,0,93.2223968505859,0,70.8919906616211,0,0,421.001770019531,0,0,2033.6591796875
33011000700,1671.67175292969,43.8633613586426,39.3277130126953,0,0,44.5090217590332,0,0,16.4036827087402,0.479286015033722,0,0,30.8681678771973,0,0,24.1378326416016,0,0,31.2355327606201,0,0,0.815799951553345,0,0,7.57743072509766,2.91649627685547,0,0,40.6465835571289,0,30.7922954559326,0,0,205.898147583008,0,0,2191.14306640625
33011000800,962.385986328125,41.5734481811523,61.5561828613281,0,0,72.5639953613281,0,0,13.6098251342773,0.552873611450195,0,0,48.6584358215332,0,0,61.8092727661133,0,0,40.2840576171875,0,0,6.69065999984741,0,0,24.3999347686768,13.3384532928467,0,0,75.4291839599609,0,59.5411987304688,0,0,343.693481445313,0,0,1826.08703613281
33011000901,1804.11352539063,71.7041397094727,58.8911972045898,0,0,54.2500228881836,0,0,26.7579231262207,0.367974013090134,0,0,46.4895172119141,0,0,23.5808181762695,0,0,32.6521301269531,0,0,0.336000025272369,0,0,9.9223108291626,2.14377880096436,0,0,37.8572120666504,0,28.3040332794189,0,0,200.957366943359,0,0,2398.32763671875
33011000902,2414.318359375,57.2429695129395,48.5930709838867,0,0,69.3428344726563,0,0,22.9592342376709,0.409158021211624,0,0,38.1352005004883,0,0,34.0160484313965,0,0,46.8372993469238,0,0,0,0,0,7.6938304901123,0.782971203327179,0,0,72.8381652832031,0,53.5705451965332,0,0,350.25830078125,0,0,3216.998046875
33011001000,2903.93237304688,293.100006103516,421.561096191406,0,0,317.546081542969,0,0,173.913955688477,5.88576364517212,0,0,324.457275390625,0,0,117.151268005371,0,0,94.5840301513672,0,0,3.45952033996582,0,0,57.8477478027344,23.3348159790039,0,0,116.600112915039,0,114.293319702148,0,0,627.760620117188,0,0,5595.42822265625
33011001100,2780.49365234375,114.293556213379,113.471755981445,0,0,96.9741058349609,0,0,43.9386138916016,1.55851197242737,0,0,88.6575622558594,0,0,50.7516250610352,0,0,55.1905937194824,0,0,3.18291997909546,0,0,23.8713798522949,9.34313106536865,0,0,59.94140625,0,49.0506057739258,0,0,329.561309814453,0,12.3599987030029,3832.640625
33011001200,896.9970703125,22.8612403869629,29.6644382476807,0,0,39.7420425415039,0,0,7.44629001617432,0.285786002874374,0,0,23.0503921508789,0,0,33.1232070922852,0,0,25.8091945648193,0,0,3.3505802154541,0,0,10.9663000106812,6.92895936965942,0,0,42.8188552856445,0,32.9686813354492,0,0,197.329971313477,0,0,1373.34301757813
33011001300,1139.85571289063,39.4575500488281,32.6169357299805,0,0,61.3876266479492,0,0,13.6459703445435,0.396108031272888,0,0,25.6334400177002,0,0,33.5282096862793,0,0,33.6318016052246,0,0,2.23999992012978E-02,0,0,5.39212608337402,0.925682365894318,0,0,76.7644577026367,0,55.9386329650879,0,0,336.493316650391,0,28.8400001525879,1884.52978515625
33011001400,771.911254882813,106.201316833496,100.197959899902,0,0,105.996864318848,0,0,40.3305740356445,0.997218012809753,0,0,79.0804061889648,0,0,65.4799880981445,0,0,43.9739265441895,0,0,3.78248000144959,0,0,24.3882637023926,10.8184852600098,0,0,95.2195053100586,0,73.4327545166016,0,0,425.202026367188,0,0,1947.01293945313
33011001500,786.9697265625,27.2589797973633,24.5497264862061,0,0,51.8974609375,0,0,8.88493347167969,0.277437597513199,0,0,19.4386215209961,0,0,34.352352142334,0,0,28.9982280731201,0,0,1.12000000476837,0,0,6.66430521011353,3.01779341697693,0,0,68.9805679321289,0,50.5451583862305,0,0,297.006744384766,0,0,1409.96203613281
33011001600,1330.29565429688,71.8086471557617,59.9401779174805,0,0,94.0668640136719,0,0,27.385124206543,0.890099942684174,0,0,46.8490447998047,0,0,48.7969818115234,0,0,45.2731018066406,0,0,0,0,0,9.2770299911499,2.15338683128357,0,0,107.451042175293,0,77.3881072998047,0,0,467.460632324219,0,0,2389.03588867188
33011001700,921.87109375,121.856346130371,206.1416015625,0,0,167.282409667969,0,0,52.2122001647949,0.304091960191727,0,0,166.718505859375,0,0,95.8687973022461,0,0,56.4206924438477,0,0,12.2900199890137,0,0,43.3233261108398,25.3145027160645,0,0,87.55712890625,0,63.1503562927246,0,0,394.299896240234,0,0,2414.61083984375
33011001800,2410.93383789063,75.8552474975586,86.7420120239258,0,0,112.589653015137,0,0,31.9782238006592,1.11643195152283,0,0,66.9948577880859,0,0,52.1349792480469,0,0,58.2556266784668,0,0,0,0,0,11.3489923477173,3.22127079963684,0,0,108.616394042969,0,80.2729797363281,0,0,497.898406982422,0,0,3597.95874023438
33011001900,912.8427734375,324.903167724609,472.401763916016,0,0,366.007202148438,0,0,138.218399047852,12.9237375259399,0,0,365.519622802734,0,0,141.725433349609,0,0,85.3915252685547,0,0,2.73564004898071,0,0,65.9827880859375,33.2082595825195,0,0,146.689544677734,0,121.007888793945,0,0,684.522277832031,0,0,3874.07958984375
33011002000,756.8359375,29.3999900817871,25.4990882873535,0,0,48.7284545898438,0,0,10.5768747329712,0.167400002479553,0,0,19.8800220489502,0,0,27.8650321960449,0,0,25.6822757720947,0,0,0.46696001291275,0,0,5.501380443573,0.9792600274086,0,0,62.965217590332,0,45.7237701416016,0,0,273.380340576172,0,0,1333.65209960938
33011002100,1725.47668457031,112.561141967773,90.5014114379883,0,0,119.066665649414,0,0,49.6295471191406,1.28500199317932,0,0,70.127197265625,0,0,62.9156723022461,0,0,56.9377555847168,0,0,1.00859999656677,0,0,15.9260311126709,4.85691022872925,0,0,124.512901306152,0,92.6057434082031,0,0,556.399658203125,0,0,3083.81103515625
33011002200,1586.87158203125,42.8668899536133,31.5717506408691,0,0,45.5962219238281,0,0,14.3155927658081,0.613944053649902,0,0,24.9490413665771,0,0,26.4508171081543,0,0,32.4670257568359,0,0,0.089599996805191,0,0,6.74262666702271,1.92898106575012,0,0,51.8552742004395,0,38.5720596313477,0,0,248.537582397461,0,10.3000001907349,2163.72900390625
33011002300,1879.5908203125,120.432273864746,106.229736328125,0,0,102.098091125488,0,0,46.5582427978516,0.719496011734009,0,0,83.5614166259766,0,0,42.6804084777832,0,0,45.7386512756348,0,0,5.86600042879581E-02,0,0,15.8812446594238,3.5262246131897,0,0,74.6262969970703,0,56.584342956543,0,0,357.156982421875,0,0,2935.44311523438
33011002400,3162.80517578125,66.1961975097656,53.8029670715332,0,0,72.5278930664063,0,0,23.9585781097412,1.12031996250153,0,0,42.1822547912598,0,0,36.7523078918457,0,0,55.2965965270996,0,0,0.223999992012978,0,0,9.09528541564941,1.7402491569519,0,0,74.6043472290039,0,55.9956169128418,0,0,378.159118652344,0,0,4034.4609375
33011002500,2929.94140625,292.319488525391,320.192779541016,0,0,248.123809814453,0,0,143.176727294922,2.05434012413025,0,0,248.061584472656,0,0,80.8480224609375,0,0,79.0623779296875,0,0,3.42399999499321E-02,0,0,42.0411949157715,9.33259582519531,0,0,107.671691894531,0,85.9131546020508,0,0,554.775634765625,0,11.3299999237061,5154.8798828125
33011002600,3123.830078125,410.494049072266,494.128784179688,0,0,360.064971923828,0,0,184.982238769531,11.9052839279175,0,0,382.500671386719,0,0,125.538734436035,0,0,100.221969604492,0,0,0,0,0,67.4335632324219,25.7644577026367,0,0,121.289924621582,0,100.404792785645,0,0,638.566162109375,0,40.1699981689453,6187.2958984375
33011002701,2016.77526855469,88.6277084350586,79.2952499389648,0,0,65.2774887084961,0,0,34.4748229980469,1.38704395294189,0,0,61.873851776123,0,0,26.6653861999512,0,0,36.0252151489258,0,0,0.115559995174408,0,0,11.7046022415161,4.13996458053589,0,0,37.6625328063965,0,30.3739070892334,0,0,210.160446166992,0,21.6299991607666,2726.18872070313
33011002702,2905.60424804688,109.736862182617,105.030090332031,0,0,86.9363021850586,0,0,37.3332977294922,2.25651597976685,0,0,81.8014755249023,0,0,38.2360038757324,0,0,50.5748138427734,0,0,1.19173991680145,0,0,16.9885158538818,7.12523508071899,0,0,48.415657043457,0,39.3174896240234,0,0,278.165740966797,0,306.940002441406,4115.65380859375
33011002800,2820.01098632813,215.411437988281,402.430572509766,0,0,327.99462890625,0,0,67.8232040405273,3.72708344459534,0,0,319.342254638672,0,0,286.592620849609,0,0,145.373123168945,0,0,47.838737487793,0,0,133.462829589844,89.7969970703125,0,0,182.182083129883,0,155.498764038086,0,0,886.325744628906,0,50.4700012207031,6134.28125
33011002901,3836.95092773438,392.033264160156,318.540466308594,0,0,247.302978515625,0,0,136.888153076172,3.9403555393219,0,0,250.749572753906,0,0,107.4892578125,0,0,96.6158142089844,0,0,2.67827987670898,0,0,57.6356468200684,15.3450078964233,0,0,124.008659362793,0,105.187232971191,0,0,659.909484863281,0,0,6355.27587890625
33011002902,3470.04760742188,336.572265625,293.951751708984,0,0,218.694198608398,0,0,122.556182861328,3.62829542160034,0,0,232.038497924805,0,0,126.704147338867,0,0,94.2929916381836,0,0,10.8870601654053,0,0,69.5832138061523,28.4827632904053,0,0,100.187301635742,0,87.1415939331055,0,0,553.957946777344,0,30.8999977111816,5779.62646484375
33011002903,4452.66845703125,122.439468383789,113.094757080078,0,0,82.3226699829102,0,0,40.8062744140625,1.69228804111481,0,0,88.3524627685547,0,0,27.555139541626,0,0,60.909984588623,0,0,8.99199992418289E-02,0,0,16.4925289154053,4.16079807281494,0,0,30.1713638305664,0,26.2854900360107,0,0,239.392684936523,0,0,5306.4345703125
33011010100,2843.20849609375,59.4087905883789,50.168327331543,0,0,43.1399765014648,0,0,21.8712329864502,0.655092000961304,0,0,39.1526374816895,0,0,20.1559829711914,0,0,40.7762756347656,0,0,0.393759995698929,0,0,9.26592063903809,2.74038171768188,0,0,29.488094329834,0,23.6406669616699,0,0,190.645202636719,0,15.4499988555908,3390.16064453125
33011010200,2809.95581054688,846.359252929688,808.79638671875,0,0,637.110961914063,0,0,298.780090332031,12.1368932723999,0,0,634.454895019531,0,0,288.613189697266,0,0,181.633056640625,0,0,7.24408054351807,0,0,145.112121582031,51.2938995361328,0,0,317.680114746094,0,264.959320068359,0,0,1513.14990234375,0,63.8600006103516,8881.1416015625
33011010301,2761.654296875,46.370418548584,33.8050804138184,0,0,31.5752830505371,0,0,14.848762512207,0.632372379302979,0,0,26.6357517242432,0,0,14.1951541900635,0,0,36.5117835998535,0,0,0,0,0,5.68919277191162,1.36522912979126,0,0,23.4647045135498,0,17.7097854614258,0,0,158.288162231445,0,16.4799995422363,3189.2255859375
33011010302,2077.56396484375,82.3836898803711,70.6186370849609,0,0,67.571891784668,0,0,27.1550769805908,0.553860008716583,0,0,55.5092544555664,0,0,27.0123844146729,0,0,37.999813079834,0,0,1.19399996474385E-02,0,0,10.4257764816284,1.60206758975983,0,0,47.2570686340332,0,34.7465019226074,0,0,244.145034790039,0,0,2784.55712890625
33011010400,2608.84326171875,117.707054138184,106.377067565918,0,0,98.3284301757813,0,0,43.8085289001465,3.21344971656799,0,0,82.4994430541992,0,0,45.331298828125,0,0,52.7536735534668,0,0,0.13120000064373,0,0,17.1396236419678,6.68792343139648,0,0,68.6700668334961,0,52.9935493469238,0,0,351.969482421875,0,0,3656.4541015625
33011010500,1516.38305664063,123.727722167969,104.15096282959,0,0,125.719345092773,0,0,51.8741073608398,1.57341229915619,0,0,81.3136825561523,0,0,65.311149597168,0,0,55.8027153015137,0,0,0.560000002384186,0,0,18.7380275726318,5.51665067672729,0,0,124.216461181641,0,93.2340469360352,0,0,553.017639160156,0,0,2921.13916015625
33011010600,2131.59301757813,171.725326538086,242.15803527832,0,0,228.129837036133,0,0,85.8395843505859,7.93780899047852,0,0,186.775390625,0,0,96.5953216552734,0,0,79.1512069702148,0,0,0.31360000371933,0,0,33.0894432067871,14.0332441329956,0,0,146.974853515625,0,119.70108795166,0,0,683.768310546875,0,12.3599987030029,4240.14599609375
33011010700,656.932495117188,268.445281982422,285.743621826172,0,0,228.522048950195,0,0,109.526123046875,0.836629152297974,0,0,225.494674682617,0,0,121.660415649414,0,0,67.9162826538086,0,0,11.73766040802,0,0,61.2922096252441,25.1436538696289,0,0,126.316719055176,0,99.9774932861328,0,0,579.456665039063,0,13.3900012969971,2882.39184570313
33011010800,2503.09985351563,217.589920043945,273.603820800781,0,0,278.152313232422,0,0,119.522117614746,5.78180980682373,0,0,210.970062255859,0,0,147.277130126953,0,0,110.64998626709,0,0,4.28356027603149,0,0,47.4692573547363,25.0340976715088,0,0,221.079330444336,0,175.837173461914,0,0,993.655517578125,0,0,5334.005859375
33011010900,2819.56591796875,128.814849853516,144.390716552734,0,0,130.174011230469,0,0,49.1466293334961,1.01940190792084,0,0,115.839744567871,0,0,82.9498977661133,0,0,70.099250793457,0,0,8.63531970977783,0,0,35.4143524169922,18.6263236999512,0,0,88.9891128540039,0,70.0345611572266,0,0,446.034210205078,0,0,4209.734375
33011011000,2590.27465820313,145.155303955078,149.042037963867,0,0,116.97966003418,0,0,50.9169883728027,0.865277945995331,0,0,117.856224060059,0,0,63.4561920166016,0,0,57.1624794006348,0,0,5.94783973693848,0,0,33.6790161132813,13.0415534973145,0,0,56.8134956359863,0,47.2304229736328,0,0,320.477844238281,0,7.21000003814697,3776.10888671875
33011011101,1048.84423828125,10.374400138855,6.70071649551392,0,0,48.322395324707,0,0,2.97225832939148,0.107531994581223,0,0,5.31880474090576,0,0,30.9944477081299,0,0,31.5951919555664,0,0,0,0,0,1.3367303609848,0.182621389627457,0,0,78.8407669067383,0,56.025260925293,0,0,334.262603759766,0,0,1655.87805175781
33011011102,1173.27978515625,374.705841064453,501.198089599609,0,0,403.320678710938,0,0,212.720291137695,1.68558597564697,0,0,386.954681396484,0,0,137.325500488281,0,0,97.2744674682617,0,0,0.440840005874634,0,0,59.5592384338379,20.9777908325195,0,0,191.726699829102,0,147.444549560547,0,0,855.52294921875,0,0,4564.13671875
33011011200,3316.8154296875,137.702117919922,111.888313293457,0,0,96.2091674804688,0,0,44.5009117126465,2.20053195953369,0,0,88.3171539306641,0,0,46.906608581543,0,0,59.3611259460449,0,0,0.810520052909851,0,0,21.3969345092773,6.68412065505981,0,0,60.6268692016602,0,48.8801345825195,0,0,339.056243896484,0,15.4499988555908,4396.806640625
33011011300,2355.26586914063,107.503341674805,110.90266418457,0,0,80.0380401611328,0,0,49.1598739624023,0.578808009624481,0,0,87.7712020874023,0,0,66.4317626953125,0,0,53.2214393615723,0,0,7.64320039749146,0,0,33.5234031677246,19.8668746948242,0,0,39.0765647888184,0,37.8044166564941,0,0,238.853652954102,0,0,3287.64184570313
33011011401,2591.51000976563,44.0523490905762,46.8452987670898,0,0,42.9345512390137,0,0,15.2639007568359,1.61235725879669,0,0,36.4067115783691,0,0,19.1256542205811,0,0,37.4403038024902,0,0,9.62999984622002E-02,0,0,6.66903829574585,3.25289368629456,0,0,27.7903423309326,0,21.774995803833,0,0,172.701507568359,0,268.829986572266,3336.3056640625
33011011402,2288.01928710938,107.281150817871,127.65616607666,0,0,104.639266967773,0,0,49.9067535400391,3.97389960289001,0,0,98.8313598632813,0,0,42.0225372314453,0,0,47.0560417175293,0,0,0,0,0,18.4592552185059,7.0813455581665,0,0,52.3817901611328,0,44.8415298461914,0,0,286.299530029297,0,0,3278.44995117188
33011011500,848.607666015625,56.0871391296387,53.4871139526367,0,0,38.4480819702148,0,0,28.0306396484375,0.999467968940735,0,0,41.4002647399902,0,0,13.6144075393677,0,0,16.5948753356934,0,0,0,0,0,8.53321266174316,2.18172264099121,0,0,14.7300853729248,0,14.4847440719604,0,0,90.9695816040039,0,541.780029296875,1769.94909667969
33011012100,4245.31640625,172.249786376953,162.3134765625,0,0,127.788391113281,0,0,70.6401519775391,4.44794416427612,0,0,126.251991271973,0,0,48.4645729064941,0,0,70.2054824829102,0,0,0,0,0,22.8173046112061,7.64487171173096,0,0,60.8196907043457,0,51.3105659484863,0,0,372.301849365234,0,0,5542.57275390625
33011012200,3621.65405273438,204.047866821289,195.45866394043,0,0,167.837646484375,0,0,93.146598815918,3.71720361709595,0,0,151.911590576172,0,0,70.2577743530273,0,0,79.2931671142578,0,0,0.104860000312328,0,0,28.111026763916,10.6986856460571,0,0,103.494041442871,0,83.8842849731445,0,0,534.810546875,0,27.8099994659424,5376.23779296875
33011012300,4267.880859375,497.117950439453,735.002014160156,0,0,514.163024902344,0,0,381.146026611328,19.642333984375,0,0,559.248901367188,0,0,224.410949707031,0,0,164.562240600586,0,0,4.06674003601074,0,0,105.052124023438,68.5104293823242,0,0,187.293472290039,0,186.188827514648,0,0,977.880432128906,0,96.8199996948242,8988.9873046875
33011013100,4046.59643554688,87.4209289550781,81.6175384521484,0,0,64.6909790039063,0,0,31.4497108459473,2.17229747772217,0,0,64.0407791137695,0,0,23.9554100036621,0,0,54.7726631164551,0,0,0.102719999849796,0,0,11.3255252838135,3.5508406162262,0,0,30.7153244018555,0,25.8690280914307,0,0,225.26579284668,0,106.089996337891,4859.63623046875
33011014100,2965.76586914063,496.092620849609,607.946044921875,0,0,447.762451171875,0,0,258.579437255859,15.0488977432251,0,0,468.837341308594,0,0,182.948211669922,0,0,128.309799194336,0,0,2.35396003723145,0,0,87.9682846069336,45.8826904296875,0,0,180.547821044922,0,163.321014404297,0,0,896.205871582031,0,70.0400009155273,7017.6103515625
33011014201,3163.8017578125,54.1945190429688,42.1206169128418,0,0,31.0237197875977,0,0,19.6770248413086,1.02933394908905,0,0,32.9947738647461,0,0,11.7654180526733,0,0,38.8528747558594,0,0,0,0,0,6.85172080993652,1.54711282253265,0,0,13.5090074539185,0,11.324634552002,0,0,131.248657226563,0,0,3559.94140625
33011014202,3368.10546875,54.1752014160156,57.3448143005371,0,0,45.4351043701172,0,0,21.4834308624268,1.19370603561401,0,0,44.526424407959,0,0,16.1650524139404,0,0,43.7934074401855,0,0,0,0,0,7.84321117401123,2.30707931518555,0,0,20.4166812896729,0,18.272066116333,0,0,165.267135620117,0,13.3900012969971,3879.71850585938
33011014300,4331.568359375,197.010528564453,223.838394165039,0,0,167.611099243164,0,0,76.8552856445313,2.71772384643555,0,0,175.239044189453,0,0,64.7391357421875,0,0,79.3526229858398,0,0,0.425159990787506,0,0,34.356803894043,12.0219287872314,0,0,62.4645881652832,0,53.301139831543,0,0,384.677124023438,0,72.1000061035156,5938.2802734375
33011015100,3201.93969726563,97.2814788818359,97.1721267700195,0,0,72.5046234130859,0,0,33.2213745117188,0.988482415676117,0,0,76.2151412963867,0,0,32.1646537780762,0,0,49.4678916931152,0,0,1.60873997211456,0,0,17.3672542572021,6.62349033355713,0,0,31.90159034729,0,27.0692348480225,0,0,215.888870239258,0,0,3961.41455078125
33011015200,3677.32202148438,323.440490722656,362.179016113281,0,0,262.135498046875,0,0,151.206344604492,6.88339233398438,0,0,280.461761474609,0,0,92.4314727783203,0,0,88.7350540161133,0,0,0.62009996175766,0,0,51.5232353210449,18.009744644165,0,0,95.5639190673828,0,86.5128173828125,0,0,537.192993164063,0,69.0100021362305,6103.22802734375
33011016100,1461.16015625,51.1301689147949,43.2760581970215,0,0,41.8677444458008,0,0,18.8864364624023,0.946603417396545,0,0,33.5962905883789,0,0,19.8964309692383,0,0,26.6797580718994,0,0,0.342400014400482,0,0,8.17379856109619,2.0461413860321,0,0,34.5956344604492,0,26.5969314575195,0,0,181.762390136719,0,46.3499984741211,1997.30700683594
33011016201,3138.84765625,256.759246826172,296.748718261719,0,0,259.489776611328,0,0,112.227188110352,6.31868362426758,0,0,230.735366821289,0,0,120.122077941895,0,0,99.11083984375,0,0,3.51693987846375,0,0,48.0602073669434,21.517936706543,0,0,159.25927734375,0,123.174125671387,0,0,750.02880859375,0,142.139999389648,5768.0576171875
33011016202,2286.06616210938,199.799713134766,388.317596435547,0,0,279.610687255859,0,0,110.93872833252,9.32617568969727,0,0,298.054107666016,0,0,86.8958053588867,0,0,70.7203063964844,0,0,0.443840026855469,0,0,45.6135902404785,20.7242164611816,0,0,65.2020416259766,0,70.4916458129883,0,0,384.105407714844,0,242.050003051758,4558.35986328125
33011017100,4416.1865234375,314.679321289063,243.632476806641,0,0,177.558868408203,0,0,108.23934173584,6.79810762405396,0,0,190.219863891602,0,0,69.2078170776367,0,0,79.7351226806641,0,0,0.201159998774529,0,0,33.870246887207,14.7403373718262,0,0,70.7224960327148,0,60.4201354980469,0,0,419.189880371094,0,76.2200012207031,6281.6220703125
33011018000,2539.15747070313,86.1549682617188,81.9785614013672,0,0,60.0166435241699,0,0,34.5560569763184,2.08674001693726,0,0,63.6548461914063,0,0,23.2566318511963,0,0,38.5141487121582,0,0,0.221500009298325,0,0,11.7493743896484,5.09728288650513,0,0,24.8962097167969,0,21.9064083099365,0,0,171.7119140625,0,0,3164.95849609375
33011018501,781.958740234375,36.6430587768555,52.7746734619141,0,0,44.688591003418,0,0,18.4249134063721,1.01325595378876,0,0,40.6690254211426,0,0,17.1446514129639,0,0,18.3039264678955,0,0,6.5399999730289E-03,0,0,7.08292388916016,2.97723913192749,0,0,25.5554389953613,0,20.9242630004883,0,0,128.850799560547,0,253.380004882813,1450.39819335938
33011018502,824.633605957031,46.4741592407227,37.9390678405762,0,0,27.699670791626,0,0,12.8076314926147,0.520074009895325,0,0,29.7260150909424,0,0,9.2630090713501,0,0,13.4194688796997,0,0,0,0,0,5.35494089126587,1.39353096485138,0,0,10.3854446411133,0,8.56025409698486,0,0,66.5871505737305,0,21.6299991607666,1116.39404296875
33011019000,1985.53198242188,141.761657714844,169.27375793457,0,0,127.981834411621,0,0,74.0847702026367,4.78817939758301,0,0,130.000915527344,0,0,61.6452941894531,0,0,53.4664726257324,0,0,0.32371997833252,0,0,26.9299430847168,16.5750274658203,0,0,63.1444511413574,0,55.5366439819336,0,0,323.576202392578,0,35.0200004577637,3269.64086914063
33011019501,975.483947753906,28.4928493499756,23.4372005462646,0,0,19.1250686645508,0,0,8.94552135467529,0.498005986213684,0,0,18.3853435516357,0,0,7.88437938690186,0,0,14.2838945388794,0,0,0,0,0,3.50178909301758,1.24336647987366,0,0,10.137017250061,0,8.30393218994141,0,0,66.2886734008789,0,14.4200000762939,1200.43139648438
33011019502,1207.14660644531,52.3427581787109,41.2057723999023,0,0,30.4075012207031,0,0,14.6722116470337,0.652625977993011,0,0,32.471736907959,0,0,11.7982473373413,0,0,18.40234375,0,0,0.240840002894402,0,0,6.63705730438232,1.88626146316528,0,0,12.2304801940918,0,10.3745632171631,0,0,83.2878189086914,0,60.7699966430664,1584.52673339844
33011020000,2815.0615234375,109.233543395996,99.0759582519531,0,0,77.6204605102539,0,0,33.9027862548828,2.02519989013672,0,0,76.9397048950195,0,0,34.3270416259766,0,0,46.0814056396484,0,0,1.75132012367249,0,0,17.029333114624,6.61410284042358,0,0,39.599666595459,0,32.3724822998047,0,0,239.653762817383,0,49.4399948120117,3680.72802734375
33011021000,4752.91845703125,163.283020019531,154.230850219727,0,0,117.998931884766,0,0,61.3025207519531,3.86255502700806,0,0,120.345802307129,0,0,46.4056243896484,0,0,73.6968154907227,0,0,7.27799981832504E-02,0,0,22.7705230712891,8.41791820526123,0,0,51.7989883422852,0,43.3062515258789,0,0,341.463134765625,0,213.210006713867,6175.0849609375
33011021500,2955.1142578125,93.0527572631836,173.374801635742,0,0,131.630630493164,0,0,41.2547569274902,6.9610538482666,0,0,133.816040039063,0,0,57.7962913513184,0,0,58.5452003479004,0,0,1.77290010452271,0,0,25.7616386413574,17.7840099334717,0,0,49.0303230285645,0,40.9369010925293,0,0,277.784423828125,0,192.610000610352,4257.22607421875
33011022000,905.929809570313,46.445499420166,45.2625694274902,0,0,35.9177589416504,0,0,20.7670078277588,1.09479796886444,0,0,35.7298965454102,0,0,29.7928619384766,0,0,22.4523105621338,0,0,3.08292007446289,0,0,14.0667123794556,8.44645690917969,0,0,20.733512878418,0,17.6815032958984,0,0,116.899375915527,0,30.8999977111816,1355.20300292969
33011022500,3632.71630859375,142.680374145508,159.04753112793,0,0,122.466041564941,0,0,53.1801948547363,5.51006984710693,0,0,123.849227905273,0,0,54.5940628051758,0,0,64.8422546386719,0,0,1.49066007137299,0,0,25.8173751831055,12.6763591766357,0,0,54.2684898376465,0,46.4001655578613,0,0,327.948150634766,0,46.3499984741211,4873.83837890625
33011023000,3678.4140625,390.314178466797,379.857604980469,0,0,304.021087646484,0,0,132.283676147461,3.15129590034485,0,0,299.938781738281,0,0,159.135787963867,0,0,119.158386230469,0,0,9.64883995056152,0,0,78.1144332885742,32.8863983154297,0,0,165.266876220703,0,133.262985229492,0,0,818.523498535156,0,0,6703.97802734375
33011024000,1150.52233886719,44.6114921569824,48.1244506835938,0,0,37.6292037963867,0,0,14.9620513916016,0.780001938343048,0,0,37.6760444641113,0,0,16.7199363708496,0,0,20.4250755310059,0,0,0.755959987640381,0,0,7.74154615402222,3.71838355064392,0,0,17.514181137085,0,14.7128953933716,0,0,103.618530273438,0,18.5400009155273,1538.05212402344
33011025000,1661.98010253906,73.7500762939453,69.171272277832,0,0,57.5748558044434,0,0,30.2611446380615,1.21964037418365,0,0,53.8452568054199,0,0,25.2132835388184,0,0,31.1460552215576,0,0,0.39954000711441,0,0,10.7467613220215,4.36466073989868,0,0,33.4308280944824,0,27.2481555938721,0,0,182.90837097168,0,50.4700012207031,2313.72973632813
33011025500,3672.6689453125,142.460113525391,146.517333984375,0,0,116.08381652832,0,0,68.3692169189453,1.50479996204376,0,0,113.436973571777,0,0,50.926944732666,0,0,66.9510879516602,0,0,0.762000024318695,0,0,23.0350379943848,10.0917472839355,0,0,64.3472518920898,0,52.5269813537598,0,0,362.419769287109,0,197.759979248047,5089.8623046875
33011200100,2321.97021484375,71.4965972900391,84.8819122314453,0,0,67.2035293579102,0,0,32.8239974975586,2.80242800712585,0,0,65.9085083007813,0,0,24.9920177459717,0,0,37.4811706542969,0,0,0,0,0,10.7117614746094,4.83007049560547,0,0,29.7703437805176,0,25.4976654052734,0,0,185.226867675781,0,0,2965.5966796875
33011200200,2007.62072753906,113.220909118652,132.238784790039,0,0,98.6007080078125,0,0,48.3454933166504,5.65163993835449,0,0,101.846229553223,0,0,40.501293182373,0,0,41.7546424865723,0,0,0.10700000077486,0,0,19.8819522857666,9.96265316009521,0,0,41.5185012817383,0,35.0576553344727,0,0,233.550857543945,0,0,2929.85864257813
33011200300,2237.34545898438,131.303359985352,151.196823120117,0,0,111.815673828125,0,0,42.8389472961426,2.1570155620575,0,0,118.447723388672,0,0,37.0726699829102,0,0,42.1319351196289,0,0,4.77200001478195E-02,0,0,20.3158321380615,8.03176212310791,0,0,39.2030487060547,0,29.9371280670166,0,0,225.966003417969,0,0,3197.81103515625
33011200400,1286.06188964844,1028.78784179688,843.8681640625,0,0,654.047424316406,0,0,351.71826171875,11.3031063079834,0,0,667.110046386719,0,0,273.573516845703,0,0,164.03303527832,0,0,2.88091993331909,0,0,149.992858886719,34.5342178344727,0,0,326.724487304688,0,271.368682861328,0,0,1562.3916015625,0,0,7628.39599609375
33011980101,21.1676406860352,104.170402526855,190.224838256836,0,0,132.588973999023,0,0,70.1789474487305,4.78569173812866,0,0,145.855102539063,0,0,46.318603515625,0,0,24.9411487579346,0,0,0,0,0,23.9010543823242,14.4470844268799,0,0,33.3245048522949,0,35.1975746154785,0,0,167.853439331055,0,0,1014.955078125
33013003001,2005.8779296875,193.849868774414,239.613357543945,0,0,184.303100585938,0,0,80.5729217529297,3.83252382278442,0,0,187.165603637695,0,0,84.8471603393555,0,0,63.4585189819336,0,0,5.15844011306763,0,0,42.9243087768555,18.4096050262451,0,0,78.8036956787109,0,70.4590377807617,0,0,411.562957763672,0,11.3299999237061,3682.1689453125
33013003006,1724.0810546875,163.173034667969,187.258071899414,0,0,142.222122192383,0,0,68.903564453125,1.98461854457855,0,0,147.128768920898,0,0,63.6676445007324,0,0,48.9684295654297,0,0,4.83665990829468,0,0,34.1488418579102,12.9189796447754,0,0,54.3278770446777,0,46.8363265991211,0,0,299.252014160156,0,112.269989013672,3111.97827148438
33013003100,1659.01513671875,92.4336166381836,94.9526214599609,0,0,83.0741500854492,0,0,39.2370529174805,1.33210802078247,0,0,73.758674621582,0,0,34.9338989257813,0,0,37.3839874267578,0,0,0.430620014667511,0,0,13.8961315155029,5.06564044952393,0,0,50.5133514404297,0,41.3365898132324,0,0,256.869445800781,0,393.460021972656,2877.693359375
33013003200,3281.21362304688,178.795852661133,208.069519042969,0,0,176.292083740234,0,0,92.3890609741211,4.05250787734985,0,0,160.779418945313,0,0,77.7828140258789,0,0,78.2121963500977,0,0,1.25353991985321,0,0,30.6531925201416,14.5942373275757,0,0,104.073455810547,0,88.4965972900391,0,0,529.887023925781,0,94.7599945068359,5121.30517578125
33013030000,1601.50085449219,30.6025505065918,32.0425682067871,0,0,23.4086532592773,0,0,13.3768815994263,1.09627199172974,0,0,24.8985061645508,0,0,8.39801406860352,0,0,20.8449573516846,0,0,0,0,0,4.13767337799072,1.77128517627716,0,0,8.69032096862793,0,8.0155611038208,0,0,76.0280380249023,0,7.21000003814697,1862.02221679688
33013031001,2225.859375,172.523025512695,209.471145629883,0,0,148.873077392578,0,0,84.4837646484375,3.82616972923279,0,0,161.937713623047,0,0,50.4550743103027,0,0,50.2569389343262,0,0,0.530380010604858,0,0,28.1792030334473,11.239670753479,0,0,47.3150367736816,0,43.598705291748,0,0,278.354614257813,0,0,3516.90380859375
33013031002,2047.33911132813,77.1394805908203,62.3311576843262,0,0,47.9642143249512,0,0,28.2068424224854,0.871127963066101,0,0,48.5048942565918,0,0,20.979887008667,0,0,32.7685928344727,0,0,0,0,0,11.002739906311,3.68220901489258,0,0,26.1649379730225,0,21.6975116729736,0,0,164.417358398438,0,0,2593.06982421875
33013032100,2094.95043945313,97.6903533935547,77.2189865112305,0,0,67.6330108642578,0,0,31.063793182373,0.679571986198425,0,0,61.0987777709961,0,0,37.462703704834,0,0,41.2306747436523,0,0,2.16320013999939,0,0,17.8814163208008,5.81110811233521,0,0,47.2379875183105,0,37.0130424499512,0,0,254.831115722656,0,0,2873.96606445313
33013032200,1096.90307617188,152.982849121094,183.338973999023,0,0,166.579696655273,0,0,66.0326690673828,1.86312580108643,0,0,143.131256103516,0,0,77.4240798950195,0,0,55.5930709838867,0,0,1.27745997905731,0,0,30.6083393096924,11.8097047805786,0,0,107.494766235352,0,86.7292556762695,0,0,492.113647460938,0,87.5500030517578,2761.43237304688
33013032300,887.594604492188,342.930297851563,387.800140380859,0,0,298.656829833984,0,0,110.160263061523,0.504917979240417,0,0,306.556457519531,0,0,117.868522644043,0,0,79.4938125610352,0,0,0.522480010986328,0,0,56.4942970275879,21.5664749145508,0,0,155.68359375,0,124.905334472656,0,0,704.878845214844,0,0,3595.61694335938
33013032400,1429.76062011719,217.126342773438,237.941284179688,0,0,206.246170043945,0,0,70.4899215698242,0.37816196680069,0,0,188.478424072266,0,0,113.155265808105,0,0,72.5820159912109,0,0,9.72517967224121,0,0,50.8394203186035,21.8349857330322,0,0,130.04280090332,0,102.555435180664,0,0,599.867004394531,0,167.889984130859,3618.91284179688
33013032500,1902.64562988281,212.749588012695,310.203277587891,0,0,226.006591796875,0,0,91.8100662231445,1.16578197479248,0,0,246.240386962891,0,0,135.569869995117,0,0,86.3182983398438,0,0,11.8421201705933,0,0,64.9211273193359,40.4762115478516,0,0,102.559585571289,0,92.7266845703125,0,0,508.767822265625,0,0,4034.00317382813
33013032600,1077.85876464844,115.63744354248,146.885177612305,0,0,121.900726318359,0,0,37.0063629150391,1.26298069953918,0,0,116.421676635742,0,0,73.8657302856445,0,0,47.2556686401367,0,0,5.65120077133179,0,0,32.5738983154297,18.57688331604,0,0,68.9212493896484,0,57.4286155700684,0,0,328.162719726563,0,79.3099975585938,2328.71899414063
33013032701,836.18798828125,19.489709854126,14.4745836257935,0,0,12.6514272689819,0,0,6.9423041343689,0.227394014596939,0,0,11.3137321472168,0,0,5.07478141784668,0,0,11.549464225769,0,0,0,0,0,1.95011782646179,0.664947032928467,0,0,8.07775115966797,0,6.38092613220215,0,0,52.633903503418,0,65.9199981689453,1053.5390625
33013032706,1819.41430664063,79.3398895263672,102.248596191406,0,0,89.8098220825195,0,0,37.7716827392578,2.73260164260864,0,0,78.8071670532227,0,0,39.2854080200195,0,0,41.1676025390625,0,0,0.45456001162529,0,0,14.7167091369629,7.30063152313232,0,0,54.5701675415039,0,44.1599998474121,0,0,273.181823730469,0,0,2684.9609375
33013032800,2789.1103515625,81.4319000244141,71.1059875488281,0,0,61.9319038391113,0,0,36.8161506652832,0.819539964199066,0,0,54.9401626586914,0,0,27.6412487030029,0,0,45.3304710388184,0,0,0,0,0,11.4359655380249,3.96867060661316,0,0,43.9359550476074,0,35.5211372375488,0,0,250.135498046875,0,38.1100006103516,3552.23559570313
33013032900,1414.27001953125,222.007659912109,255.528015136719,0,0,224.027252197266,0,0,65.0916290283203,0.391338020563126,0,0,204.230224609375,0,0,109.596267700195,0,0,76.4284820556641,0,0,4.37031984329224,0,0,41.9548492431641,19.7137584686279,0,0,146.25080871582,0,115.569976806641,0,0,652.363464355469,0,0,3551.79418945313
33013033000,1338.60546875,40.5858001708984,37.7185363769531,0,0,29.4428424835205,0,0,13.3432197570801,0.707291960716248,0,0,29.5125789642334,0,0,12.0625562667847,0,0,20.055233001709,0,0,0.450560003519058,0,0,5.79613256454468,2.33918762207031,0,0,13.9003601074219,0,10.7919616699219,0,0,90.0333023071289,0,33.9900016784668,1679.33508300781
33013034000,2145.50390625,122.34854888916,139.610092163086,0,0,104.135604858398,0,0,48.1907653808594,2.94338512420654,0,0,109.108093261719,0,0,47.3479804992676,0,0,45.1606826782227,0,0,2.70657992362976,0,0,24.2968406677246,11.2071800231934,0,0,40.4324035644531,0,34.580394744873,0,0,236.301712036133,0,399.640014648438,3513.51416015625
33013035000,1875.14672851563,102.169708251953,133.645889282227,0,0,111.253890991211,0,0,51.2057189941406,2.94328784942627,0,0,102.372283935547,0,0,52.0581016540527,0,0,48.3968048095703,0,0,1.11285996437073,0,0,20.3254356384277,12.677267074585,0,0,64.242790222168,0,53.1855659484863,0,0,317.86962890625,0,183.339996337891,3131.94604492188
33013036000,2597.44799804688,174.941314697266,142.246597290039,0,0,107.696556091309,0,0,55.1681022644043,3.20775103569031,0,0,111.967651367188,0,0,42.6237564086914,0,0,49.0477027893066,0,0,9.14799943566322E-02,0,0,23.1633701324463,6.07525062561035,0,0,48.5059967041016,0,41.1778793334961,0,0,285.620727539063,0,268.829986572266,3957.8125
33013037000,1443.50366210938,75.0567321777344,76.8840408325195,0,0,56.6494293212891,0,0,33.6584320068359,1.68447852134705,0,0,60.0540084838867,0,0,25.2112159729004,0,0,27.5881900787354,0,0,1.01479995250702,0,0,12.3330574035645,6.00024557113647,0,0,23.7781772613525,0,20.8144264221191,0,0,142.575927734375,0,25.75,2032.556640625
33013038000,1647.06860351563,81.3781890869141,99.0292739868164,0,0,82.1207427978516,0,0,29.0018329620361,0.862037897109985,0,0,78.8571319580078,0,0,66.0873184204102,0,0,45.5679702758789,0,0,8.24678039550781,0,0,30.6571578979492,18.1634101867676,0,0,46.2694702148438,0,40.8278999328613,0,0,246.897155761719,0,203.940002441406,2724.97509765625
33013038500,2808.7626953125,103.485847473145,111.300819396973,0,0,87.024299621582,0,0,42.584156036377,1.60635602474213,0,0,87.270866394043,0,0,42.1674346923828,0,0,49.908992767334,0,0,2.65131998062134,0,0,19.8029899597168,9.34085464477539,0,0,40.088550567627,0,35.2807006835938,0,0,243.653198242188,0,136.990005493164,3821.91918945313
33013039000,3396.49438476563,157.913803100586,165.438507080078,0,0,123.983154296875,0,0,62.3286323547363,2.89476013183594,0,0,128.436401367188,0,0,43.4226341247559,0,0,59.2023735046387,0,0,0.177619993686676,0,0,22.7998237609863,7.85219669342041,0,0,50.2240791320801,0,43.1948699951172,0,0,304.743774414063,0,58.7099990844727,4627.81689453125
33013040000,2220.52661132813,141.556213378906,203.861083984375,0,0,164.35676574707,0,0,47.7345008850098,2.32750773429871,0,0,160.869552612305,0,0,110.549263000488,0,0,71.4577865600586,0,0,14.6497001647949,0,0,51.4481391906738,31.0840816497803,0,0,87.0167694091797,0,73.9067687988281,0,0,440.972412109375,0,241.019989013672,4063.33715820313
33013040500,4895.9677734375,108.317794799805,120.519371032715,0,0,91.5163421630859,0,0,40.1497764587402,2.02924799919128,0,0,93.9931030273438,0,0,41.7891044616699,0,0,71.723747253418,0,0,1.88969993591309,0,0,20.4572868347168,9.77505302429199,0,0,41.9226188659668,0,35.4868125915527,0,0,294.593322753906,0,47.379997253418,5917.51123046875
33013041000,2983.60693359375,173.657012939453,181.652618408203,0,0,148.100463867188,0,0,59.5022087097168,1.48286151885986,0,0,147.155059814453,0,0,122.23949432373,0,0,83.7908782958984,0,0,14.7471599578857,0,0,58.0829200744629,33.2466621398926,0,0,84.7147674560547,0,72.5108947753906,0,0,451.828155517578,0,0,4616.31787109375
33013041500,2262.7099609375,66.6294403076172,60.9702682495117,0,0,46.703483581543,0,0,23.8409290313721,1.464803814888,0,0,47.884521484375,0,0,17.8027172088623,0,0,32.9384918212891,0,0,0.145520001649857,0,0,8.9511833190918,2.90047717094421,0,0,21.3930320739746,0,17.6686840057373,0,0,147.151443481445,0,185.399993896484,2944.55444335938
33013042500,2292.93408203125,89.255485534668,92.2781143188477,0,0,70.0874557495117,0,0,32.1586647033691,1.77314388751984,0,0,72.8111343383789,0,0,42.5303001403809,0,0,42.8475875854492,0,0,3.83268022537231,0,0,21.185022354126,11.1626300811768,0,0,30.6293354034424,0,26.5924644470215,0,0,193.244857788086,0,105.059997558594,3128.38305664063
33013043001,1687.81896972656,92.525764465332,152.906661987305,0,0,136.897857666016,0,0,50.3978691101074,2.96255803108215,0,0,117.76929473877,0,0,67.1914825439453,0,0,53.7184066772461,0,0,3.28706002235413,0,0,25.5534973144531,13.5476446151733,0,0,81.4858245849609,0,67.5182037353516,0,0,391.477905273438,0,77.25,3022.30908203125
33013043002,2343.4306640625,104.05842590332,138.935852050781,0,0,117.858383178711,0,0,41.425048828125,3.06699109077454,0,0,108.189064025879,0,0,56.4647254943848,0,0,53.580078125,0,0,3.07842016220093,0,0,23.7221508026123,11.8852481842041,0,0,63.7149620056152,0,51.203197479248,0,0,329.602722167969,0,123.599990844727,3573.81567382813
33013044000,2238.5908203125,78.8044509887695,130.397644042969,0,0,104.480125427246,0,0,40.2430686950684,1.45384192466736,0,0,101.058929443359,0,0,39.3141136169434,0,0,45.0973358154297,0,0,1.60029995441437,0,0,17.2787647247314,7.63052892684937,0,0,44.1778793334961,0,38.3195915222168,0,0,246.185791015625,0,111.23999786377,3245.87377929688
33013044100,1511.58251953125,514.621643066406,633.587829589844,0,0,463.528839111328,0,0,235.021179199219,7.39533710479736,0,0,493.430816650391,0,0,152.369659423828,0,0,103.264404296875,0,0,0.289880007505417,0,0,82.7057647705078,26.3672637939453,0,0,168.371475219727,0,142.477066040039,0,0,814.866455078125,0,354.320007324219,5704.19970703125
33013044200,2973.224609375,119.190528869629,125.96297454834,0,0,102.219573974609,0,0,45.4374198913574,2.42911791801453,0,0,98.0144195556641,0,0,37.4187355041504,0,0,52.0054817199707,0,0,0,0,0,17.6205921173096,5.37171077728271,0,0,51.0580787658691,0,41.401725769043,0,0,293.81591796875,0,81.370002746582,4046.54077148438
33013044300,1681.72814941406,34.6868705749512,26.9663867950439,0,0,48.8975296020508,0,0,16.1576843261719,0.533159971237183,0,0,20.8900527954102,0,0,27.9997215270996,0,0,35.0774230957031,0,0,0.134399995207787,0,0,4.33158588409424,1.63830864429474,0,0,60.683277130127,0,44.5000190734863,0,0,281.824340820313,0,196.730010986328,2482.77880859375
33015003301,2386.02685546875,44.0692405700684,39.84375,0,0,29.6152305603027,0,0,16.7293281555176,0.840564012527466,0,0,31.2153091430664,0,0,11.47580909729,0,0,30.4213790893555,0,0,0.336000025272369,0,0,6.33022165298462,1.84389078617096,0,0,11.419864654541,0,10.1963920593262,0,0,106.011085510254,0,11.3299999237061,2737.705078125
33015003302,2111.49975585938,81.9002685546875,74.4327774047852,0,0,64.5333786010742,0,0,41.9435844421387,1.35048961639404,0,0,57.8247871398926,0,0,28.8736915588379,0,0,38.7057609558105,0,0,0.163359999656677,0,0,11.1688957214355,4.43199157714844,0,0,42.672721862793,0,34.7585945129395,0,0,231.391891479492,0,125.660003662109,2951.31176757813
33015003400,2514.52001953125,259.335540771484,314.776580810547,0,0,260.093383789063,0,0,101.399642944336,5.40060234069824,0,0,245.60400390625,0,0,119.067962646484,0,0,89.2275772094727,0,0,5.42655992507935,0,0,53.2516670227051,23.8754386901855,0,0,137.579605102539,0,110.702461242676,0,0,660.403076171875,0,12.3599987030029,4913.02392578125
33015003500,2323.63159179688,118.446662902832,101.736686706543,0,0,124.425170898438,0,0,47.2164611816406,0.870209932327271,0,0,79.3660583496094,0,0,61.1322288513184,0,0,62.7146492004395,0,0,0.428000003099442,0,0,17.6865329742432,3.79262852668762,0,0,122.999740600586,0,92.0233383178711,0,0,563.951049804688,0,0,3720.42138671875
33015003601,2872.76611328125,128.291229248047,129.072998046875,0,0,98.7607879638672,0,0,52.1193046569824,3.06235241889954,0,0,100.552200317383,0,0,34.3673324584961,0,0,48.3753852844238,0,0,0.196040004491806,0,0,17.2409687042236,5.59076166152954,0,0,40.2472610473633,0,33.7626266479492,0,0,250.637496948242,0,458.349975585938,4273.39306640625
33015003602,2955.68188476563,59.7628479003906,56.5792198181152,0,0,43.9424095153809,0,0,22.3342571258545,1.0378440618515,0,0,43.9290618896484,0,0,18.5513401031494,0,0,40.4678688049316,0,0,0.519599974155426,0,0,9.40587615966797,3.31146287918091,0,0,22.2287979125977,0,19.1609020233154,0,0,165.275726318359,0,39.1399993896484,3501.32836914063
33015003701,2025.390625,295.801055908203,212.532272338867,0,0,155.000411987305,0,0,99.8262329101563,2.23257374763489,0,0,167.614044189453,0,0,56.0755043029785,0,0,49.6258773803711,0,0,0.695500016212463,0,0,30.0952129364014,8.87347507476807,0,0,64.7317352294922,0,52.8673286437988,0,0,341.267059326172,0,10.3000001907349,3572.92919921875
33015003703,2310.16845703125,350.547271728516,486.998199462891,0,0,349.674865722656,0,0,191.138046264648,16.1565952301025,0,0,373.421722412109,0,0,133.944381713867,0,0,95.3552856445313,0,0,0.298260003328323,0,0,66.4378204345703,36.0026321411133,0,0,118.497367858887,0,111.351844787598,0,0,615.404418945313,0,288.400024414063,5543.79736328125
33015003801,2035.33203125,61.6104011535645,59.7823791503906,0,0,44.4250869750977,0,0,18.7293510437012,1.07010722160339,0,0,46.5569458007813,0,0,16.4977855682373,0,0,29.5635852813721,0,0,0.592799961566925,0,0,8.76339340209961,3.38956451416016,0,0,18.0929927825928,0,15.1681804656982,0,0,127.330307006836,0,0,2486.90478515625
33015003802,1877.72937011719,90.1774063110352,51.697093963623,0,0,38.1685066223145,0,0,26.2147407531738,0.640911996364594,0,0,41.2343482971191,0,0,13.8559856414795,0,0,25.7392654418945,0,0,0.320999979972839,0,0,6.00756645202637,2.16279149055481,0,0,16.0445156097412,0,12.5862197875977,0,0,111.405227661133,0,32.9599990844727,2346.94506835938
33015003901,1951.37280273438,100.809799194336,97.4801635742188,0,0,80.3246536254883,0,0,34.8731002807617,0.900302946567535,0,0,76.0803070068359,0,0,28.1222324371338,0,0,37.0014038085938,0,0,0,0,0,13.8456468582153,2.6298143863678,0,0,41.5784950256348,0,32.3839073181152,0,0,226.816390991211,0,71.0699996948242,2795.28955078125
33015003902,1578.78454589844,53.7185211181641,43.6211280822754,0,0,35.3893241882324,0,0,20.1564311981201,0.823121964931488,0,0,34.2438430786133,0,0,13.6626529693604,0,0,24.0420036315918,0,0,0,0,0,6.83364820480347,1.38413500785828,0,0,19.1998882293701,0,15.3981466293335,0,0,120.435676574707,0,17.5100002288818,1985.20288085938
33015004000,2651.05810546875,115.736778259277,129.803726196289,0,0,94.1447372436523,0,0,48.2792701721191,4.01684379577637,0,0,100.859939575195,0,0,33.542366027832,0,0,44.7937545776367,0,0,4.47999984025955E-02,0,0,18.2015228271484,6.7432541847229,0,0,32.4013633728027,0,30.6360530853271,0,0,219.280563354492,0,56.6499977111816,3586.19287109375
33015050000,2177.81103515625,134.964263916016,109.354019165039,0,0,80.7414169311523,0,0,48.4149284362793,2.56464004516602,0,0,85.4316940307617,0,0,30.8739929199219,0,0,38.4335899353027,0,0,0.363800019025803,0,0,16.4375648498535,5.3912525177002,0,0,34.5740585327148,0,29.4690895080566,0,0,211.816604614258,0,40.1699981689453,3046.81201171875
33015051000,2407.09350585938,70.22998046875,74.1192016601563,0,0,53.981388092041,0,0,25.8753566741943,2.03277230262756,0,0,58.0808753967285,0,0,26.1791744232178,0,0,36.8206558227539,0,0,1.7376800775528,0,0,13.7502899169922,6.56091022491455,0,0,19.9240398406982,0,17.8866844177246,0,0,147.372451782227,0,10.3000001907349,2971.94482421875
33015052000,3112.97143554688,59.3889007568359,50.6870651245117,0,0,43.240795135498,0,0,22.3119068145752,1.2491819858551,0,0,39.485179901123,0,0,18.1695251464844,0,0,42.2634391784668,0,0,4.47999984025955E-02,0,0,7.66035509109497,2.68298888206482,0,0,26.9627380371094,0,20.9985694885254,0,0,185.276077270508,0,60.7699966430664,3694.1630859375
33015053000,2042.76782226563,66.9258117675781,75.0127029418945,0,0,56.2779006958008,0,0,26.9768753051758,2.39348363876343,0,0,58.5929412841797,0,0,20.3619422912598,0,0,31.5363025665283,0,0,0.26324000954628,0,0,9.61377239227295,4.33406114578247,0,0,20.3975162506104,0,18.9087333679199,0,0,140.521942138672,0,292.519958496094,2867.40502929688
33015054000,2160.68627929688,63.9916801452637,61.9789695739746,0,0,48.7705383300781,0,0,23.8013477325439,1.7053200006485,0,0,48.391544342041,0,0,24.1501350402832,0,0,33.9858436584473,0,0,1.26352000236511,0,0,11.1088304519653,5.42654895782471,0,0,23.4358024597168,0,20.1268844604492,0,0,153.173812866211,0,50.4700012207031,2732.46704101563
33015055001,2369.78271484375,74.3051605224609,75.338020324707,0,0,63.2995491027832,0,0,28.6709537506104,2.17929601669312,0,0,58.5960464477539,0,0,25.83278465271,0,0,38.6628952026367,0,0,0.201600015163422,0,0,10.9079332351685,4.11176872253418,0,0,34.4083404541016,0,27.2371578216553,0,0,203.421600341797,0,506.760009765625,3523.7158203125
33015055002,2026.5732421875,154.245574951172,185.678604125977,0,0,147.276947021484,0,0,45.4536018371582,2.80967307090759,0,0,142.506820678711,0,0,55.6232757568359,0,0,53.5618438720703,0,0,0,0,0,24.3274307250977,13.3987159729004,0,0,69.6516571044922,0,57.984260559082,0,0,347.680450439453,0,269.859985351563,3596.6318359375
33015056000,2461.89526367188,81.0668029785156,76.6324768066406,0,0,57.3400421142578,0,0,30.5181255340576,2.19729590415955,0,0,59.6878318786621,0,0,20.4110870361328,0,0,36.0318794250488,0,0,5.35000003874302E-02,0,0,10.4155912399292,3.60424065589905,0,0,22.4036560058594,0,19.8003635406494,0,0,159.041687011719,0,80.3399963378906,3121.43994140625
33015057000,2754.85668945313,104.733528137207,124.352355957031,0,0,94.3771591186523,0,0,44.6135406494141,2.152339220047,0,0,96.3924102783203,0,0,33.6499137878418,0,0,46.9440422058105,0,0,0.477219998836517,0,0,16.504301071167,6.59937238693237,0,0,36.9436454772949,0,30.8186950683594,0,0,228.530639648438,0,170.979995727539,3792.92578125
33015058000,2923.45288085938,73.6388702392578,66.6685028076172,0,0,48.7851676940918,0,0,29.7601757049561,1.73147392272949,0,0,52.1425323486328,0,0,20.013708114624,0,0,40.3057708740234,0,0,0.388319998979568,0,0,10.5729846954346,4.09536933898926,0,0,19.6025676727295,0,17.568904876709,0,0,155.075805664063,0,30.8999977111816,3494.703125
33015059000,3334.66674804688,119.353721618652,125.505508422852,0,0,104.204948425293,0,0,45.692008972168,2.24828243255615,0,0,97.6481246948242,0,0,38.4246101379395,0,0,56.8548583984375,0,0,0.153939992189407,0,0,17.4148788452148,5.12368631362915,0,0,55.1860008239746,0,43.6719818115234,0,0,314.735870361328,0,272.950012207031,4633.83544921875
33015060000,2113.525390625,155.739898681641,197.047515869141,0,0,144.976989746094,0,0,65.572395324707,2.35404253005981,0,0,154.362075805664,0,0,73.7354125976563,0,0,55.2987022399902,0,0,7.2459602355957,0,0,39.6090126037598,18.6316738128662,0,0,50.0515251159668,0,48.5598220825195,0,0,295.130493164063,0,61.7999954223633,3483.64086914063
33015061001,2955.33081054688,166.478851318359,186.737991333008,0,0,160.313858032227,0,0,77.3977661132813,3.80370569229126,0,0,145.03010559082,0,0,65.6969451904297,0,0,67.9739303588867,0,0,0.873600006103516,0,0,27.6647453308105,9.18264198303223,0,0,90.2942581176758,0,74.6923141479492,0,0,464.835327148438,0,95.7900009155273,4592.0966796875
33015062000,1227.12268066406,37.3333396911621,35.1006278991699,0,0,26.1884841918945,0,0,13.4395160675049,0.81127804517746,0,0,27.5277118682861,0,0,9.70336055755615,0,0,17.707332611084,0,0,0.228719994425774,0,0,4.95837211608887,1.81786406040192,0,0,10.3558444976807,0,9.11743068695068,0,0,74.6144104003906,0,82.4000015258789,1578.42700195313
33015062500,1901.87573242188,58.5297889709473,58.2452583312988,0,0,42.6231079101563,0,0,19.7681522369385,1.40169596672058,0,0,45.4679870605469,0,0,15.4774894714355,0,0,27.4929790496826,0,0,0.224979996681213,0,0,7.86968326568604,3.42165875434875,0,0,14.9717092514038,0,13.9123802185059,0,0,112.158348083496,0,50.4700012207031,2373.91088867188
33015063001,1416.90905761719,165.370864868164,260.672637939453,0,0,206.499206542969,0,0,74.9219360351563,6.20117425918579,0,0,201.582107543945,0,0,73.8430557250977,0,0,55.2824287414551,0,0,0.179199993610382,0,0,32.9222221374512,15.5452795028687,0,0,84.0197830200195,0,67.0769577026367,0,0,400.511047363281,0,284.279998779297,3345.81640625
33015063002,2359.55249023438,169.22868347168,174.699768066406,0,0,147.453567504883,0,0,56.4112663269043,1.38051760196686,0,0,137.03092956543,0,0,52.1064147949219,0,0,54.9371871948242,0,0,0.333840012550354,0,0,23.6626586914063,5.24720668792725,0,0,77.1916885375977,0,58.0028038024902,0,0,387.497955322266,0,793.099975585938,4497.83740234375
33015064000,1331.38537597656,109.368621826172,85.9834289550781,0,0,63.2591514587402,0,0,33.2682952880859,0.796517968177795,0,0,68.3556213378906,0,0,22.4595508575439,0,0,25.306526184082,0,0,0.65012001991272,0,0,12.4430150985718,3.26035571098328,0,0,24.1796779632568,0,19.7363433837891,0,0,140.295379638672,0,12.3599987030029,1953.10803222656
33015065001,4568.1455078125,385.3154296875,409.977508544922,0,0,316.477966308594,0,0,152.207138061523,10.8007593154907,0,0,319.291259765625,0,0,150.821411132813,0,0,124.63663482666,0,0,3.82290005683899,0,0,72.7278289794922,34.0560150146484,0,0,153.325347900391,0,129.555908203125,0,0,792.92138671875,0,147.289993286133,7771.37353515625
33015065005,1770.15673828125,25.519588470459,23.7508659362793,0,0,32.4020080566406,0,0,9.84924507141113,0.45635399222374,0,0,18.6528167724609,0,0,16.5855541229248,0,0,28.4789180755615,0,0,0,0,0,3.7100293636322,1.05985808372498,0,0,32.6440315246582,0,24.1852264404297,0,0,171.590744018555,0,79.3099975585938,2238.35180664063
33015065006,1536.66906738281,13.7628402709961,12.6810178756714,0,0,16.7396850585938,0,0,4.81306076049805,0.204120010137558,0,0,9.92334747314453,0,0,9.56683540344238,0,0,21.6270694732666,0,0,0,0,0,2.73320937156677,0.909454584121704,0,0,18.1298065185547,0,13.8064069747925,0,0,107.811988830566,0,0,1769.37780761719
33015065007,1338.1865234375,40.979320526123,77.6677780151367,0,0,80.6986846923828,0,0,13.483549118042,0.940715968608856,0,0,63.3070640563965,0,0,98.7057113647461,0,0,56.2233085632324,0,0,11.6224012374878,0,0,40.4149436950684,29.4949569702148,0,0,68.1327590942383,0,57.924747467041,0,0,326.554626464844,0,0,2304.33715820313
33015065008,2251.083984375,59.7744483947754,71.1511840820313,0,0,92.1321334838867,0,0,20.6301517486572,0.286991983652115,0,0,57.0081939697266,0,0,62.2296752929688,0,0,58.1618995666504,0,0,0.62747997045517,0,0,17.2047996520996,10.2411594390869,0,0,90.9411544799805,0,67.8114242553711,0,0,420.289215087891,0,43.2599983215332,3322.83422851563
33015066000,2274.92138671875,282.243438720703,243.513916015625,0,0,183.882949829102,0,0,98.5727081298828,2.11863589286804,0,0,191.140731811523,0,0,60.2351570129395,0,0,57.711311340332,0,0,0.102660000324249,0,0,35.2039604187012,5.45939445495605,0,0,75.3922119140625,0,58.5176162719727,0,0,400.708892822266,0,280.160003662109,4249.88525390625
33015067000,4290.22265625,262.184967041016,250.164077758789,0,0,185.613433837891,0,0,95.3153457641602,2.12412595748901,0,0,195.335433959961,0,0,60.0266532897949,0,0,77.3810958862305,0,0,0.523460030555725,0,0,33.7746543884277,9.17196846008301,0,0,70.6523895263672,0,55.8741073608398,0,0,417.804840087891,0,26.7800025939941,6032.9482421875
33015067501,3342.87939453125,141.161254882813,151.138122558594,0,0,137.556137084961,0,0,63.756950378418,2.3058648109436,0,0,117.814758300781,0,0,58.6076011657715,0,0,69.4374923706055,0,0,0.160500004887581,0,0,21.2241649627686,7.99856996536255,0,0,90.9439239501953,0,74.2922821044922,0,0,463.536895751953,0,140.080001831055,4882.89404296875
33015067502,1557.63928222656,52.1543807983398,65.6070327758789,0,0,75.6659317016602,0,0,20.4259948730469,2.32311582565308,0,0,50.6427764892578,0,0,37.5483627319336,0,0,38.6504821777344,0,0,0.089599996805191,0,0,9.55702495574951,5.14838743209839,0,0,67.0803146362305,0,50.2459678649902,0,0,308.036376953125,0,49.4399948120117,2390.25512695313
33015069100,2232.47631835938,397.954895019531,323.810424804688,0,0,279.196990966797,0,0,121.705390930176,1.48572719097137,0,0,257.030395507813,0,0,133.065979003906,0,0,97.2583923339844,0,0,2.40558004379272,0,0,61.9425239562988,17.4224681854248,0,0,180.796401977539,0,141.496475219727,0,0,844.164978027344,0,0,5092.212890625
33015069200,1491.412109375,210.41796875,198.988998413086,0,0,172.596405029297,0,0,86.989616394043,1.82023561000824,0,0,154.58317565918,0,0,71.5672149658203,0,0,57.140739440918,0,0,1.62840008735657,0,0,33.6633529663086,7.36932992935181,0,0,108.922134399414,0,84.9901123046875,0,0,511.676147460938,0,0,3193.76611328125
33015069300,1322.45056152344,130.746063232422,143.044647216797,0,0,118.525009155273,0,0,51.6770401000977,0.919371604919434,0,0,112.107940673828,0,0,49.1800079345703,0,0,41.6033706665039,0,0,0,0,0,22.2399158477783,7.33773279190063,0,0,62.5457649230957,0,52.5800514221191,0,0,310.145446777344,0,0,2425.10302734375
33015069700,2033.18432617188,123.212020874023,132.052047729492,0,0,113.872749328613,0,0,44.2600708007813,0.608918368816376,0,0,105.073959350586,0,0,77.9947891235352,0,0,58.0990295410156,0,0,8.03630065917969,0,0,36.2441825866699,17.9983673095703,0,0,72.0047302246094,0,59.9728202819824,0,0,364.101623535156,0,0,3246.7158203125
33015071000,3907.87817382813,181.421020507813,157.268783569336,0,0,126.228157043457,0,0,58.8115997314453,1.60277390480042,0,0,124.10514831543,0,0,56.3008422851563,0,0,70.1622695922852,0,0,1.89038002490997,0,0,26.7682952880859,9.90836906433105,0,0,66.7555923461914,0,53.6458549499512,0,0,380.381896972656,0,62.8300018310547,5285.95751953125
33015100100,3757.57348632813,164.083511352539,159.884460449219,0,0,119.595726013184,0,0,66.7183380126953,2.90286016464233,0,0,125.45076751709,0,0,41.7894096374512,0,0,62.0988998413086,0,0,2.57200002670288E-02,0,0,22.8497524261475,5.80547475814819,0,0,48.5224380493164,0,43.7468910217285,0,0,312.76416015625,0,184.369995117188,5118.1826171875
33015100200,2809.36743164063,180.74577331543,165.705642700195,0,0,137.550079345703,0,0,74.0522079467773,2.08358645439148,0,0,129.765686035156,0,0,49.6846809387207,0,0,58.6008338928223,0,0,0.12015999853611,0,0,23.6461334228516,4.66578245162964,0,0,75.0010299682617,0,58.6590347290039,0,0,395.423858642578,0,16.4799995422363,4181.5517578125
33015100301,2219.1337890625,554.884338378906,632.766357421875,0,0,460.860504150391,0,0,247.394470214844,14.765832901001,0,0,492.223999023438,0,0,166.851486206055,0,0,114.318649291992,0,0,0.176339983940125,0,0,92.0117874145508,31.9129428863525,0,0,158.044738769531,0,145.271667480469,0,0,825.261108398438,0,152.440002441406,6308.318359375
33015100302,1570.41857910156,161.298492431641,172.106979370117,0,0,143.519424438477,0,0,81.5860824584961,1.14820194244385,0,0,133.218017578125,0,0,56.3247299194336,0,0,49.9834175109863,0,0,0.336840003728867,0,0,24.1831512451172,7.50483083724976,0,0,79.9783477783203,0,67.6911544799805,0,0,390.408782958984,0,251.320007324219,3191.02685546875
33015100400,3672.91845703125,309.406921386719,356.128967285156,0,0,282.872955322266,0,0,113.9873046875,2.3758020401001,0,0,278.833251953125,0,0,103.890396118164,0,0,95.8456649780273,0,0,3.87167978286743,0,0,52.2091407775879,15.5879182815552,0,0,128.773025512695,0,96.8939666748047,0,0,649.810668945313,0,263.679992675781,6427.0869140625
33015101100,3969.18212890625,398.461883544922,411.684722900391,0,0,323.584777832031,0,0,157.264556884766,5.80000877380371,0,0,320.454132080078,0,0,105.985275268555,0,0,102.482681274414,0,0,0.35809999704361,0,0,54.2270774841309,12.4310836791992,0,0,141.320388793945,0,110.349609375,0,0,731.294616699219,0,0,6844.880859375
33015102100,2288.71875,85.0839996337891,64.4877243041992,0,0,51.2490425109863,0,0,29.8422107696533,1.26014757156372,0,0,50.4015121459961,0,0,19.6635322570801,0,0,33.9224472045898,0,0,0.190459996461868,0,0,8.30457782745361,3.28838205337524,0,0,25.5315361022949,0,21.1413631439209,0,0,162.290466308594,0,97.8500061035156,2943.2265625
33015103100,3687.47265625,119.647407531738,113.237861633301,0,0,94.8692932128906,0,0,46.7879829406738,2.01652216911316,0,0,88.3627319335938,0,0,38.1663780212402,0,0,59.999080657959,0,0,0.201159998774529,0,0,17.3454036712646,4.8787055015564,0,0,55.193302154541,0,45.0779724121094,0,0,325.779479980469,0,0,4699.0361328125
33015104101,2439.59008789063,111.105331420898,129.354858398438,0,0,104.347686767578,0,0,43.1249732971191,1.92468047142029,0,0,102.307418823242,0,0,45.4838829040527,0,0,49.4848518371582,0,0,2.42007994651794,0,0,21.209264755249,8.71276569366455,0,0,52.3711051940918,0,42.475658416748,0,0,285.196594238281,0,199.820007324219,3638.92895507813
33015104102,2187.82641601563,120.128692626953,130.538421630859,0,0,96.7972869873047,0,0,58.7689590454102,1.91397666931152,0,0,101.188957214355,0,0,38.5548400878906,0,0,43.9247245788574,0,0,0.61845999956131,0,0,18.9869194030762,8.28953456878662,0,0,41.9778861999512,0,36.3629341125488,0,0,239.219833374023,0,90.6399993896484,3215.73779296875
33015105100,3243.37670898438,177.486633300781,188.320327758789,0,0,145.652374267578,0,0,71.7513656616211,3.46260952949524,0,0,146.487655639648,0,0,50.662425994873,0,0,61.9837303161621,0,0,0,0,0,25.9336547851563,7.51479816436768,0,0,62.2651824951172,0,52.7519378662109,0,0,360.320495605469,0,73.1299896240234,4671.09912109375
33015106101,3921.96508789063,251.663757324219,219.316146850586,0,0,163.120590209961,0,0,95.8217239379883,3.28759074211121,0,0,172.10530090332,0,0,61.8259239196777,0,0,73.4457778930664,0,0,1.22325992584229,0,0,35.0231819152832,8.98289394378662,0,0,68.5789947509766,0,57.7606048583984,0,0,408.736846923828,0,15.4499988555908,5558.3076171875
33015106102,3811.32543945313,117.123916625977,95.7829818725586,0,0,71.5877838134766,0,0,40.1468811035156,1.06003797054291,0,0,74.6819152832031,0,0,28.9396686553955,0,0,54.9843902587891,0,0,0.728079974651337,0,0,15.4780216217041,5.30869674682617,0,0,33.3147735595703,0,28.0570735931396,0,0,234.797302246094,0,15.4499988555908,4628.767578125
33015106200,1456.91442871094,148.435897827148,154.864456176758,0,0,136.244979858398,0,0,50.1048736572266,0.88424277305603,0,0,122.445594787598,0,0,73.8851699829102,0,0,53.8113784790039,0,0,4.35525989532471,0,0,33.4747581481934,13.8640356063843,0,0,88.7380142211914,0,69.0874633789063,0,0,420.342529296875,0,661.260009765625,3488.71313476563
33015106400,1962.01806640625,277.57275390625,232.587387084961,0,0,178.853820800781,0,0,142.855438232422,1.14084005355835,0,0,180.460006713867,0,0,100.497749328613,0,0,72.9823837280273,0,0,5.2330002784729,0,0,50.6834602355957,20.9006252288818,0,0,105.802658081055,0,93.6071624755859,0,0,530.125732421875,0,272.950012207031,4228.27099609375
33015107100,1157.80285644531,161.963256835938,139.392333984375,0,0,118.099281311035,0,0,50.3171997070313,0.305334001779556,0,0,110.09839630127,0,0,46.5318756103516,0,0,38.9933700561523,0,0,0.178000003099442,0,0,22.5304126739502,3.86791157722473,0,0,66.8406600952148,0,49.1672744750977,0,0,317.815887451172,0,79.3099975585938,2363.21411132813
33015107200,3011.2783203125,420.573669433594,440.431030273438,0,0,350.523864746094,0,0,178.721099853516,6.22834730148315,0,0,344.568969726563,0,0,157.111831665039,0,0,116.628295898438,0,0,1.99394011497498,0,0,76.1134185791016,28.4052639007568,0,0,176.395401000977,0,143.259307861328,0,0,864.361938476563,0,136.990005493164,6453.58544921875
33015107400,804.449462890625,399.029693603516,474.970520019531,0,0,333.138458251953,0,0,153.430770874023,5.70035600662231,0,0,373.672668457031,0,0,140.599685668945,0,0,78.720947265625,0,0,6.10016059875488,0,0,79.3799667358398,36.2640762329102,0,0,111.274757385254,0,99.9182586669922,0,0,548.452209472656,0,0,3645.1015625
33015107500,2560.62329101563,431.748748779297,546.496154785156,0,0,402.754180908203,0,0,175.942672729492,6.65557622909546,0,0,424.620452880859,0,0,121.780754089355,0,0,93.6843872070313,0,0,1.67413997650146,0,0,68.0678024291992,18.7328701019287,0,0,120.938949584961,0,106.82788848877,0,0,638.521545410156,0,0,5719.0703125
33015980011,8.42304039001465,118.207489013672,141.275085449219,0,0,99.8977508544922,0,0,51.5471229553223,1.75740385055542,0,0,110.097076416016,0,0,33.7575454711914,0,0,18.6405258178711,0,0,0,0,0,19.1972103118896,7.54321908950806,0,0,30.5150394439697,0,28.6434783935547,0,0,148.749008178711,0,0,818.2509765625
33017080100,1712.7099609375,39.4394912719727,28.8713626861572,0,0,22.5871067047119,0,0,12.5363464355469,0.605195999145508,0,0,22.8622894287109,0,0,9.32402420043945,0,0,22.5089893341064,0,0,0,0,0,4.50801944732666,1.32257723808289,0,0,11.3894834518433,0,9.49136161804199,0,0,87.7078323364258,0,13.3900012969971,1999.25427246094
33017080202,1253.48815917969,28.2055282592773,35.5070953369141,0,0,37.5061874389648,0,0,6.63341760635376,0.214524000883102,0,0,27.755802154541,0,0,22.6440753936768,0,0,25.4861164093018,0,0,1.06496000289917,0,0,7.8912205696106,4.43936729431152,0,0,33.2262535095215,0,26.029146194458,0,0,166.527099609375,0,0,1676.61889648438
33017080203,629.948791503906,66.7377319335938,208.310958862305,0,0,171.943908691406,0,0,16.8245468139648,8.13239961862564E-02,0,0,174.965560913086,0,0,297.315277099609,0,0,118.159164428711,0,0,51.8876190185547,0,0,140.052536010742,103.715362548828,0,0,108.920310974121,0,108.942283630371,0,0,537.962585449219,0,0,2735.76806640625
33017080204,467.887054443359,50.9314994812012,140.238662719727,0,0,120.491744995117,0,0,15.523175239563,0.142847999930382,0,0,119.850112915039,0,0,236.259552001953,0,0,92.198974609375,0,0,41.7245979309082,0,0,112.423835754395,80.7700119018555,0,0,85.452262878418,0,85.0559616088867,0,0,425.922637939453,0,0,2074.87280273438
33017080500,2888.19799804688,177.812225341797,162.551712036133,0,0,128.340713500977,0,0,57.3068199157715,1.4648939371109,0,0,128.343215942383,0,0,47.4340171813965,0,0,56.192741394043,0,0,1.14620006084442,0,0,24.2839965820313,5.84609317779541,0,0,61.4646873474121,0,48.6647338867188,0,0,338.545745849609,0,319.299987792969,4446.89599609375
33017081100,3411.75830078125,96.6801834106445,88.0214996337891,0,0,95.7748260498047,0,0,31.5146198272705,1.3748939037323,0,0,68.6267929077148,0,0,43.9413414001465,0,0,61.5530776977539,0,0,0.530719995498657,0,0,12.667103767395,4.43792819976807,0,0,79.3381042480469,0,60.1891250610352,0,0,404.011383056641,0,134.929992675781,4595.35009765625
33017081200,2533.70751953125,150.697662353516,155.219360351563,0,0,122.385353088379,0,0,57.7864761352539,1.80428385734558,0,0,121.747055053711,0,0,54.222770690918,0,0,54.6332893371582,0,0,2.66666007041931,0,0,27.5291118621826,9.33390235900879,0,0,58.92236328125,0,49.4837417602539,0,0,323.787658691406,0,198.790008544922,3922.716796875
33017081300,1890.00036621094,158.897583007813,150.621017456055,0,0,156.806106567383,0,0,67.686149597168,1.39529871940613,0,0,118.021339416504,0,0,78.8663864135742,0,0,67.0140991210938,0,0,1.1275600194931,0,0,25.6348686218262,9.7836742401123,0,0,132.938079833984,0,101.571014404297,0,0,599.864440917969,0,0,3560.22778320313
33017081400,841.04248046875,121.482688903809,103.317893981934,0,0,93.8487167358398,0,0,44.4204711914063,0.56292200088501,0,0,81.5751037597656,0,0,38.9194831848145,0,0,32.4011917114258,0,0,0,0,0,16.6361083984375,2.79455780982971,0,0,64.3877487182617,0,50.4659080505371,0,0,298.402709960938,0,0,1790.25793457031
33017081500,2610.66430664063,229.035430908203,299.9521484375,0,0,265.279815673828,0,0,90.542106628418,2.59471797943115,0,0,239.470138549805,0,0,140.312057495117,0,0,99.8728790283203,0,0,12.1274404525757,0,0,59.3648834228516,28.0445423126221,0,0,163.885208129883,0,123.183387756348,0,0,757.146850585938,0,0,5121.47607421875
33017081600,2937.54443359375,207.641143798828,266.278594970703,0,0,209.287109375,0,0,104.924659729004,7.49224376678467,0,0,206.591232299805,0,0,112.197715759277,0,0,85.6507873535156,0,0,6.72187995910645,0,0,51.9297981262207,28.1039180755615,0,0,102.061737060547,0,88.1699066162109,0,0,526.358947753906,0,6.17999935150146,4947.1337890625
33017082000,1360.48474121094,47.9934387207031,49.901195526123,0,0,41.9254035949707,0,0,18.9825248718262,1.41685914993286,0,0,38.7015037536621,0,0,17.6357898712158,0,0,23.7150001525879,0,0,7.84199982881546E-02,0,0,7.19026660919189,3.19682097434998,0,0,23.4537391662598,0,19.0399017333984,0,0,131.874404907227,0,7.21000003814697,1792.79992675781
33017083001,3100.890625,157.825759887695,184.239837646484,0,0,177.690093994141,0,0,80.4868698120117,2.84054398536682,0,0,142.118118286133,0,0,80.025634765625,0,0,81.0630950927734,0,0,0.162540003657341,0,0,25.878927230835,11.7243499755859,0,0,133.130783081055,0,104.044662475586,0,0,628.495178222656,0,70.0400009155273,4980.65673828125
33017083002,1742.32507324219,180.526962280273,197.004013061523,0,0,156.564224243164,0,0,100.006538391113,1.84485590457916,0,0,152.208297729492,0,0,55.9677772521973,0,0,52.027717590332,0,0,0.121959999203682,0,0,26.4526672363281,7.56317853927612,0,0,77.2195434570313,0,64.8509368896484,0,0,385.953216552734,0,597.400024414063,3798.037109375
33017084100,1984.33447265625,84.7527084350586,99.4178237915039,0,0,79.0254364013672,0,0,36.6686019897461,3.59008193016052,0,0,77.1639404296875,0,0,41.9216728210449,0,0,40.993839263916,0,0,2.15594005584717,0,0,19.8801898956299,9.95266819000244,0,0,41.0671272277832,0,35.0370559692383,0,0,228.364517211914,0,689.070007324219,3473.39624023438
33017084200,2948.10375976563,98.2390060424805,137.546859741211,0,0,107.031272888184,0,0,45.4493522644043,5.97443151473999,0,0,106.376747131348,0,0,42.4935302734375,0,0,52.9023094177246,0,0,0.145520001649857,0,0,18.9590301513672,9.85826015472412,0,0,45.0779113769531,0,37.6936988830566,0,0,266.920288085938,0,1101.06994628906,5023.84130859375
33017084300,2695.74975585938,285.677856445313,388.659027099609,0,0,331.017852783203,0,0,117.185920715332,5.70931196212769,0,0,304.036437988281,0,0,155.107376098633,0,0,111.606918334961,0,0,8.16028022766113,0,0,66.664421081543,30.9301109313965,0,0,185.641189575195,0,144.346557617188,0,0,863.039794921875,0,116.389999389648,5809.92333984375
33017084400,2054.62817382813,84.2080078125,75.2959213256836,0,0,81.2791290283203,0,0,32.1239242553711,0.567432045936584,0,0,58.3017921447754,0,0,38.5695991516113,0,0,44.7206382751465,0,0,0.866699993610382,0,0,12.6952924728394,3.60481858253479,0,0,70.6967697143555,0,51.2270698547363,0,0,340.847747802734,0,8.23999977111816,2957.87280273438
33017084500,1689.767578125,146.077941894531,133.465148925781,0,0,102.497802734375,0,0,79.0149993896484,1.68276596069336,0,0,102.884231567383,0,0,45.983585357666,0,0,43.8349723815918,0,0,0.223999992012978,0,0,21.1466617584229,8.85587024688721,0,0,56.7496490478516,0,49.4060745239258,0,0,294.508758544922,0,279.130004882813,3055.23046875
33017084600,1182.896484375,82.5424499511719,87.8651962280273,0,0,71.6739120483398,0,0,33.1466903686523,2.05059599876404,0,0,68.1980514526367,0,0,25.9774608612061,0,0,26.7329597473145,0,0,0,0,0,11.3157033920288,3.90528464317322,0,0,35.1908378601074,0,26.7592525482178,0,0,178.849166870117,0,225.570007324219,2062.673828125
33017085000,4475.20556640625,209.379135131836,213.680252075195,0,0,163.066192626953,0,0,78.9770278930664,3.19514989852905,0,0,166.977142333984,0,0,52.5184860229492,0,0,75.6106872558594,0,0,0.181919991970062,0,0,27.8194961547852,6.77375316619873,0,0,64.039665222168,0,51.1023063659668,0,0,387.924957275391,0,542.809936523438,6519.26220703125
33017086000,2373.84326171875,39.1682586669922,41.6659469604492,0,0,31.9988040924072,0,0,14.0583848953247,1.34852385520935,0,0,32.6616325378418,0,0,12.6807594299316,0,0,30.9940147399902,0,0,0.134399995207787,0,0,6.11325883865356,2.432537317276,0,0,13.347451210022,0,11.4591569900513,0,0,112.189796447754,0,148.320007324219,2872.41625976563
33017087000,2695.7685546875,144.331085205078,154.113647460938,0,0,130.310577392578,0,0,58.8403396606445,5.53102922439575,0,0,119.191673278809,0,0,55.5867691040039,0,0,58.1916923522949,0,0,0.102719999849796,0,0,21.7845764160156,10.5264406204224,0,0,72.9259185791016,0,58.0472869873047,0,0,374.684722900391,0,423.329986572266,4383.26708984375
33017088000,2266.36010742188,73.4327163696289,81.7025756835938,0,0,62.8737106323242,0,0,39.553840637207,1.39582788944244,0,0,62.9535865783691,0,0,26.4703922271729,0,0,38.5456352233887,0,0,0.129399999976158,0,0,12.227352142334,5.54073715209961,0,0,32.5956230163574,0,28.3480091094971,0,0,194.983383178711,0,463.5,3390.61303710938
33017088500,3192.2373046875,61.0164375305176,66.2314605712891,0,0,47.9338684082031,0,0,25.4817142486572,1.24320590496063,0,0,51.5063972473145,0,0,15.7445240020752,0,0,41.5213165283203,0,0,0,0,0,8.63491344451904,2.96018409729004,0,0,16.0811996459961,0,14.4946193695068,0,0,144.729904174805,0,182.309997558594,3872.12719726563
33019975100,2350.28955078125,94.3159027099609,81.3873138427734,0,0,61.3666381835938,0,0,30.4615669250488,0.941259503364563,0,0,64.0318145751953,0,0,25.4888458251953,0,0,36.9398727416992,0,0,0.948220014572144,0,0,11.9648151397705,5.67662382125854,0,0,24.7123184204102,0,21.5610370635986,0,0,162.603057861328,0,125.660003662109,3098.3486328125
33019975200,4124.7119140625,100.284317016602,120.37264251709,0,0,95.9384307861328,0,0,35.5279960632324,2.61581754684448,0,0,94.2748031616211,0,0,50.576587677002,0,0,68.4329452514648,0,0,0.660300016403198,0,0,22.2521362304688,12.7120819091797,0,0,50.1675109863281,0,41.7043876647949,0,0,309.301116943359,0,72.1000061035156,5201.6328125
33019975300,3123.13403320313,77.6469650268555,94.47705078125,0,0,77.3001556396484,0,0,29.5444297790527,2.07520198822021,0,0,73.8979721069336,0,0,34.8138961791992,0,0,50.8888206481934,0,0,0.735480010509491,0,0,15.4850692749023,7.10265254974365,0,0,40.084716796875,0,33.1671180725098,0,0,244.277465820313,0,103,4007.63134765625
33019975400,2727.52172851563,245.641571044922,303.359771728516,0,0,245.897918701172,0,0,106.531631469727,5.61164712905884,0,0,235.371994018555,0,0,105.995697021484,0,0,85.553352355957,0,0,3.39020037651062,0,0,47.5451202392578,21.388427734375,0,0,122.939674377441,0,99.6453552246094,0,0,606.33984375,0,349.170013427734,5311.904296875
33019975500,2579.51708984375,44.769718170166,44.9832458496094,0,0,35.285026550293,0,0,14.9518585205078,0.854279935359955,0,0,35.0310363769531,0,0,13.2758960723877,0,0,33.6936225891113,0,0,4.28000018000603E-02,0,0,5.98420906066895,2.55564141273499,0,0,15.5951347351074,0,12.781886100769,0,0,124.058456420898,0,161.710006713867,3125.08959960938
33019975600,1871.33605957031,23.9132690429688,33.8380889892578,0,0,27.32546043396,0,0,9.50450420379639,0.50614196062088,0,0,27.059103012085,0,0,26.0438346862793,0,0,30.1468276977539,0,0,3.49440002441406,0,0,12.072958946228,8.10894680023193,0,0,14.5710897445679,0,13.6075868606567,0,0,107.400779724121,0,199.820007324219,2408.7490234375
33019975700,1703.46655273438,117.54630279541,160.037490844727,0,0,120.956390380859,0,0,46.6858520507813,5.22982788085938,0,0,123.791450500488,0,0,55.9922180175781,0,0,45.5226707458496,0,0,2.19234013557434,0,0,26.3506889343262,15.5826015472412,0,0,48.9476051330566,0,42.6955146789551,0,0,257.785400390625,0,783.830017089844,3556.61254882813
33019975800,2255.2490234375,185.642135620117,322.816772460938,0,0,243.122573852539,0,0,103.097854614258,16.271312713623,0,0,246.825057983398,0,0,109.771064758301,0,0,78.8318023681641,0,0,0.914079964160919,0,0,47.3427124023438,33.294319152832,0,0,101.00520324707,0,85.6022262573242,0,0,487.580841064453,0,56.6499977111816,4374.01708984375
33019975901,1904.85510253906,111.088447570801,131.314544677734,0,0,122.326782226563,0,0,47.6999702453613,0.578285992145538,0,0,103.619400024414,0,0,63.1925811767578,0,0,54.2687187194824,0,0,4.14597988128662,0,0,25.0025234222412,10.7136354446411,0,0,83.6393661499023,0,64.030647277832,0,0,396.590026855469,0,301.790008544922,3424.8564453125
33019975902,1649.89916992188,134.845031738281,143.798370361328,0,0,140.627944946289,0,0,50.8375015258789,1.2465215921402,0,0,112.711685180664,0,0,67.0835113525391,0,0,55.5440864562988,0,0,2.59496021270752,0,0,25.801549911499,8.70597171783447,0,0,102.833511352539,0,77.2502746582031,0,0,473.355834960938,0,81.370002746582,3128.505859375

