Tract,RES1F,RES2F,RES3AF,RES3BF,RES3CF,RES3DF,RES3EF,RES3FF,RES4F,RES5F,RES6F,COM1F,COM2F,COM3F,COM4F,COM5F,COM6F,COM7F,COM8F,COM9F,COM10F,IND1F,IND2F,IND3F,IND4F,IND5F,IND6F,AGR1F,REL1F,GOV1F,GOV2F,EDU1F,EDU2F,TotalSqft
33001965100,2525.44,95.79,21.438,33.348,0,11.886,28.866,0,39.71,49,7.191,159.58,20.604,52.923,77.63,5.457,0,5.511,21.961,0,0,30.036,36.455,1.3,0,1.9,61.487,9.762,20.474,23.726,7.49,34.617,0,3383.582
33001965200,2919.04,288.4,109.572,100.044,89.145,0,0,0,26.225,0,2.461,176.5,14.259,45.387,82.779,18.832,0,9.155,50.048,0,0,2.653,10.08,0,0,0,33.228,15.263,46.76,5.671,5.564,0,0,4051.066
33001965300,2611.13,114.33,123.864,104.808,5.943,11.886,0,0,248.668,67.2,21.4,299.23,226.979,98.29,154.379,0,0,24.469,77.848,15.087,0,68.418,86.983,0,0,0,94.12,20.003,62.763,14.278,14.704,31.994,0,4598.774
33001965400,2326.18,9.27,0,33.348,0,0,0,0,29.104,6.3,18.917,55.365,7.784,29.513,51.123,0,0,0.749,6.142,0,0,56.408,9.78,4.1,0,0,42.169,17.934,28.952,1.529,5.671,32.258,0,2772.596
33001965598,1686.82,192.61,157.212,181.032,71.316,35.658,28.866,0,73.922,165.2,0,669.085,83.873,131.398,161.065,6.313,0,28.071,83.31,6.527,0,42.313,101.554,0,3.5,0,53.692,11.558,27.117,107.339,5.243,301.098,0,4415.692
33001965600,3081.89,13.39,11.91,0,0,0,0,0,17.579,0,0,33.137,16.638,19.971,49.034,0,0,0,7.104,0,0,9.34,2.895,5.548,0,0,52.737,22.539,14.237,1.911,4.901,34.454,0,3399.215
33001965700,3210.3,136.99,0,14.292,0,0,0,0,21.293,0,0,68.929,32.835,36.175,58.186,0,0,0.653,13.054,0,0,19.888,10,0,0,0,61.944,12.667,5.885,1.911,5.671,72.729,0,3783.402
33001965800,3648.67,724.09,121.482,219.144,89.145,23.772,0,0,11.235,1.4,0,159.988,135.667,88.91,185.179,5.457,0,27.048,50.317,3.103,0,131.82,74.179,20.8,2.4,0,297.917,28.769,28.471,14.751,3.852,45.507,26.857,6169.929
33001965900,1085.19,145.23,443.052,247.728,130.746,23.772,57.732,63.675,0,8.4,19.474,96.526,40.258,91.805,108.673,10.165,64.414,89.96,34.775,0,0,43.8,60.155,2.7,0,0,36.445,9.95,50.231,13.482,0,22.684,1.284,3002.306
33001966000,1839.34,10.3,338.244,195.324,243.663,106.974,115.464,0,16.823,176.1,70.62,218.402,148.058,134.422,235.534,15.491,0,76.549,37.091,0,0,272.498,219.555,0,70.101,34,83.227,17.545,90.191,59.514,23.273,115.024,44.507,5007.835
33001966100,2816.62,88.58,285.84,204.852,59.43,59.43,86.598,0,26.85,12.6,4.28,137.04,48.854,108.348,108.941,0,4.708,34.356,55.82,2.354,0,10.9,31.154,3.1,0,0,61.106,12.095,64.276,29.073,0,41.73,0,4398.935
33001966200,2149.88,238.96,157.212,323.952,433.839,142.632,28.866,63.675,185.705,57.4,29.425,156.778,10.709,102.711,111.832,1.563,0,29.451,115.413,2.991,0,27.26,0.004,1.8,0,0,25.443,13.096,14.552,0,0,41.301,0,4466.449
33001966401,2309.94,302.82,57.168,76.224,77.259,0,0,63.675,45.582,0,0,138.036,12.305,44.327,92.886,0,0,13.756,78.861,0,0,27.357,71.695,2.298,0,0,39.006,5.094,20.544,0,28.141,5.885,0,3512.859
33001966402,3452.53,346.08,102.426,128.628,53.487,11.886,57.732,0,22.079,0,0,142.463,76.949,83.389,165.856,17.162,0,24.567,181.863,3.108,0,3.499,35.337,0,0,0,91.111,12.21,33.434,42.143,0,41.326,0,5129.265
33001966500,5186.91,302.82,21.438,57.168,101.031,47.544,0,0,55.565,0,0,127.677,43.145,54.285,83.508,5.457,0,4.601,23.753,2.354,0,17.901,18.299,0,0,3,39.182,22.804,39.773,18.099,9.523,4.395,0,6290.231
33003955100,3894.18,78.28,614.556,852.756,629.958,213.948,86.598,0,235.078,0,0,127.073,24.396,47.176,103.028,7.169,0,15.418,117.938,0,0,1.154,26.454,20,0,1.2,53.666,12.357,50.172,38.184,5.35,9.844,0,7265.933
33003955300,2752.41,738.51,231.054,762.24,463.554,261.492,57.732,0,642.758,112,20.758,713.805,185.801,144.226,275.231,9.095,0,57.814,157.594,3.852,0,83.513,131.686,27.699,10.052,0,97.171,37.108,84.906,9.938,16.317,32.064,0,8120.38
33003955400,3079.18,37.08,92.898,71.46,101.031,11.886,28.866,0,15.797,1.4,7.811,210.762,121.124,68.117,87.391,6.541,0.01,23.306,61.376,0,0,93.906,19.309,3.42,0,0,63.693,25.453,58.481,4.482,4.901,55.904,3.21,4358.794
33003955500,2680.66,69.01,30.966,23.82,17.829,11.886,28.866,0,114.492,2.8,3.745,52.803,30.2,20.234,74.181,8.881,0,1.785,16.693,0,0,92.375,26.018,4.001,0,0,27.723,4.11,8.431,9.582,5.992,6.451,0,3373.534
33003955600,4430.95,399.64,50.022,52.404,47.544,35.658,0,0,108.604,0,4.173,218.304,85.961,136.73,192.406,5.016,8.765,18.443,77.367,0,0,89.873,51.702,7.18,0,0,239.129,24.369,44.731,10.494,15.557,40.465,0,6395.488
33003955800,2619.9,253.38,28.584,4.764,77.259,35.658,0,0,40.434,7,4.922,48.047,13.072,8.977,64.007,0,78.691,2.277,7.284,0,0,14.872,11.347,0,0,0,42.419,20.232,15.039,2.919,0,10.37,0,3411.454
33003955900,2918.3,460.41,109.572,157.212,77.259,0,0,0,41.787,90.9,33.063,293.981,95.657,83.398,144.083,7.918,0.489,13.568,92.233,1.498,0,40.086,27.898,0,2.1,0,54.068,30.482,62.377,48.792,8.168,34.594,0,4929.893
33003956000,4907.21,232.78,33.348,152.448,0,0,28.866,0,15.597,0,0,87.257,35.854,72.651,73.694,3.959,26.001,6.784,62.449,0,0,13.661,34.209,0,0,0,69.702,28.495,73.191,19.266,3.531,35.814,0,6016.768
33003956100,4781.75,86.52,240.582,495.456,89.145,0,86.598,0,133.904,58.8,0,269.102,126.912,120.72,249.374,38.52,110.21,65.005,178.538,1.498,0,44.27,172.56,2.5,3.9,0,110.257,42.971,81.305,20.271,11.671,82.177,14.874,7719.391
33003956300,6964.34,154.5,35.73,85.752,53.487,0,0,0,47.54,0,0,124.221,38.172,51.146,125.574,7.597,0,11.77,64.032,0,0,6.962,29.709,23.15,0,0,80.534,12.721,33.278,13.636,9.095,52.612,0,8025.559
33003956400,3106.98,187.46,19.056,123.864,23.772,0,0,0,17.633,0,0,27.776,15.862,13.214,32.879,0,0,0,2.657,0,0,14.451,3.399,0,0,0,36.346,12.99,12.626,2.293,8.495,17.12,0,3678.873
33005970100,2729.12,143.17,40.494,71.46,11.886,0,0,0,8.591,5.6,9.523,52.747,98.342,52.034,53.546,0,0,12.937,27.279,0,0,45.599,22.777,7.5,0,0,67.493,28.19,20.597,6.115,0.327,38.911,0,3554.238
33005970200,1925.93,52.53,159.594,95.28,71.316,0,0,0,5.671,0,14.338,162.682,31.359,45.795,82.304,15.836,0,15.784,48.934,3.959,0,166.1,10,19.993,0,0,28.04,47.95,20.33,60.99,0,42.051,0,3126.766
33005970400,4325.91,89.61,66.696,47.64,29.715,11.886,28.866,63.675,5.136,42.9,0,72.007,30.356,56.642,106.642,2.996,4.922,11.01,25.467,0,0,11.406,25.296,3,0,0,50.25,13.246,46.582,36.203,15.683,434.313,0,5658.055
33005970500,2715.84,116.39,183.414,166.74,112.917,59.43,86.598,0,31.585,54.6,31.672,142.796,40.615,88.269,119.19,2.996,0,22.518,90.79,0,0,165.04,196.5,14.148,45.2,2.9,66.247,66.372,94.062,11.831,8.025,89.805,0,4826.49
33005970600,2753.56,125.66,59.55,71.46,101.031,35.658,28.866,0,4.28,469.4,2.676,193.64,31.571,38.41,103.979,0,0,7.9,83.6,0,0,33.627,12.462,0,0,0,113.66,14.802,41.129,10.364,5.671,60.776,58.957,4462.688
33005970700,2190.38,179.22,0,28.584,59.43,0,0,0,31.565,0.7,0,47.024,44.563,29.17,73.804,4.172,0,2.643,29.923,0,0,151.08,73.4,0,6.353,0,53.557,14.04,52.323,20.759,2.941,18.618,0,3114.249
33005970800,1747.09,170.98,223.908,142.92,59.43,47.544,28.866,0,23.433,0.8,5.564,78.186,50.96,56.964,81.119,5.992,0,8.555,34.57,2.354,0,38.398,20.8,2.8,0,5.5,76.918,21.821,43.943,11.649,1.712,26.781,0,3019.557
33005970900,3326.17,266.77,128.628,61.932,225.834,59.43,28.866,0,45.796,0,7.062,415.14,66.092,95.294,144.163,2.461,0,11.604,56.067,0,0,121.19,203.853,10.146,22.201,0,96.028,30.224,39.911,18.359,3.103,73.791,0,5560.115
33005971000,2380.79,290.46,19.056,42.876,89.145,166.404,202.062,0,17.976,84.7,50.29,78.324,41.486,20.428,82.614,5.992,259.475,199.384,38.055,0,0,86.2,27.777,0,0,0,23.677,6.436,35.454,11.664,0,53.007,0,4313.732
33005971100,1479.85,90.64,478.782,585.972,118.86,35.658,86.598,127.35,59.063,33.6,7.755,259.751,111.505,257.41,238.064,14.231,1.07,47.701,44.013,0,0,262.799,152.192,4.6,0,0,64.758,10.48,71.557,43.17,14.659,55.925,4.174,4762.186
33005971300,733.244,11.33,262.02,495.456,219.891,154.518,28.866,0,14.248,48.3,10.058,162.479,10.593,108.924,396.635,34.769,0,51.741,44.154,0,0,6.3,5.2,1.2,0,0,99.337,3.987,60.444,24.931,5.778,46.33,0,3040.733
33005971401,1010.4,10.3,307.278,61.932,41.601,59.43,28.866,0,14.98,1117.1,20.758,569.039,255.89,197.97,218.26,34.561,0,71.413,133.692,16.692,0,460.2,104.095,7.7,43.775,0,78.246,5.9,39.366,11.984,0,121.734,3.21,5046.373
33005971402,1771.2,11.33,116.718,171.504,101.031,95.088,57.732,0,49.865,4.2,0,233.72,124.887,58.124,302.833,21.185,0,23.284,78.523,4.173,0,0,32.4,0,0,0,94.211,12.359,31.673,10.209,0,26.606,53.5,3486.354
33005971500,3512.96,21.63,42.876,128.628,29.715,0,0,0,32.383,110.3,40.125,109.01,169.509,81.49,103.903,3.317,295.779,13.603,100.515,0,0,42.18,47.574,15,0,0,124.353,22.86,18.832,6.88,8.495,27.071,0,5108.988
33005971600,1028.28,580.92,183.414,123.864,89.145,35.658,0,0,9.203,0,0,116.806,30.53,38.467,42.453,5.779,0,7.009,67.838,0,0,52.601,39.677,4.1,0,0,23.656,16.928,9.309,7.644,5.136,30.709,0,2549.126
33005971700,1360.38,342.99,278.694,152.448,53.487,11.886,57.732,0,15.087,40.6,23.54,99.918,93.563,59.447,38.712,5.992,0,2.14,20.17,1.205,0,262.09,39.986,0,3.177,0,27.756,15.807,29.104,2.982,0,36.166,0,3075.059
33007950100,3306.24,300.76,40.494,42.876,35.658,0,0,0,73.402,56.4,2.461,97.444,23.541,23.304,34.386,0,0,3.959,37.662,0,0,15.8,4.4,0,0,0,13.088,7,3.103,17.349,0,16.371,0,4155.698
33007950200,1330.53,357.41,181.032,238.2,77.259,23.772,28.866,0,565.281,9.1,1.712,202.145,94.689,77.432,65.233,4.601,43.228,9.383,33.084,0,0,36.35,102.499,3.8,2.5,0,48.296,21.818,23.273,6.326,12.038,36.272,0,3636.129
33007950300,2233.43,266.77,7.146,0,0,0,0,0,33.018,1.4,0,38.263,23.013,13.61,24.125,0,0,1.146,11.556,1.205,0,9,2.901,0,0,0,28.29,14.115,14.446,9.844,0,16.938,0,2750.216
33007950400,2001.21,192.61,145.302,176.268,71.316,23.772,28.866,0,20.758,2.1,0,107.241,15.746,43.377,30.919,7.918,0,14.167,10.883,3.317,0,564.62,10.754,3.1,0,0,27.279,10.38,46.502,29.048,9.149,68.587,0,3665.189
33007950500,1560.38,165.83,69.078,76.224,166.404,11.886,57.732,0,83.737,148.8,23.144,269.762,89.136,85.348,76.17,18.298,72.76,20.309,56.603,0,0,48.649,8.147,52.197,0,0,31.835,42.335,49.673,59.471,25.168,21.15,0,3390.226
33007950600,1216.96,17.51,378.738,381.12,118.86,23.772,57.732,0,0,82.8,0,147.59,178.611,88.16,63.201,16.585,126.259,36.53,106.864,0,0,103.907,26.8,0,1.4,0,16.904,7.347,22.946,40.45,11.556,10.61,23.54,3306.752
33007950700,1384.49,11.33,402.558,128.628,47.544,11.886,0,0,0,123.2,20.758,49.126,13.837,22.234,28.859,1.044,0,9.641,22.502,0,0,8.259,2.8,6.8,6.353,0,14.49,0,14.98,3.98,0,71.186,0,2406.485
33007950800,905.936,9.27,316.806,447.816,65.373,0,0,0,16.264,7.7,2.996,110.971,142.514,83.342,89.803,17.869,0,33.01,21.685,0,0,49,15.854,6.896,0,0,28.837,3.174,81.951,67.142,5.992,19.742,0,2549.943
33007950900,1348.57,232.78,238.2,152.448,35.658,23.772,28.866,0,146.162,6.3,0,237.923,86.983,109.825,76.183,7.917,0,24.919,111.029,0,0,481.844,43.938,0,8.42,0,36.946,10.143,64.155,30.497,2.782,25.68,0,3571.94
33007951000,2075.26,127.72,157.212,152.448,83.202,0,0,0,156.807,51.1,0,53.117,18.84,27.713,34.87,0,0,0,116.196,0,0,13.74,14.1,6.299,0,0,18.789,13.057,21.722,17.504,8.495,10.272,0,3178.463
33007951100,1673.05,388.31,76.224,38.112,59.43,0,86.598,0,64.664,38.2,2.14,46.704,7.87,40.799,43.06,5.885,11.984,14.766,26.365,22.042,0,11.807,50.9,0,0.62,0,38.419,20.085,19.848,19.368,10.165,66.553,0,2883.968
33009960100,2312.65,370.8,209.616,433.524,154.518,59.43,86.598,63.675,78.87,18.9,9.737,600.299,113.792,160.564,220.114,26.043,107.001,82.993,96.735,4.601,0,199.787,82.01,27,0,0,118.275,23.372,72.583,26.878,10.058,58.878,7.062,5836.362
33009960200,3145.36,219.39,78.606,195.324,77.259,59.43,28.866,0,137.791,70,20.758,124.189,58.545,52.449,90.713,1.819,50.29,14.942,53.928,3.908,0,9.89,11.586,3.099,4.765,0,39.081,10.727,49.22,15.164,2.247,97.37,0,4726.717
33009960300,3030.97,248.23,109.572,100.044,29.715,11.886,0,0,47.401,0,0,77.103,113.998,43.302,68.213,2.782,0,13.733,31.814,0,0,22.523,57.277,17.801,226.8,0,63.9,32.118,50.056,24.183,2.287,52.216,0,4477.924
33009960400,6307.19,347.11,171.504,262.02,344.694,130.746,57.732,254.7,328.3,0,0,195.336,14.979,41.184,94.301,4.28,0,11.31,181.506,1.205,0,3.905,40.6,0,0,0,24.715,6.389,67.661,10.518,10.165,53.714,0,8965.762
33009960500,1825.32,372.86,83.37,133.392,89.145,47.544,28.866,0,70.619,77.7,0,56.227,12.84,15.653,42.54,4.066,0,4.815,66.789,4.387,0,10.99,6.344,5.4,0,0,24.57,2.098,16.264,23.311,0.654,12.198,0,3037.962
33009960600,1987.19,362.56,204.852,214.38,47.544,23.772,28.866,0,62.116,120,1.498,207.411,67.24,76.052,76.246,18.618,64.2,28.751,67.015,0,0,39.813,6.231,0,0,0,66.442,50.822,41.6,37.335,17.317,81.823,1.284,4000.977
33009960700,1919.54,189.52,11.91,23.82,47.544,0,0,0,15.783,0,0,34.368,27.213,35.811,56.755,4.28,0,0,14.231,0,0,83.343,9.54,0,1.5,0,37.082,61.716,13.803,12.107,3.267,31.779,0,2634.912
33009960800,3276.72,470.71,100.044,66.696,47.544,0,28.866,0,49.113,4.2,0,109.818,59.579,54.731,70.165,0,0,5.19,59.906,0,0,17.107,18.423,4.5,10,0,57.333,17.786,21.671,3.058,7.092,43.014,0,4603.266
33009960900,2764.47,138.02,26.202,38.112,11.886,47.544,0,0,63.771,16.1,0,39.108,28.906,25.614,57.924,4.28,0,5.607,11.77,0,0,10.053,15.226,0,0,0,30.068,30.475,12.246,3.439,3.267,28.921,17.121,3430.13
33009961000,1565.05,233.81,171.504,295.368,231.777,59.43,28.866,0,32.1,914.3,0,368.539,87.016,101.609,172.382,32.421,9.951,54.662,93.37,9.122,0,31.707,31.902,16.2,0,0,60.466,33.178,71.292,64.147,11.449,55.886,0,4837.505
33009961100,2558.32,220.42,133.392,390.648,285.264,23.772,0,0,84.904,49.8,0,61.002,18.725,47.422,109.357,5.243,12.86,12.189,36.487,0,0,134.007,6.9,0,0,0,61.001,16.7,67.911,42.125,4.387,87.836,0,4470.672
33009961200,4076.71,151.41,123.864,123.864,95.088,47.544,86.598,0,42.834,16.1,4.389,118.798,66.055,116.725,122.939,9.095,0,17.659,83.081,0,0,91.608,9.726,11.05,0,0,64.642,32.456,48.091,20.215,10.379,58.197,0,5649.117
33009961300,2276.48,258.53,52.404,57.168,11.886,0,0,0,14.94,0,29.84,23.137,17.208,32.376,18.528,0,0,2.889,1.855,0,0,21.015,5.198,5.742,3.3,0,19.655,7.068,12.722,10.069,0,3.21,0,2885.22
33009961400,2086.08,450.11,97.662,9.528,0,0,28.866,0,9.951,41.3,0,34.747,42.586,31.937,52.521,7.733,0,3.322,12.554,0,0,101.763,6.886,12,0,4.2,46.037,20.007,14.445,31.519,0,70.834,0,3216.588
33009961500,2401.04,336.81,166.74,214.38,160.461,0,57.732,0,28.172,3.5,0,89.762,18.635,58.744,89.484,2.61,0,9.633,24.153,0,0,35.32,15.877,0,1,0,41.944,6.38,55.276,14.674,3.638,44.152,0,3880.117
33009961601,1743.4,0,35.73,23.82,0,0,0,0,10.593,0,0,28.177,5.885,16.027,58.481,0,0,1.524,3.959,8.881,0,131.3,7.76,2.4,0,0,20.478,13.57,7.608,0.764,13.069,20.587,0,2154.013
33009961602,1753,0,54.786,195.324,285.264,71.316,202.062,127.35,102.323,1587.9,79.608,232.761,22.825,160.894,957.817,30.274,12.519,70.969,146.572,1.498,0,3.297,25.689,3.4,0,0,43.295,4.648,108.696,46.913,0,268.466,464.166,7063.632
33009961700,2501.25,49.44,338.244,295.368,386.295,368.466,317.526,254.7,49.969,72.8,25.252,682.531,229.755,187.361,481.881,54.095,446.51,119.732,190.018,1.633,0,493.8,194.947,2.7,30.176,0,80.659,20.367,401.704,25.946,0,99.188,47.293,8449.605
33009961800,2301.74,112.27,376.356,223.908,279.321,23.772,57.732,63.675,5.885,28,11.235,457.605,149.985,191.162,237.045,14.701,74.579,57.003,65.992,8.56,0,103.46,57.541,5.8,0,4,48.596,34.036,65.26,4.708,9.095,28.212,0,5101.234
33011000101,1202.78,0,190.56,119.1,0,47.544,115.464,63.675,8.904,2.8,0,40.313,21.015,12.216,120.585,0,0,44.956,22.541,0,0,24.1,2.41,0,0,0,12.065,0,50.124,1.529,0,23.005,0,2125.686
33011000102,1956.85,8.24,114.336,0,23.772,35.658,461.856,0,0,269.3,0,50.386,23.536,32.283,65.084,0,7.716,10.7,28.35,0,0,4.5,4.052,0,0,0,38.132,3.58,16.668,0,0,11.417,0,3166.416
33011000202,724.47,0,200.088,181.032,118.86,0,0,0,0,0,0,13.174,55.854,18.383,36.409,0,0,2.616,2.407,0,0,79.7,5.709,0,0,3,16.716,3.184,2.996,4.601,0,16.906,0,1486.105
33011000203,246.246,0,52.404,19.056,11.886,202.062,1154.64,127.35,2.339,0,6.099,27.563,59.202,12.323,24.067,0,0,2.354,7.479,0,0,0.371,3.06,0,0,0,19.602,0.882,19.308,15.836,0,0.713,28.569,2043.411
33011000204,715.122,0,126.246,23.82,101.031,332.808,981.444,191.025,19.489,27.3,22.149,16.473,95.999,276.32,38.134,0,0,4.103,16.452,0,0,2.783,2.817,0,0,0,47.129,10.024,8.731,0,0,0,0,3059.399
33011000300,227.386,23.69,474.018,566.916,178.29,11.886,57.732,63.675,0,5.6,0,35.592,25.427,36.848,55.914,0,0,6.356,22.855,0,0,13.207,75.87,0,3.176,0,11.536,4.785,35.133,0,0,19.784,0,1955.676
33011000600,186.468,0,231.054,352.536,261.492,83.202,57.732,63.675,0,68.6,45.783,35.64,30.414,161.117,264.798,7.811,0,58.277,13.303,0,0,33.7,21.054,1.149,0,0,14.006,2.9,21.079,12.305,0,5.564,0,2033.659
33011000700,1371.12,0,364.446,104.808,41.601,23.772,0,0,0,16.8,13.91,30.666,13.935,23.84,57.977,11.342,0,7.544,25.434,0,0,0,15.154,0,0,0,26.627,4.797,16.612,2.568,0,18.19,0,2191.143
33011000800,377.036,0,443.052,242.964,47.544,59.43,28.866,0,3.21,161,76.933,29.012,6.313,30.332,48.561,1.044,0,4.494,49.5,1.498,0,9.3,3.792,0,0,0,19.318,0.798,159.373,2.247,0,20.47,0,1826.087
33011000901,1607.2,0,78.606,42.876,112.917,35.658,115.464,0,0,10.5,0,102.162,9.121,28.761,89.188,26.75,0,31.159,41.088,0,0,1.153,10.354,0,0,0,19.29,4.5,14.921,0,0,16.66,0,2398.328
33011000902,1755.13,0,11.91,114.336,190.176,202.062,490.722,127.35,8.453,0,0,74.472,44.743,28.334,60.235,0,0,47.572,25.066,0,0,0,0,0,0,0,22.731,1.4,8.667,0,0,3.639,0,3216.998
33011001000,2589.4,0,71.46,104.808,17.829,71.316,317.526,0,0,89.9,29.136,181.737,499.047,163.428,196.484,2.622,0,20.009,96.567,0,0,101.1,422.6,22.8,290,12.5,202.623,19.208,50.248,0,0,23.08,0,5595.428
33011001100,2552.17,12.36,304.896,90.516,35.658,0,0,0,0,88.9,16.906,115.77,92.715,106.59,98.005,5.029,0,33.747,35.76,0,0,24.907,8.218,0,0,0,61.677,10.481,76.898,1.911,0,59.527,0,3832.641
33011001200,528.408,0,362.064,181.032,0,11.886,28.866,0,3.562,66.5,61.129,8.346,2.996,8.678,28.821,0,0,20.356,3.424,0,0,0,1.5,0,0,0,15.877,0.64,7.34,0,0,31.918,0,1373.343
33011001300,363.26,28.84,221.526,404.94,427.896,142.632,57.732,0,0,0.7,0,18.255,28.497,39.465,55.952,0,0,5.136,17.785,0,0,0,0.88,0,0,0,22.006,1.52,26.429,12.198,0,8.881,0,1884.53
33011001400,60.762,0,59.55,385.884,83.202,130.746,28.866,382.05,14.338,96,0,59.149,40.842,151.455,101.063,17.762,1.819,3.103,55.473,3.21,0,28.5,10.654,0,0,0,22.407,1.1,99.403,32.1,33.705,43.87,0,1947.013
33011001500,85.28,0,147.684,624.084,219.891,35.658,86.598,0,0,35,0,9.321,4.922,31.349,27.838,0,0,2.782,24.396,2.568,0,0,3.1,0,0,0,11.818,0,31.03,0,0,26.643,0,1409.962
33011001600,284.376,0,569.298,890.868,178.29,47.544,0,0,0,0,0,83.209,6.848,80.475,66.069,17.869,0,19.453,29.853,1.205,0,0,1.4,10,0,0,47.763,0.797,25.364,3.852,0,24.503,0,2389.036
33011001700,403.932,0,300.132,252.492,29.715,59.43,144.33,63.675,0,0,0,123.141,22.577,152.163,32.598,4.698,614.501,126.902,40.148,0,0,0,14.908,0,0,0,16.894,3.494,8.881,0,0,0,0,2414.611
33011001800,1413.27,0,609.792,747.948,231.777,35.658,28.866,0,0,0,0,106.978,47.418,57.587,53.975,0,0,14.841,15.265,0,0,16.06,32.272,30,32.5,0,45.964,9.676,40.435,0,0,27.677,0,3597.959
33011001900,329.64,0,183.414,485.928,95.088,35.658,0,127.35,12.626,67.7,5.992,437.828,338.647,266.611,243.814,7.308,15.408,9.427,85.517,8.025,0,481.7,67.9,180,18.2,76,83.606,2.387,16.563,46.973,0,137.708,7.062,3874.08
33011002000,131.528,0,214.38,562.152,130.746,11.886,0,63.675,0,6.3,0,35.924,15.648,34.036,36.816,0,0,9.416,3.745,0,0,1.8,0,0,0,0,7.5,0.797,54.035,0,0,0,13.268,1333.652
33011002100,612.786,0,407.322,919.452,433.839,11.886,28.866,0,0,4.9,40.018,25.084,77.284,176.528,68.07,25.681,2.572,44.844,56.561,0,0,14.999,13.878,0,3.5,0,56.39,2.1,14.114,0.765,0,42.372,0,3083.811
33011002200,1130.45,10.3,347.772,138.156,29.715,0,115.464,127.35,20.361,2.8,0,14.346,6.164,23.387,99.71,4.708,0,4.173,10.914,0,0,4.4,15.682,0,0,0,29.708,0.051,28.118,0,0,0,0,2163.729
33011002300,1368.66,0,304.896,281.076,71.316,11.886,144.33,63.675,0,0,2.65,118.364,12.055,61.751,135.81,1.992,0,52.166,117.715,0,0,12.97,55.732,40.226,0,0,27.002,4.053,20.991,5.045,0.283,20.799,0,2935.443
33011002400,2541.92,0,435.906,219.144,148.575,213.948,86.598,0,0,7,0,24.391,73.855,57.949,99.427,0,0,5.885,12.252,0,0,6.92,0,0,0,0,55.32,11.139,33.519,0,0,0.713,0,4034.461
33011002500,2648.85,11.33,173.886,119.1,59.43,59.43,115.464,0,38.306,0,1.712,657.541,329.562,253.286,134.277,21.739,0,27.654,90.197,42.265,0,6.608,199.557,0,1.7,0,48.351,16.076,41.281,0.706,0,56.571,0,5154.879
33011002600,3045.81,40.17,47.64,0,71.316,59.43,0,0,108.247,0,0,803.286,334.283,344.707,289.439,12.936,0,12.584,105.156,5.164,0,468.61,162.552,15.848,4.4,17.308,153.353,37.048,18.991,10.4,0,18.618,0,6187.296
33011002701,1880.51,21.63,102.426,85.752,95.088,0,0,0,5.381,0,0,78.389,24.306,45.043,92.912,15.291,0,7.169,36.175,0,0,16.59,43.532,0,0,0,60.468,25.411,40.202,6.726,5.778,37.41,0,2726.189
33011002702,2747.25,306.94,59.55,238.2,23.772,0,28.866,0,3.103,23.8,16.05,92.9,26.87,73.845,88.912,4.575,1.819,18.287,49.136,0,0,25.614,7.884,0,5.975,0,99.748,27.47,46.791,2.247,3.638,92.412,0,4115.654
33011002800,2218.84,50.47,271.548,200.088,41.601,130.746,202.062,63.675,22.815,876.3,50.825,220.204,55.248,115.549,164.383,4.28,0,18.116,76.604,3.103,0,67.213,42,0,10,0,135.503,45.82,56.211,14.231,13.482,37.814,925.55,6134.28
33011002901,3543.3,0,0,23.82,41.601,35.658,288.66,191.025,23.647,74.2,0,254.703,242.016,141.75,721.815,9.845,0,88.348,95.353,15.408,0,63.486,132.518,4.3,17.3,6.7,121.382,53.92,64.81,13.375,15.194,71.141,0,6355.275
33011002902,3404.15,30.9,16.674,14.292,29.715,0,86.598,0,53.5,263.2,116.655,298.33,146.299,142.753,498.551,24.651,0,173.379,109.4,17.548,0,56.598,45.501,1.199,0,5.164,110.796,44.001,19.281,6.191,6.578,57.722,0,5779.625
33011002903,4574.94,0,0,0,0,0,0,0,3.21,0,0,135.497,76.721,45.301,172.356,0,1.286,18.794,31.028,0,0,15.2,20.477,9.299,0,0,78.816,19.817,37.321,1.529,3.21,61.632,0,5306.433
33011010100,2757.82,15.45,47.64,57.168,77.259,23.772,28.866,0,11.839,0,19.688,30.921,18.108,48.287,91.09,0,0,13.584,26.712,0,0,6.6,22.958,0,0,0,29.794,1.717,34.978,10.32,0,15.59,0,3390.161
33011010200,1574.65,63.86,28.584,176.268,297.15,356.58,952.578,63.675,188.856,169.8,23.969,625.715,559.282,253.151,1782.46,23.689,0,70.947,222.347,0,0,417.201,447.526,188.2,1.7,89.727,90.079,12.309,34.271,3.684,0,96.327,66.555,8881.14
33011010301,2687.55,16.48,0,0,41.601,47.544,144.33,0,3.852,0,0,34.047,13.919,18.711,72.293,4.494,0,5.639,10.093,14.617,0,3,1.955,0,0,0,11.668,17.452,22.576,0,0,17.405,0,3189.226
33011010302,1792.36,0,90.516,85.752,41.601,83.202,115.464,127.35,0,0,0.597,152.817,6.741,23.324,109.26,5.029,0,38.799,29.104,0,0,3.1,4,0,0,0,27.67,6.18,4.541,8.943,0,28.207,0,2784.557
33011010400,2203.42,0,562.152,100.044,71.316,0,0,0,16.05,4.1,0,81.625,39.706,116.636,123.141,4.28,0,31.314,22.073,0,0,105.2,4.277,1.4,0,0,73.325,18.23,24.326,0,0,53.839,0,3656.454
33011010500,451.328,0,290.604,957.564,338.751,83.202,28.866,0,0,17.5,0,57.939,63.655,125.519,164.704,25.413,0,17.88,48.179,3.317,0,45.953,57.398,6,6,0,36.815,6.72,66.661,6.726,0,14.445,0,2921.139
33011010600,984.738,12.36,769.386,566.916,297.15,106.974,57.732,63.675,0,9.8,0,91.707,271.17,115.406,123.843,4.173,0,49.894,52.072,7.276,0,204.06,86.263,0,84.9,90,59.243,9.797,59.374,0.764,0,61.473,0,4240.146
33011010700,74.62,13.39,195.324,95.28,65.373,71.316,144.33,254.7,3.531,98.7,187.25,308.09,78.555,142.926,290.466,38.229,214,214.748,120.963,5.671,0,13.2,56.124,4,14.293,0,25.34,11.617,62.311,37.909,27.713,12.423,0,2882.392
33011010800,717.664,0,928.98,909.924,416.01,35.658,173.196,382.05,0,128.1,1.193,194.193,133.752,143.517,184.075,0,0,36.289,34.014,0,0,148.5,337.509,8.299,55,46.5,86.17,15.835,92.581,31.351,8.025,85.621,0,5334.006
33011010900,2293.29,0,514.512,242.964,0,47.544,0,127.35,0,93.8,0,49.045,43.284,94.863,128.038,1.044,229.408,114.126,22.112,0,0,0,6.031,4.999,0,1.3,54.214,16.594,28.997,0,52.278,43.941,0,4209.734
33011011000,2511.99,7.21,104.808,47.64,23.772,11.886,0,0,2.14,163.4,0,241.218,108.809,88.864,177.906,0,0,14.435,50.61,0,0,4.5,21.826,4.2,0,0,43.571,15.484,68.204,9.6,0,18.084,35.952,3776.109
33011011101,153.504,0,21.438,66.696,196.119,522.984,577.32,63.675,0,0,0,1.791,3.334,5.875,25.244,0,0,0,3.388,0,0,2.307,1.955,0,0,0,3.667,0.91,5.671,0,0,0,0,1655.878
33011011102,175.152,0,7.146,76.224,136.689,784.476,461.856,127.35,16.371,0,0,1306.53,94.637,65.593,158.731,20.118,22.042,26.857,130.432,0,0,4.808,699.41,135.8,0,34.8,24.069,8.98,20.569,18.06,0,7.437,0,4564.136
33011011200,3052.12,15.45,0,133.392,112.917,59.43,28.866,191.025,43.443,16.1,14.766,55.271,62.358,47.26,281.216,0,0,36.272,57.065,4.815,0,56.9,22.254,3.3,0,2.5,53.958,11.888,14.278,1.911,0,18.051,0,4396.806
33011011300,2382.18,0,9.528,0,0,0,0,0,29.96,212.1,42.8,40.048,38.447,51.403,174.421,5.457,0,6.634,47.666,0,0,2.753,151.099,0,0,0,29.403,10.777,0,29.211,0,23.754,0,3287.641
33011011401,2463.12,268.83,0,33.348,11.886,71.316,144.33,63.675,0,0,4.815,24.261,15.203,18.124,55.586,2.996,0,8.025,14.98,1.391,0,44.9,0.86,0,0,0,42.728,7.84,0,6.634,0,31.458,0,3336.306
33011011402,2057.46,0,0,0,0,23.772,432.99,0,13.482,0,0,34.74,199.926,91.743,132.128,6.205,0,7.533,22.391,1.498,0,140.854,30.802,0,0,13.5,52.696,2.926,7.276,2.141,0,4.387,0,3278.45
33011011500,851.898,541.78,0,0,0,0,28.866,0,0,0,0,16.057,59.065,25.701,23.807,0,0,92.02,25.786,0,0,34.999,3.857,1.4,1.799,0,20.527,0.61,12.138,3.745,0,25.894,0,1769.949
33011012100,4116.24,0,240.582,66.696,5.943,71.316,0,0,5.136,0,0,111.687,144.754,132.818,183.493,9.74,0,13.9,37.217,8.56,0,56.066,44.368,8.8,0,0,179.058,39.36,32.458,0,0,34.38,0,5542.572
33011012200,3080.99,27.81,393.03,57.168,118.86,273.378,144.33,0,9.019,0,0,164.277,92.455,154.199,146.546,32.976,0,47.368,112.92,1.498,0,15.707,163.3,2.299,0,55,86.346,31.081,47.138,12.687,5.243,100.613,0,5376.238
33011012300,4064.49,96.82,376.356,14.292,41.601,11.886,28.866,0,0,112,17.075,617.902,392.319,242.134,223.55,0,0,6.955,32.517,1.498,0,741.904,1530.65,5.509,0.04,91.5,176.948,56.742,56.856,20.257,7.062,21.257,0,8988.986
33011013100,4032.02,106.09,59.55,85.752,29.715,23.772,0,0,0,0,0,51.779,52.282,41.433,84.255,0,0,7.948,66.501,1.498,0,36.606,7.395,0,0,0,81.98,29,34.133,0,5.136,22.791,0,4859.636
33011014100,2503.3,70.04,78.606,114.336,178.29,202.062,230.928,0,19.26,43.2,0,326.522,360.955,180.529,497.222,28.014,0,99.211,161.605,15.408,0,609.994,622.168,138.9,28.764,27.845,152.662,91.035,74.106,21.555,16.478,92.515,32.1,7017.611
33011014201,3240.23,0,19.056,9.528,0,0,0,0,0,0,0,43.052,18.179,38.023,87.117,0,0,12.598,7.453,1.205,0,13.18,12.3,2.299,0,3.8,35.246,8.185,8.49,0,0,0,0,3559.941
33011014202,3382.42,13.39,59.55,71.46,0,0,0,0,0,0,0,21.043,97.972,21.73,66.016,0,0,5.595,10.935,0,0,27.98,10.754,0,0,0,38.337,12.626,16.478,0,0,23.433,0,3879.719
33011014300,4266.95,72.1,50.022,42.876,47.544,0,0,0,183.026,7,10.058,352.735,200.631,54.655,213.431,1.793,0,18.72,99.439,2.41,0,46.806,65.629,13.9,0,15,72.888,27.055,41.66,6.435,0,25.516,0,5938.28
33011015100,3213.17,0,11.91,14.292,29.715,23.772,0,0,39.086,0,29.826,98.816,50.878,37.427,150.459,1.964,31.03,23.73,18.566,0,0,7.552,22.811,0,0,1.291,44.961,10.632,28.986,12.155,19.581,38.805,0,3961.415
33011015200,3655.15,69.01,52.404,14.292,59.43,0,28.866,0,0,0,25.227,334.219,321.427,156.95,358.109,15.061,0,72.012,105.895,8.43,0,210.587,237.978,51.065,3.6,7.296,146.443,25.25,83.838,8.409,5.778,46.502,0,6103.228
33011016100,1256.32,46.35,131.01,90.516,95.088,23.772,0,0,3.562,0,17.12,51.278,4.13,44.564,64.434,0,0,14.638,6.776,0,0,8.2,9.431,0,0,3.873,37.181,10.53,72.262,4.846,0,1.426,0,1997.307
33011016201,2177.51,142.14,226.29,190.56,255.549,332.808,404.124,191.025,6.664,81.2,40.577,437.076,46.082,150.009,222.02,15.584,0,39.293,142.976,1.205,0,266.86,160.108,0,0,0,82.491,21.115,46.202,32.269,5.35,50.97,0,5768.058
33011016202,2243.03,242.05,109.572,14.292,0,0,0,0,53.5,2.1,0,124.494,157.389,56.246,137.501,12.412,0,27.595,44.933,0,0,284.525,209.222,41.622,568.3,87.603,70.557,14.877,21.401,0,18.832,16.307,0,4558.36
33011017100,4430.79,76.22,119.1,0,23.772,0,28.866,0,0,0,0,136.099,112.636,102.006,318.648,11.669,0,21.187,55.55,1.605,0,259.744,93.095,11.371,1.1,15,87.765,237.548,32.897,18.084,10.058,76.812,0,6281.623
33011018000,2569.14,0,52.404,0,5.943,0,0,0,1.819,0,0,59.602,24.468,58.872,84.844,7.276,1.926,2.087,21.213,0,0,29.081,44.254,0.029,3.61,0,86.849,23.776,27.899,8.102,9.149,42.616,0,3164.959
33011018501,642.06,253.38,135.774,0,53.487,11.886,28.866,0,0,0,0,41.532,45.706,21.956,21.719,4.066,0,3.531,10.985,0,0,31.5,27.181,18.349,0,0,24.792,2.1,45.979,11.848,0.327,13.374,0,1450.398
33011018502,845.994,21.63,0,0,0,0,0,0,0,0,0,43.989,4.28,17.291,65.032,0,0,0,12.348,0,0,7.834,3.376,3.9,11.2,0,21.059,18.299,11.165,2.247,0,26.75,0,1116.394
33011019000,1766.28,35.02,219.144,95.28,29.715,0,28.866,0,63.361,4.9,0,99.598,21.584,42.443,193.193,5.136,0,2.054,24.11,1.205,0,209.9,246.934,0,0,0,54.423,18.439,28.392,6.727,8.346,64.591,0,3269.642
33011019501,953.496,14.42,47.64,23.82,0,0,0,0,8.453,0,0,17.052,11.128,10.646,38.897,0,0,0.803,8.273,0,0,1.5,4.648,3.103,0,0,26.167,11.243,6.195,0,0,12.947,0,1200.431
33011019502,1230.82,60.77,11.91,0,5.943,0,0,0,3.103,1.4,0,37.022,18.806,15.011,97.428,0,0,0.92,8.274,0,0,13.907,3.977,2.9,3.176,0,22.35,15.315,1.653,1.529,9.802,18.511,0,1584.527
33011020000,2742.08,49.44,190.56,0,0,0,0,0,6.665,0,83.646,69.692,47.439,45.678,162.115,3.531,0,6.003,18.966,0,0,34.604,5.601,14.1,0,2.8,72.696,41.953,43.042,3.058,3.92,33.139,0,3680.728
33011021000,4716.07,213.21,85.752,33.348,112.917,0,0,0,54.418,0,0,133.883,110.126,135.909,164.506,5.084,0,9.143,45.117,1.391,0,81.833,12.741,0,3.176,0,130.806,41.907,23.22,19.827,3.639,37.061,0,6175.085
33011021500,2836.63,192.61,114.336,33.348,118.86,23.772,0,0,16.471,49,0,106.493,44.993,33.822,56.256,2.568,0,3.585,33.489,2.703,0,323.707,7.6,112.5,0,0,59.234,17.414,34.031,1.911,10.245,21.648,0,4257.226
33011022000,861.984,30.9,33.348,14.292,5.943,0,28.866,0,25.252,93.8,0,31.363,19.376,91.238,20.465,0,0,3.36,5.493,0,0,35.1,10.361,2.097,0,1.936,22.119,8.618,0,4.188,4.066,1.038,0,1355.203
33011022500,3533.95,46.35,85.752,176.268,0,11.886,0,0,23.74,41.3,6.634,123.847,50.024,75.096,160.148,3.531,0,10.326,48.185,0,0,128.668,18.209,3,3.5,0,177.447,27.547,53.381,3.456,1.819,59.773,0,4873.836
33011023000,3031.13,0,378.738,290.604,190.176,106.974,57.732,0,107.927,154,71.904,368.649,68.527,150.192,622.338,7.598,160.5,150.59,152.505,0,0,98,123.249,28.8,16.9,0,77.072,25.836,68.876,42.366,3.638,149.157,0,6703.978
33011024000,1111.43,18.54,78.606,4.764,11.886,0,0,0,17.976,7.6,0,41.719,23.137,20.02,44.921,0,0,1.145,12.733,0,0,10.706,6.98,2.499,1.6,1.3,30.208,14.32,11.711,13.972,9.802,24.641,15.836,1538.052
33011025000,1521.76,50.47,161.976,61.932,41.601,11.886,0,0,12.091,6.4,0,69.638,28.341,31.939,70.707,3.959,0,22.134,16.085,3.317,0,18.343,40.08,0,0,0,44.771,22.382,21.212,10.548,6.527,32.421,3.21,2313.73
33011025500,3474.26,197.76,200.088,61.932,59.43,95.088,0,0,41.944,9.1,11.77,204.039,15.318,83.449,116.042,16.906,0,23.893,51.716,0,0,39.814,169.7,3.3,0,0,43.786,21.633,58.399,25.974,11.77,52.751,0,5089.861
33011200100,2235.24,0,166.74,23.82,0,23.772,28.866,0,0,0,0,48.03,49.404,38.873,62.813,0,0,5.992,38.106,0,0,47.25,37.349,23.592,6.313,1.3,106.021,12.732,8.346,0,0,1.038,0,2965.597
33011200200,1947.09,0,90.516,14.292,35.658,0,28.866,0,0,0,0,69.124,63.652,122.92,101.301,7.918,0,17.446,18.153,0,0,246.3,4.331,0,0,0,67.68,14.967,38.771,5.029,5.35,30.495,0,2929.859
33011200300,2222.86,0,35.73,0,0,47.544,28.866,0,14.659,0,2.386,117.365,20.999,46.653,225.252,0,0,16.147,52.535,39.483,0,16.913,9.12,219.101,1.6,0,47.645,6.83,11.342,7.644,0,7.137,0,3197.811
33011200400,166.706,0,35.73,404.94,273.378,225.834,230.928,445.725,159.323,59.4,0,656.715,615.971,480.156,2077.96,92.237,15.408,239.951,326.717,16.906,0,113.807,267.238,59.743,13.529,221.4,78.425,20.478,115.201,155.691,7.918,25.301,25.68,7628.395
33011980101,0,0,0,0,0,0,0,0,38.199,0,0,104.487,191.892,4.793,66.096,0,0,35.277,7.337,0,0,139.756,204.345,135.8,0,54.592,24.514,0,7.867,0,0,0,0,1014.955
33013003001,1806.87,11.33,47.64,85.752,53.487,11.886,28.866,127.35,15.003,118,4.28,185.758,290.038,67.174,257.012,5.35,0,23.11,56.818,0,0,130.207,77.301,0,1.588,0,82.711,9.089,46.452,25.07,11.449,49.185,53.393,3682.169
33013003006,1673.37,112.27,54.786,14.292,0,0,57.732,0,0,150.4,1.193,277.032,216.354,118.437,115.344,13.966,0,12.251,65.261,4.494,0,4.653,22.502,41.401,1.7,0,99.312,21.1,31.943,1.147,0,1.038,0,3111.979
33013003100,1377.85,393.46,169.122,76.224,172.347,0,86.598,0,7.383,5.9,3.745,67.449,104.752,50.468,96.963,4.922,0,14.563,23.183,0,0,28.963,50.498,1.6,0,0,45.043,16.02,14.054,14.905,8.346,43.335,0,2877.693
33013003200,2718.96,94.76,488.31,238.2,142.632,0,57.732,63.675,0,37.1,0,109.658,183.227,85.412,138.821,4.922,0,18.789,68.876,0,0,89.66,220.909,0,1.1,1.2,133.246,34.712,75.236,32.239,3.317,78.612,0,5121.305
33013030000,1629.67,7.21,14.292,4.764,5.943,0,0,0,0,0,0,24.888,11.466,13.009,28.932,0,0,0,8.132,0,0,5.406,18.7,0,2.6,0,55.498,10.802,14.504,3.531,0,2.675,0,1862.022
33013031001,2283.13,0,0,0,0,0,0,0,5.457,0,0,202.285,186.905,116.541,161.936,2.996,0,10.079,40.339,0,0,120.06,145.464,73.948,0,0,92.505,10.715,23.9,4.601,26.519,9.524,0,3516.904
33013031002,2020.73,0,0,0,0,0,28.866,63.675,31.275,0,0,53.612,16.883,60.244,96.451,7.383,0,23.22,12.376,0,0,7.687,24.6,5.399,1.4,0,40.709,11.983,41.232,1.911,0,43.434,0,2593.07
33013032100,1903.47,0,85.752,109.572,83.202,83.202,0,0,0,56.9,17.12,81.647,22.329,71.143,172.911,9.309,0,22.979,22.718,0,0,7.56,3.96,0,0,0,30.194,5.5,46.01,19.902,0,18.586,0,2873.966
33013032200,322.26,87.55,445.434,404.94,160.461,35.658,0,63.675,145.841,17.5,0,165.154,243.715,92.82,153.044,0,2.996,26.44,58.8,1.205,0,61.307,53.3,0,0,0,40.513,8.415,68.828,40.419,13.723,28.28,19.154,2761.432
33013032300,189.42,0,281.076,323.952,95.088,118.86,57.732,63.675,54.953,0,22.058,295.697,21.353,124.407,532.134,38.306,0,70.375,135.996,3.745,0,5,57.244,14,3.6,0,17.808,19.397,248.86,669.407,4.066,127.408,0,3595.617
33013032400,717.172,167.89,421.614,271.548,190.176,95.088,0,127.35,26.75,161,1.605,253.771,94.408,92.427,342.082,3.959,0,35.567,97.99,3.21,0,0,54.247,0,0,0,16.515,9.189,66.832,117.965,9.951,23.504,217.103,3618.913
33013032500,1604.41,0,85.752,123.864,41.601,118.86,28.866,63.675,0,338.1,40.553,35.26,22.791,112.051,129.024,0,2.996,256.601,29.71,0,0,15.307,12.654,48.3,0,11.4,28.242,15.695,74.878,706.956,7.597,78.86,0,4034.003
33013032600,734.064,79.31,364.446,128.628,23.772,11.886,0,0,21.523,176.6,0,68.11,71.074,37.214,181.855,3.424,0,4.152,25.359,2.354,0,37.9,21.531,51.3,0,0,28.97,17.092,42.527,135.676,0,59.952,0,2328.719
33013032701,811.8,65.92,38.112,0,35.658,0,0,0,0,0,0,12.722,4.52,6.205,8.895,3.959,0,7.062,8.132,0,0,0,3,0,0,0,12.633,13.2,8.346,0,0,13.375,0,1053.539
33013032706,1495.27,0,88.134,90.516,101.031,118.86,115.464,63.675,0,9.1,0,85.648,73.026,40.411,65.244,0,0,4.676,23.146,1.498,0,114.14,65.732,0,0,0,35.574,10.76,28.344,5.351,8.168,41.193,0,2684.961
33013032800,2600.96,38.11,52.404,133.392,106.974,71.316,28.866,0,0,0,0,59.946,17.92,42.96,92.822,1.819,0,21.239,18.318,0,0,25,93.2,4.1,0,0,20.53,21.4,62.636,10.075,0,28.248,0,3552.235
33013032900,418.528,0,0,223.908,190.176,641.844,548.454,0,0,81.2,0,93.829,43.827,70.084,447.631,0,0,15.896,64.128,0,0,4.1,16.109,0,0,0,17.641,5.999,21.936,524.846,88.596,33.062,0,3551.794
33013033000,1329.3,33.99,30.966,38.112,0,0,0,0,0,4.9,0,55.704,9.764,23.687,30.219,0,13.054,1.556,6.241,0,0,23,3.854,0,0,0,16.294,22.045,16.703,0.764,1.634,17.548,0,1679.335
33013034000,2120.11,399.64,33.348,28.584,11.886,11.886,0,0,27.927,66.5,27.622,177.645,76.824,67.442,94.183,11.021,0,11.095,56.958,1.391,0,64.343,18.953,9.199,0,0,97.231,27.796,32.566,6.881,1.307,31.176,0,3513.514
33013035000,1552.75,183.34,121.482,257.256,148.575,11.886,28.866,0,1.819,31.5,0,109.844,27.267,51.487,57.347,7.597,0,9.737,18.938,0,0,115.8,144.199,21.7,0,0,47.716,13.138,38.058,4.969,5.243,121.432,0,3131.946
33013036000,2547.25,268.83,135.774,0,0,0,28.866,0,26.429,0,0,94.282,91.097,80.504,331.814,2.996,0,4.173,43.466,2.996,0,47.92,17.1,0,6.353,0,126.094,31.231,32.924,6.497,4.574,26.642,0,3957.812
33013037000,1422.45,25.75,76.224,0,0,0,0,0,16.906,8.4,5.045,61.369,42.843,47.476,64.284,0,25.72,1.498,19.296,15.408,0,3.293,61.935,0,0,12.91,44.691,27.548,18.488,1.911,6.535,22.577,0,2032.557
33013038000,1483.38,203.94,57.168,157.212,23.772,35.658,0,0,15.08,225.2,52.019,44.338,93.09,33.822,91.768,1.044,0,5.938,36.415,0,0,22.657,13.1,6.801,6.353,0,25.234,30.102,11.059,29.104,0,20.721,0,2724.975
33013038500,2730.6,136.99,78.606,71.46,35.658,35.658,0,0,15.822,65.6,13.161,82.764,103.901,33.042,84.163,3.959,0,10.888,53.848,0,0,25.555,51.33,0,3.176,0,63.687,40.672,21.505,17.823,1.712,27.606,12.733,3821.918
33013039000,3371.51,58.71,76.224,66.696,17.829,0,0,0,6.206,0,0,188.204,133.883,60.797,134.757,12.626,0,36.115,34.204,0,0,85.914,44.622,1.85,0,0,74.906,45.894,65.24,22.364,8.881,80.385,0,4627.817
33013040000,1911.99,241.02,147.684,242.964,53.487,35.658,0,0,69.795,218.8,1.819,81.236,109.753,66.23,131.384,7.49,0,17.487,71.546,0,0,49.9,15.854,0,0,0,79.406,37.524,53.352,16.259,11.436,22.113,369.15,4063.337
33013040500,4896.47,47.38,88.134,57.168,11.886,0,0,0,72.577,0,0,112.119,37.62,49.314,136.209,2.675,0,3.424,36.915,0,0,33.71,54.831,0,1.1,0,79.026,16.393,39.162,7.644,12.416,39.269,82.069,5917.511
33013041000,2694.27,0,171.504,100.044,118.86,11.886,57.732,0,78.462,381,16.692,107.046,61.215,72.608,196.821,7.918,107.963,57.869,123.757,1.498,0,7.853,21.679,1.5,0,0,72.431,60.157,47.069,17.901,3.103,17.48,0,4616.318
33013041500,2256.07,185.4,45.258,42.876,5.943,0,0,0,10.486,0,7.276,53.204,16.228,52.611,62.314,0,0,1.712,53.344,0,0,14.164,6.8,0,0,0,67.214,15.047,26.001,10.227,0,12.38,0,2944.555
33013042500,2296.66,105.06,59.55,14.292,0,0,0,0,13.803,118.3,2.354,117.285,29.459,50.95,83.13,2.889,0,13.481,24.147,0,0,29.687,13.999,0,1.6,0,68.821,24.739,11.021,9.065,0,38.091,0,3128.383
33013043001,1130.86,77.25,297.75,300.132,202.062,83.202,28.866,0,4.922,85.4,26.429,69.855,48.076,62.209,54.42,21.614,0,8.667,18.725,0,0,107.1,93.909,0,171.6,5.9,46.506,8.498,31.34,11.497,0,24.236,1.284,3022.309
33013043002,2011.87,123.6,228.672,161.976,95.088,47.544,57.732,0,13.589,53.2,25.252,116.107,20.66,77.132,72.83,5.671,38.199,16.108,44.971,0,0,95.5,19.5,0,81,2.582,70.083,16.192,26.909,2.84,5.35,43.659,0,3573.816
33013044000,2055.33,111.24,126.246,28.584,196.119,11.886,28.866,0,0,4.2,0,66.623,96.673,39.834,49.982,0,73.295,8.903,20.649,0,0,44.653,79.361,3.6,120,0,36.116,5.3,4.922,0,0,33.491,0,3245.873
33013044100,1210.81,354.32,88.134,85.752,5.943,83.202,202.062,0,3.531,0.7,0,900.318,478.385,212.371,550.633,42.469,0,29.622,145.051,55.038,0,248.608,343.9,16.246,54.6,3.5,78.677,36.21,130.542,322.1,5.029,8.102,8.345,5704.2
33013044200,2809.4,81.37,114.336,33.348,47.544,0,28.866,127.35,18.221,0,0,144.548,95.516,80.581,111.224,0,0,9.523,47.603,1.205,0,38.953,19.3,25.1,0,0,94.311,17.893,59.626,0,0,40.723,0,4046.541
33013044300,1092.24,196.73,69.078,295.368,118.86,273.378,115.464,127.35,0,4.2,0,23.592,10.744,27.863,37.665,0,0,2.483,1.355,0,0,2.753,37.777,0,0,0,26.867,12.699,6.313,0,0,0,0,2482.779
33015003301,2442.94,11.33,14.292,0,5.943,0,0,0,1.07,10.5,0,31.869,49.904,33.555,52.651,0,0,0,11.305,0,0,10.706,5.3,0,0,0,35.992,11.467,7.169,0,0,1.712,0,2737.705
33015003302,1886.33,125.66,26.202,0,5.943,95.088,317.526,0,5.457,0,0,61.864,9.531,47.05,61.611,4.708,0,54.089,29.074,2.568,0,6.614,81.2,0,0,0,64.818,13.79,9.416,24.08,8.168,10.525,0,2951.313
33015003400,1842.54,12.36,116.718,352.536,136.689,142.632,288.66,63.675,4.494,122.5,50.825,360.023,167.517,116.695,282.703,22.131,0,34.915,117.462,5.097,0,191.488,75.734,45.462,0,2.4,96.943,13.45,63.273,56.496,18.404,103.103,6.099,4913.023
33015003500,1280.27,0,166.74,252.492,166.404,225.834,808.248,63.675,6.42,0,0,105.857,59.881,104.437,108.091,4.708,21.4,70.018,45.929,0,0,9.96,24.266,0,0,0,38.385,6.977,97.179,2.996,0,50.254,0,3720.421
33015003601,2830.89,458.35,169.122,14.292,11.886,0,0,0,5.671,0,0,126.031,101.584,116.392,97.227,4.066,0,16.115,50.571,0,0,39.36,12.254,26.3,0,1.291,128.368,21.641,8.319,1.712,9.802,22.149,0,4273.393
33015003602,2966.43,39.14,104.808,0,0,0,0,0,0,4.2,19.26,34.397,36.109,34.968,90.072,1.044,0,4.237,19.333,0,0,5.2,29.2,0,0,0,52.458,3.474,24.257,0,0,32.742,0,3501.329
33015003701,1981.78,10.3,11.91,47.64,65.373,0,0,0,3.103,0,7.062,197.124,88.297,76.632,279.39,29.175,0,90.469,57.656,21.439,0,46.446,30.008,42.197,3.176,0.646,46.369,214.415,62.691,90.188,27.713,41.73,0,3572.929
33015003703,2157.83,288.4,33.348,14.292,83.202,35.658,144.33,0,20.185,0,14.913,347.511,315.335,212.238,297.86,4.387,0,36.749,44.165,0,0,580.385,426.907,32.538,51,83.4,161.987,22.501,31.636,0.738,0,102.302,0,5543.797
33015003801,2070.66,0,0,28.584,0,0,0,0,0,0,0,63.923,17.566,28.932,65.132,0,0,1.605,17.43,1.391,0,7.22,6.677,0,0,0,50.283,18.387,25.194,2.568,0,51.713,29.64,2486.905
33015003802,1900.19,32.96,54.786,0,0,0,0,0,0,0,0,31.938,15.301,28.321,55.997,0,0,0.909,21.078,0,0,3.46,3.154,1.7,0,0.2,31.774,106.22,1.605,41.302,0,0,16.05,2346.945
33015003901,1813.51,71.07,107.19,0,11.886,118.86,57.732,0,0,0,0,174.736,66.91,52.295,125.314,4.923,0,12.587,32.113,0,0,11.1,17.819,1.149,0,3.882,31.692,3.691,24.872,1.147,0,50.811,0,2795.289
33015003902,1537.75,17.51,0,33.348,101.031,0,0,0,0,0,0,44.275,27.14,32.357,71.343,6.206,0,18.553,22.078,0,0,16,5.879,0,0,0,29.729,8.237,10.7,0,0,3.067,0,1985.203
33015004000,2685.99,56.65,26.202,0,11.886,0,0,0,13.803,1.4,0,70.889,126.186,79.372,145.474,1.391,0,3.852,18.939,0,0,49.773,23.704,4,7.597,0,173.385,8.917,42.527,15.317,0,18.939,0,3586.193
33015050000,2181.2,40.17,52.404,0,0,11.886,0,0,14.338,0,0,74.597,66.991,111.161,125.917,0,0,11.978,38.813,0,0,42.16,16.769,0,0.003,0,100.32,58.346,42.514,9.737,0,29.318,18.19,3046.812
33015051000,2458.52,10.3,9.528,0,0,0,0,0,8.697,42.8,9.309,75.621,33.498,30.966,74.874,0,0,11.457,16.62,2.247,0,36.097,5.101,0,0,0,73.689,21.615,20.009,6.634,4.815,15.268,4.28,2971.946
33015052000,3050.56,60.77,66.696,119.1,11.886,23.772,0,0,8.647,1.4,0,42.188,9.549,67.107,49.683,0,0,1.168,16.082,0,0,12.253,10.831,18.293,0.91,0,57.146,19.797,34.384,5.2,0,6.741,0,3694.163
33015053000,2037.86,292.52,47.64,52.404,0,0,0,0,0,2.1,0,29.268,65.946,22.115,56.008,0,0,3.959,37.503,1.498,0,32.12,13.477,5.5,0,5.5,88.518,24.104,10.748,9.555,9.802,19.26,0,2867.405
33015054000,2132.41,50.47,73.842,28.584,23.772,11.886,0,0,0,33.6,9.416,39.184,42.517,32.927,74.958,0,0,0.899,10.536,0,0,38.514,19.1,0,0,0,56.226,25.208,6.147,2.293,0,19.978,0,2732.467
33015055001,2245,506.76,85.752,47.64,41.601,35.658,86.598,0,5.381,6.3,0,88.729,43.89,57.598,78.049,8.667,0,0,11.128,0,0,40.154,7.263,0,0,0,80.918,12.605,13.374,0,0,20.651,0,3523.716
33015055002,1808.59,269.86,157.212,100.044,65.373,59.43,28.866,0,3.103,0,0,171.492,36.933,48.342,83.686,9.098,0,28.461,55.445,1.498,0,102.579,40.353,0,17.8,1.053,49.457,15.517,44.383,8.791,0,389.266,0,3596.632
33015056000,2481.89,80.34,33.348,42.876,0,0,0,0,0,0,0,56.27,67.375,41.527,84.508,1.819,0,6.972,15.448,0,0,36.108,10.2,0,0,0,85.964,30.629,20.009,2.293,2.675,21.189,0,3121.44
33015057000,2718.55,170.98,83.37,33.348,17.829,0,28.866,0,20.33,0,0,183.516,57.075,57.675,70.118,9.416,15.729,9.785,12.274,1.391,0,31.074,49.122,3.5,30,0,86.553,19.56,18.858,6.227,8.132,49.648,0,3792.926
33015058000,2971.11,30.9,45.258,0,0,0,0,0,14.338,5.6,0,45.857,36.504,35.248,70.629,4.601,0,29.213,27.095,0,0,37.487,16.066,0,0,0,58.706,24.684,17.061,3.44,10.456,10.45,0,3494.703
33015059000,3139.37,272.95,47.64,204.852,112.917,71.316,0,0,1.284,1.4,0,178.194,76.244,73.828,91.092,8.696,0,24.739,51.272,0,0,56.814,12.424,0,2.8,0.147,67.817,17.332,49.983,7.951,5.457,57.316,0,4633.834
33015060000,2141.02,61.8,0,0,0,0,0,0,5.136,182.7,51.36,114.536,293.011,86.438,155.585,4.173,0,2.868,47.897,2.354,0,43.766,34.4,57.001,17.5,1.4,81.113,31.28,28.285,6.955,18.618,14.445,0,3483.641
33015061001,2474.19,95.79,285.84,61.932,95.088,59.43,57.732,318.375,0,27.3,0,131.989,255.527,122.373,179.96,1.284,0,14.558,61.418,0,0,120.639,87.044,9.3,3.176,0,90.678,9.289,24.582,0,0,4.603,0,4592.097
33015062000,1238.61,82.4,33.348,4.764,0,0,0,0,0,0,0,27.068,11.566,15.812,36.875,0,0,7.961,19.622,0,0,10.121,5,0,3.6,0,34.95,11.334,5.671,4.632,11.436,13.657,0,1578.427
33015062500,1936.59,50.47,21.438,0,0,0,0,0,8.163,0.7,0,45.138,33.141,7.218,58.049,0,0,4.708,19.365,0,0,6.62,11,0,0,0,71.252,24.409,17.013,3.317,10.129,45.191,0,2373.911
33015063001,1018.44,284.28,111.954,38.112,124.803,35.658,144.33,191.025,50.611,5.6,0,336.071,208.006,70.49,114.556,5.564,0,7.598,43.227,8.56,0,262.4,39.54,129.4,3.176,1.291,67.723,6.197,10.806,11.205,0,15.194,0,3345.817
33015063002,1990.06,793.1,526.422,90.516,0,0,57.732,0,10.517,0,2.782,322.763,80.83,70.237,229.769,3.531,0,10.406,59.171,0,0,9.46,18.65,64.299,0,0.645,66.035,9.927,14.552,28.662,13.91,23.861,0,4497.836
33015064000,1341.44,12.36,21.438,0,5.943,0,0,0,15.729,0,0,101.363,26.973,31.061,106.921,4.719,0,2.37,101.616,0,0,16.8,9.786,0,0,0,27.451,56.662,15.729,1.911,14.703,20.33,17.803,1953.108
33015065001,4066.3,147.29,169.122,128.628,148.575,166.404,86.598,127.35,137.923,77,64.307,207.284,217.748,215.172,558.873,23.647,3.638,76.173,154.51,7.811,0,461.001,136.087,30.149,0,2.5,123.453,39.799,70.984,34.901,0,88.146,0,7771.373
33015065005,1492.24,79.31,357.3,14.292,47.544,0,86.598,0,16.611,0,0,29.815,19.555,11.959,29.928,0,0,8.49,9.59,0,0,0,2.43,0,0,0,25.353,4.127,3.21,0,0,0,0,2238.352
33015065006,1409.83,0,16.674,42.876,29.715,71.316,86.598,0,14.873,0,0,6.728,5.136,2.033,31.856,0,0,3.317,0.678,0,0,0,7.427,2.9,0,0,11.34,0.797,24.289,0,0,0.995,0,1769.378
33015065007,850.176,0,140.538,152.448,35.658,154.518,173.196,0,165.531,363.2,0,24.429,39.714,18.723,49.945,0,0,2.461,15.882,0,0,42,6.84,0,0,0,10.262,4.197,4.708,0,0,49.911,0,2304.337
33015065008,1349.56,43.26,335.862,447.816,356.58,95.088,0,63.675,278.8,16.8,0,102.506,21.618,16.66,54.809,1.284,0,5.425,90.791,0,0,0,10,0,0,0,15.944,6.33,4.494,0,4.494,1.038,0,3322.834
33015066000,2199.24,280.16,14.292,95.28,11.886,83.202,0,0,15.836,2.8,0,469.869,133.725,172.332,346.616,11.556,0,41.457,98.152,1.205,0,27.177,36.177,16.699,0,0,88.838,41.299,19.367,10.812,0.653,31.255,0,4249.885
33015067000,4303.2,26.78,0,57.168,101.031,0,0,0,5.518,0,0,394.192,101.031,118.758,273.787,15.408,0,54.676,54.949,4.28,0,26.153,67.894,124.3,6,0,85.862,73.978,42.74,24.844,9.802,44.227,16.371,6032.948
33015067501,2768.57,140.08,47.64,242.964,249.606,83.202,404.124,0,11.694,0,0,54.25,143.959,50.75,155.145,4.066,0,16.286,106.964,2.354,0,53.227,123.365,8.1,0.48,0,71.581,20.565,40.781,27.608,5.243,47.508,2.782,4882.895
33015067502,974.078,49.44,219.144,281.076,142.632,95.088,173.196,63.675,0,2.8,0,40.667,12.16,31.976,40.896,0,0,15.247,24.717,0,0,104.614,8.187,5.797,0,0,24.448,6.984,22.791,9.554,0,41.088,0,2390.255
33015069100,1224.42,0,359.682,238.2,362.523,71.316,144.33,254.7,199.479,40.6,48.15,329.103,99.402,135.97,716.716,42.936,0,62.478,284.615,1.926,0,27.574,70.344,5.5,3.1,0,52.27,34.148,134.829,44.165,7.169,96.568,0,5092.213
33015069200,869.774,0,76.224,466.872,249.606,11.886,86.598,63.675,12.519,1.4,79.18,316.389,127.667,101.938,242.602,10.806,0,143.176,52.326,8.988,0,45.7,49.401,4.5,0,0,42.841,5.894,89.419,8.099,0,26.286,0,3193.766
33015069300,975.062,0,238.2,133.392,77.259,0,57.732,0,111.6,0,0,66.09,231.999,71.637,185.426,0,0,26.361,29.247,1.498,0,19.407,21.49,39.2,0,0,29.572,12.41,24.975,66.554,0,5.992,0,2425.103
33015069700,1689.28,0,90.516,109.572,53.487,154.518,144.33,0,28.248,199.5,64.521,107.897,54.164,49.049,124.222,0,0,82.662,116.843,4.922,0,6.2,3.66,0,0,0,20.738,4.132,28.783,34.347,14.242,57.031,3.852,3246.716
33015071000,3715.83,62.83,138.156,147.684,89.145,11.886,28.866,0,58.423,24.5,19.688,130.061,41.174,87.632,199.957,4.28,0,38.36,138.653,1.205,0,29.253,24.114,24.8,0,0,58.103,53.1,32.435,23.189,9.095,67.004,26.536,5285.958
33015100100,3744.04,184.37,90.516,61.932,11.886,0,0,0,10.272,0,0,104.505,145.545,75.751,203.627,1.044,1.286,14.916,140.052,0,0,21,77.7,0,1.3,0,140.27,14.819,52.881,0.764,0,19.706,0,5118.182
33015100200,2498.21,16.48,247.728,28.584,101.031,95.088,57.732,63.675,0,0,6.008,237.994,90.63,123.829,139.184,26.915,0,73.991,120.16,6.127,0,4.6,27.6,18.6,0,0,102.577,16.987,46.118,0,0,31.704,0,4181.552
33015100301,1986.12,152.44,161.976,66.696,71.316,71.316,0,0,113.344,2.1,0,730.583,538.103,147.394,797.933,2.088,0,146.184,120.729,3.801,0,212.4,438.502,57.8,11.4,249.799,137.699,6.489,21.769,0.738,0,54.142,5.457,6308.317
33015100302,1156.04,251.32,0,0,112.917,344.694,259.794,0,0,2.1,0,162.129,225.973,62.336,209.288,3.959,13.482,5.029,37.546,0,0,17.2,222.832,0,0,0,46.589,8.719,11.449,0,0,37.631,0,3191.027
33015100400,3241.62,263.68,54.786,80.988,23.772,178.29,432.99,0,10.7,70.7,68.908,743.893,130.579,183.49,227.031,12.626,0,54.999,153.434,25.67,0,16.3,8.208,85.349,0,0,79.751,19.4,70.528,115.24,11.556,62.598,0,6427.087
33015101100,3566.51,0,419.232,204.852,5.943,154.518,0,0,3.562,3.5,0,735.239,310.214,347.426,292.432,9.309,0,31.779,121.81,1.391,0,105.007,52.601,67.4,1.588,7.745,200.854,47.881,59.152,15.899,12.305,66.732,0,6844.88
33015102100,2244.09,97.85,0,57.168,53.487,23.772,28.866,0,5.343,0,0,48.104,46.234,34.017,42.304,0,0,5.542,21.797,2.703,0,21.703,19.4,0,0,0,44.521,73.929,22.625,5.686,9.523,34.562,0,2943.226
33015103100,3489.76,0,147.684,166.74,11.886,118.86,0,0,10.7,0,0,102.563,83.087,76.984,154.106,2.354,0,21.411,31.393,0,0,19.753,38.077,3.1,0,0,92.276,13.334,59.067,19.125,10.058,26.718,0,4699.036
33015104101,2233.11,199.82,47.64,61.932,53.487,202.062,57.732,0,0.021,2.8,4.494,58.389,78.405,66.993,122.506,0,107.001,33.363,91.883,0,0,44.176,28.501,16.5,3.176,1.291,60.348,6.174,28.082,2.293,5.029,21.721,0,3638.929
33015104102,2128.23,90.64,78.606,71.46,29.715,0,0,0,8.987,0,0,143.825,48.726,55.04,129.204,3.424,22.577,14.097,28.529,3.959,0,41.007,154.8,7.7,4.7,2.2,55.688,16.69,21.293,15.087,8.346,31.208,0,3215.738
33015105100,3116.9,73.13,185.796,42.876,77.259,0,0,0,23.877,0,0,198.732,198.588,123.056,171.812,4.922,0,23.343,49.57,1.498,0,48.399,31.554,24.7,0,0,141.871,21.028,52.349,12.154,0,47.686,0,4671.099
33015106101,3906.07,15.45,54.786,19.056,89.145,0,0,0,21.507,18.9,13.161,227.526,162.396,155.109,306.789,12.733,0,54.007,126.792,2.889,0,76.653,59.449,13.301,0,1.2,99.713,50.601,48.566,2.996,0,1.751,17.762,5558.308
33015106102,3862.28,15.45,73.842,0,5.943,11.886,0,0,0,0,13.72,65.822,44.423,85.183,141.444,1.044,16.799,23.395,31.908,0,0,18,38.044,3.3,0,0,40.891,25.829,14.054,4.969,5.885,84.656,0,4628.767
33015106200,958.908,661.26,88.134,362.064,190.176,35.658,0,63.675,47.187,114.1,0,194.077,40.327,86.635,198.003,7.383,30.388,40.922,62.629,3.424,0,18.1,18.776,57.972,0,0,26.231,7.537,104.218,23.803,4.815,42.311,0,3488.713
33015106400,1586.37,272.95,90.516,171.504,29.715,47.544,173.196,63.675,64.797,97.3,105.97,106.24,96.321,140.445,368.777,4.922,0,213.83,103.303,0,0,33.8,367.777,22,0,0,29.58,12.424,13.331,0,0,11.984,0,4228.271
33015107100,825.494,79.31,50.022,252.492,196.119,11.886,0,0,71.69,2.1,0,327.632,45.132,71.56,251.41,6.206,2.572,16.187,61.907,0,0,1.153,16.127,0,0,0,15.81,11.7,16.649,11.466,0,15.622,2.968,2363.214
33015107200,2221.38,136.99,59.55,57.168,362.523,344.694,173.196,63.675,336.766,58.9,5.457,606.928,299.421,234.488,484.387,72.974,0,123.89,168.042,1.498,0,186.553,148.728,26,0,8.2,142.108,13.082,88.525,12.412,0,16.05,0,6453.585
33015107400,758.746,0,0,28.584,0,0,0,0,77.682,0,0,92.021,324.657,49.282,811.55,47.187,280.019,157.472,45.705,0,0,283.388,194.662,241.4,2.4,1.3,30.879,13.205,37.379,129.684,4.922,12.911,20.067,3645.102
33015107500,2447.62,0,176.268,52.404,0,0,0,0,39.456,27.3,0,696.4,323.704,175.927,316.893,14.766,25.253,55.791,125.97,14.982,0,189.214,103.978,7.801,450,1.3,157.146,113.291,66.125,67.929,11.992,54.777,2.782,5719.069
33015980011,0,0,0,0,0,0,0,0,17.548,0,0,21.084,90.381,71.678,147.493,0,0,6.912,120.804,0,0,93.353,95.3,91.6,44,2.3,0,0,0,8.668,0,7.13,0,818.251
33017080100,1715.93,13.39,2.382,0,0,0,0,63.675,8.453,0,0,15.515,13.161,7.805,57.918,0,0,7.437,15.771,0,0,9.953,5.5,0.003,0,0,23.669,20.833,9.014,6.741,0,2.104,0,1999.254
33017080202,1018.44,0,73.842,42.876,35.658,47.544,173.196,0,28.676,18.3,0,13.482,6.117,9.361,37.008,0,0,2.376,1.458,0,0,0,0.99,0,0,0,11.918,5.035,53.4,24.075,4.708,48.899,19.26,1676.619
33017080203,398.028,0,9.528,23.82,71.316,35.658,0,63.675,5.35,1593.2,0,21.935,7.758,12.229,65.759,10.272,0,3.322,46.034,0,0,0,3.3,0,0,0,4.518,0,9.143,177.94,5.136,127.722,40.125,2735.768
33017080204,255.348,0,0,0,112.917,23.772,28.866,0,36.166,1295.2,0,37.022,9.951,22.887,85.429,0,0,8.485,43.012,0,0,0,5.2,0,0,0,7.936,0,26.477,55.95,0,6.345,13.91,2074.873
33017080500,2726.91,319.3,54.786,152.448,118.86,11.886,0,0,17.219,0,35.738,205.969,74.017,82.586,208.075,6.741,7.062,6.087,156.229,0,0,12.6,13.277,5.3,0.5,0,68.783,37.37,48.39,26.301,9.802,35.952,4.708,4446.896
33017081100,2831.54,134.93,57.168,166.74,190.176,142.632,317.526,191.025,0,0,0,66.656,57.716,49.851,106.885,0,0,10.506,33.24,0,0,16.2,15.418,7.4,0,0,60.183,26.674,13.053,0,5.136,73.295,21.4,4595.35
33017081200,2380.62,198.79,71.46,61.932,11.886,23.772,28.866,127.35,3.21,60.9,35.893,147.895,144.024,85.055,208.389,0,0,7.564,97.783,0,0,62.233,56.376,5.6,2.9,0,38.005,7.488,25.391,13.36,0,15.975,0,3922.717
33017081300,841.32,0,404.94,423.996,320.922,106.974,173.196,254.7,16.692,32.1,3.959,135.526,20.104,93.422,186.401,21.998,1.059,50.744,99.523,3.959,0,24.947,117.599,1.9,0,0,47.027,4.36,50.718,64.787,0,57.355,0,3560.228
33017081400,429.516,0,150.066,204.852,136.689,71.316,86.598,0,10.7,0,0,104.485,64.949,48.79,194.186,1.284,0,23.54,99.367,0,0,12.6,59.377,2.9,0,4,11.229,5.98,46.036,13.666,0,8.132,0,1790.258
33017081500,1527.66,0,552.624,519.276,255.549,202.062,173.196,63.675,0,74.3,33.598,304.641,91.959,127.757,193.781,9.737,453.894,154.283,131.788,14.445,0,45.461,26.577,0,1.7,9,61.717,16.037,58.569,0,0,18.19,0,5121.476
33017081600,2567.75,6.18,123.864,185.796,65.373,142.632,144.33,0,3.562,201.9,13.054,187.642,151.723,166.021,149.469,0,0,70.656,47.876,0,0,335.6,139.166,12.9,42.7,4.3,72.633,32.457,49.098,30.452,0,0,0,4947.134
33017082000,1260.5,7.21,59.55,33.348,106.974,11.886,0,0,4.814,0,0,26.002,39.016,28.749,55.542,3.959,0,1.717,5.814,1.606,0,45.801,13.185,8.496,0,0,30.665,14.512,11.664,2.675,3.921,15.194,0,1792.8
33017083001,2135.28,70.04,683.634,514.512,249.606,35.658,115.464,0,15.867,1,0,208.677,54.069,94.027,102.285,9.234,0,14.813,79.751,0,0,83.5,212.273,0,1.588,0,74.308,12.997,85.225,35.864,6.527,84.458,0,4980.657
33017083002,1414.01,597.4,123.864,119.1,71.316,95.088,173.196,0,0,0.2,0,270.762,153.855,116.411,71.608,2.354,0,97.392,91.453,0,0,50.2,203.477,17.6,18.553,0,52.292,12.64,26.477,6.345,5.778,6.666,0,3798.037
33017084100,1847.87,689.07,16.674,71.46,11.886,83.202,86.598,0,2.889,54.6,20.437,41.706,56.956,48.546,106.233,4.708,0,43.774,11.841,0,0,148.61,9.253,4.949,4.764,0,50.839,11.837,41.409,2.247,0,1.038,0,3473.396
33017084200,2812.76,1101.07,78.606,52.404,160.461,23.772,0,0,20.774,0,7.276,126.346,74.882,70.379,51.521,5.778,0,12.509,42.193,9.523,0,173.96,15.2,1.9,2.4,39.3,71.479,16.695,35.288,1.284,0,16.082,0,5023.841
33017084300,1594.33,116.39,624.084,481.164,338.751,130.746,86.598,63.675,50.069,99.8,47.281,443.822,129.362,199.7,188.63,36.407,201.053,104.843,129.971,1.605,0,244.467,40.62,10.6,100,0,70.47,7.731,106.438,46.826,0,114.49,0,5809.924
33017084400,1538.48,8.24,273.93,490.692,95.088,0,0,0,16.861,0,43.335,139.084,8.469,126.203,37.521,9.523,0,14.82,44.036,0,0,3.4,2.932,4.597,0,0,28.124,1.8,32.376,0.449,0,37.913,0,2957.873
33017084500,1508.47,279.13,0,71.46,83.202,83.202,115.464,0,6.527,7,0,94.572,55.354,105.661,196.015,0,0,0,45.721,0,0,47.107,275.25,0,0,0,46.38,10.71,10.737,2.461,0,10.807,0,3055.229
33017084600,1027.3,225.57,0,71.46,35.658,11.886,28.866,127.35,9.725,0,0,183.184,26.472,33.928,44.162,0,0,8.5,14.017,0,0,68,24.432,3.4,0,0,45.922,38.8,30.864,2.14,0,1.038,0,2062.674
33017085000,4424.15,542.81,90.516,71.46,106.974,0,0,0,6.463,0,0,411.399,126.875,58.994,189.475,13.161,0,36.291,65.689,10.7,0,42.329,36.374,3.3,0,1.2,117.966,54.241,38.692,15.027,9.096,46.08,0,6519.263
33017086000,2394.32,148.32,14.292,57.168,0,0,0,0,7.169,4.2,0,34.945,20.33,15.793,54.426,0,0,0.878,16.193,0,0,17.496,2.04,0,0,0,57.422,5.933,9.201,6.833,0,5.457,0,2872.417
33017087000,2319.53,423.33,161.976,290.604,172.347,71.316,0,0,14.614,0,5.136,94.744,103.657,123.241,111.249,5.457,0,8.614,38.472,2.996,0,223.76,19.254,0,0,0,79.325,49.98,16.692,6.88,0,40.093,0,4383.267
33017088000,2190.38,463.5,80.988,76.224,0,35.658,0,0,12.374,0.7,0,83.682,22.581,31.141,67.668,0,0,12.385,27.427,0,0,34.913,121.3,0,0,0,42.633,8.51,44.788,7.475,5.35,20.936,0,3390.613
33017088500,3274.26,182.31,9.528,0,0,0,0,0,7.49,0,0,79.085,48.535,27.134,49.86,2.033,0,3.445,25.623,0,0,12.6,29.7,3.448,2.9,0,56.467,13.915,18.618,4.311,0,20.865,0,3872.127
33019975100,2355.94,125.66,54.786,9.528,0,11.886,0,0,27.393,18.4,0,53.991,62.844,30.476,50.188,1.926,0,1.605,50.571,1.498,0,16.407,11.6,7.549,0,0,33.788,68.787,9.298,12.842,17.971,63.415,0,3098.349
33019975200,3948.46,72.1,171.504,119.1,0,0,0,0,193.285,0,0,101.173,45.518,36.636,121.516,14.98,0,4.98,26.18,1.498,0,84.58,6.229,6.3,0,0,58.646,23.392,60.429,29.633,33.015,42.479,0,5201.634
33019975300,2987.67,103,85.752,128.628,83.202,0,0,0,49.648,17.5,0,80.008,60.651,36.891,75.723,5.992,0,10.133,45.296,0,0,57.424,4.4,6.7,0.46,0,57.865,8.128,43.159,18.848,8.774,31.779,0,4007.63
33019975400,2167.51,349.17,221.526,209.616,291.207,71.316,115.464,0,42.082,82.4,32.314,313.189,128.794,178.076,158.347,60.348,0,42.393,84.172,3.318,0,200.232,65.785,26.339,112.705,0,106.881,36.129,78.613,40.903,5.356,87.719,0,5311.904
33019975500,2590.38,161.71,45.258,33.348,5.943,0,0,0,18.511,0,0,56.885,24.473,15.321,31.519,0,0,0,6.854,1.205,0,10.453,4.3,4.4,3.176,0,35.32,24.378,15.397,5.871,2.14,28.248,0,3125.09
33019975600,1880.18,199.82,47.64,14.292,0,0,0,0,1.926,109.2,0,15.687,23.53,16.927,13.938,0,0,0,9.537,0,0,11.805,9.74,0,0,0,16.314,6.294,1.653,7.582,0,22.684,0,2408.749
33019975700,1602.2,783.83,14.292,42.876,71.316,23.772,57.732,0,10.379,57.4,4.708,95.898,93.455,64.134,80.984,15.622,0,16.338,40.434,0,0,246.395,7.316,0,3.6,0,44.151,21.071,25.29,7.873,13.069,112.478,0,3556.613
33019975800,1855.25,56.65,228.672,114.336,83.202,118.86,57.732,63.675,31.886,7.7,33.384,147.192,70.111,115.943,122.903,7.597,0,20.971,62.882,11.537,0,848.354,138.977,20.099,8.5,0,39.456,27.92,53.478,10.058,0,16.692,0,4374.017
33019975901,1338.4,301.79,273.93,285.84,65.373,71.316,144.33,127.35,3.21,45.5,0,164.482,70.466,52.751,115.191,0,105.93,72.664,23.326,0,0,19.379,58.44,0,0,0,12.748,2.2,4.542,20.437,0,16.692,28.569,3424.856
33019975902,932.094,81.37,343.008,433.524,243.663,35.658,28.866,63.675,0,72.8,5.136,252.277,66.336,93.889,104.782,21.374,2.461,30.667,76.548,3.638,0,38.907,9.692,20.7,1,0,25.251,6.295,76.494,0.428,5.671,52.302,0,3128.505

