Tract,RES1F,RES2F,RES3AF,RES3BF,RES3CF,RES3DF,RES3EF,RES3FF,RES4F,RES5F,RES6F,COM1F,COM2F,COM3F,COM4F,COM5F,COM6F,COM7F,COM8F,COM9F,COM10F,IND1F,IND2F,IND3F,IND4F,IND5F,IND6F,AGR1F,REL1F,GOV1F,GOV2F,EDU1F,EDU2F,TotalSqft
35001000107,1614,0,0,40.92,22.708,113.54,55.148,60.825,0,0,0,7.897,17.174,10.852,58.205,0,0,7.233,20.738,0,0,1.4,3.062,0,0,0,3.382,0,8.025,0,0,1.546,0,2046.655
35001000108,1268.98,0,0,63.24,119.217,124.894,0,60.825,0,26.6,15.194,35.163,18.418,49.403,197.161,0,0,6.634,33.919,0,0,2.4,0,0,0,0,10.02,5.242,19.194,0,0,4.847,0,2061.351
35001000109,1486.74,0,7.44,22.32,45.416,45.416,0,0,25.573,4.2,5.457,66.547,46.331,32.841,64.152,33.17,0,25.52,33.421,0,0,3.8,5.5,50.5,0,0,14.912,0.98,18.939,0,0,20.758,0,2059.933
35001000110,1505.54,0,0,156.24,51.093,272.496,82.722,121.65,6.527,0,0,37.68,7.864,38.061,44.939,0,0,13.45,57.192,4.292,0,0,1.5,3.3,0,0,11.918,3.12,15.638,0,0,39.442,0,2474.664
35001000111,1918.25,0,0,0,0,0,0,0,3.21,5.6,6.18,18.319,11.042,15.002,40.958,0,0,2.299,2.945,0,0,4.11,5.7,0,0,0,10.83,0.59,4.963,0,0,28.248,0,2078.246
35001000112,1364.73,0,0,152.52,5.677,11.354,0,0,0,0,3.959,2.636,15.325,11.546,26.347,0,0,10.875,7.49,0,0,0,1.9,0,0,0,14.54,0.742,0,0,0,0,0,1629.641
35001000113,1455.33,0,39.06,267.84,45.416,11.354,0,60.825,0,0,0,50.442,13.706,44.608,83.885,0.717,0,9.96,42.805,0,0,0,6.387,0,5.5,0,11.186,5.34,33.105,0,0,12.23,0,2199.696
35001000114,1807.73,7.96,16.74,111.6,0,22.708,0,0,0,2.8,4.066,106.717,22.926,32.775,62.906,0,0,9.026,26.704,0,0,0,7.613,0,0,0,23.212,1.82,8.642,0,0,23.037,0,2298.982
35001000115,1360.43,0,0,212.04,39.739,79.478,110.296,60.825,3.772,5.6,0,53.971,126.163,72.665,54.869,36.462,0,37.585,40.687,1.392,0,0,13.981,1.6,0,0,17.795,4.1,18.98,0,0,17.26,0,2369.69
35001000116,1708.71,0,26.04,156.24,0,22.708,0,0,0,7,6.634,44.566,11.449,39.773,99.321,2.033,0,9.759,32.319,0,0,3.5,15.266,1.5,0,0,11.169,5.012,11.959,0,0,18.928,0,2233.886
35001000117,1485.43,24.875,33.48,0,0,22.708,0,0,0,4.9,0,94.141,16.157,37.974,131.633,0,0,52.554,30.839,1.498,0,0,0.881,0,0,0,8.993,0,14.017,0,0,2.033,0,1962.113
35001000118,1015.69,0,0,167.4,39.739,113.54,82.722,121.65,3.772,7.7,0,129.782,36.883,38.991,95.778,21.72,1.038,68.683,35.101,0,0,10.394,7.544,3.3,0,0,15.236,3.227,2.889,4.066,0,16.585,0,2043.43
35001000119,1142.76,8.955,0,7.44,0,45.416,55.148,0,0,9.8,3.424,15.56,4.494,5.126,25.409,0,0,9.833,5.136,0,0,0,1.7,0,0,0,12.059,1,29.942,0,0,1.514,0,1384.716
35001000120,1220.08,0,11.16,111.6,28.385,34.062,137.87,60.825,0,0,0,37.388,16.164,37.986,38.208,4.922,0,28.98,53.415,0,0,0,0.881,2.3,0,0,20.021,9.735,18.725,0,0,36.273,0,1908.98
35001000121,2700.93,0,11.16,26.04,204.372,11.354,220.592,486.6,0,89.6,29.318,211.273,48.902,106.541,443.248,12.947,0,5.863,71.479,7.811,0,12.32,19.225,0.71,0,0,34.458,10.035,18.452,0,0,30.484,21.4,4835.114
35001000122,2512.06,0,0,89.28,5.677,0,82.722,182.475,57.566,11.9,4.468,212.691,106.533,167.233,442.514,15.219,0,95.467,122.717,14.552,0,14.929,21.2,2.7,0,0,33.502,10.562,113.139,17.334,0,35.353,0,4371.793
35001000123,2852.12,7.96,0,249.24,0,11.354,0,0,0,5.6,0,104.587,30.326,78.313,94.022,1.605,0,29.209,56.189,0,0,15.3,3.7,2.2,0,0,59.079,9.042,18.593,3.633,0,57.352,0,3689.424
35001000124,619.812,0,29.76,122.76,130.571,158.956,248.166,790.725,5.136,131.6,1.499,234.812,41.412,40.49,365.532,1.712,12.519,74.256,42.394,0,0,9.9,12.41,1.2,14.933,12.9,40.546,3.732,13.778,15.961,0,15.964,0,3193.436
35001000125,3493.72,0,0,22.32,0,0,0,0,0,0,0,12.286,17.594,8.763,84.411,0,0,9.438,11.9,0,0,6.7,4.03,0,0,2.2,9.616,0,0,0,0,0.995,0,3683.973
35001000126,1399.88,0,0,197.16,56.77,79.478,0,60.825,0,0,0,59.313,18.732,15.184,69.279,0,0,36.106,22.952,16.906,0,2.4,9.181,0,0,0,10.28,3.52,49.113,0,0,0,0,2107.079
35001000127,1733.86,16.915,0,0,0,0,0,0,0,8.4,1.391,78.712,22.751,41.903,77.088,11.506,0,1.712,31.406,3.317,0,3.9,5.362,3.6,0,0,15.253,6.6,2.889,0,0,9.646,0,2076.211
35001000128,1701.51,21.89,7.44,7.44,45.416,0,0,60.825,0,14,0,101.655,13.506,54.865,110.792,0,0,16.612,16.055,0,0,3.5,3.963,0,1.5,0,5.149,3.742,7.169,0,0,20.198,0,2217.227
35001000129,814.852,30.845,61.38,546.84,164.633,329.266,82.722,243.3,0,64.4,0,28.873,27.827,42.752,38.878,8.025,0,0,22.824,0,0,0,1.881,2.2,0,0,17.102,0,6.354,0,0,1.958,0,2536.912
35001000203,652.63,0,0,59.52,28.385,90.832,55.148,304.125,0,0,0,33.536,16.128,54.945,106.456,0,14.766,50.343,27.692,7.704,0,0,12.9,0,0,0,5.293,10.785,43.03,52.965,0,43.754,0,1670.937
35001000204,1435.51,38.805,29.76,59.52,39.739,170.31,27.574,60.825,0,5.6,9.844,88.629,17.241,64.575,188.866,5.243,0,24.133,16.694,2.164,0,8.51,14.861,0,0,1.811,8.813,2.97,11.531,1.391,0,6.41,0,2341.329
35001000205,1373.05,26.865,0,33.48,158.956,102.186,110.296,182.475,0,0,0,56.397,21.439,41.561,94.71,1.177,0,10.636,21.323,0,0,13.5,20.99,10.6,0,0,25.432,3.242,18.338,0,0,38.157,0,2364.81
35001000206,1943.12,0,0,0,0,0,0,0,0,5.6,0,52.846,9.35,42.845,70.984,2.354,0,4.804,12.198,0,0,5.8,7.081,0,0,0,23.412,5.244,9.136,0,0,28.394,0,2223.168
35001000207,2074.95,15.92,0,0,22.708,0,55.148,60.825,109.059,9.1,5.297,892.265,86.362,107.047,817.01,37.218,31.886,45.128,149.894,10.273,0,8.175,43.551,8.2,0.622,0,42.904,6.727,62.238,1.177,0,56.1,0,4759.784
35001000208,1567.99,129.35,0,0,0,0,0,0,39.055,0,0,384.376,201.15,104.007,201.009,0,0,14.579,107.001,5.576,0,22.12,66.578,2.8,0,0,86.809,3.642,49.115,1.514,0,5.382,0,2992.053
35001000300,3392.09,0,29.76,55.8,90.832,90.832,303.314,60.825,12.626,73.5,0,202.756,66.168,137.422,181.425,0,54.142,79.175,39.048,1.391,0,2.7,24.862,3,0,0,40.093,6.88,55.36,3.33,0,29.844,29.318,5066.492
35001000401,2484.76,49.75,55.8,33.48,17.031,45.416,55.148,182.475,0,9.8,2.354,45.328,35.755,58.049,360.884,3.885,2.599,27.753,59.513,3.317,0,3,20.576,0,0,0,34.446,3.065,48.802,0,0,26.468,27.816,3697.27
35001000402,2109.08,0,70.68,163.68,45.416,0,27.574,0,0,2.8,0,225.289,49.044,83.6,138.555,17.441,1.177,34.262,57.937,0,0,3.465,23.345,16.7,0,0,24.477,5.064,29.883,0,0,0,0,3129.469
35001000501,795.498,0,0,174.84,62.447,102.186,165.444,364.95,8.239,56.7,3.424,110.66,63.023,176.814,176.249,19.128,6.955,23.326,75.231,5.778,0,6.8,32.651,0.75,4.8,0,34.172,25.477,67.656,209.156,0,1.103,0,2773.457
35001000502,2034.93,11.94,358.98,483.6,215.726,90.832,82.722,121.65,84.837,102.2,25.359,241.77,65.832,171.398,190.37,28.46,18.832,76.663,104.057,4.28,0,9.41,123.355,1.5,0,1.5,23.715,10.997,136.61,0,0,93.967,5.243,4920.735
35001000601,1719.46,0,0,22.32,102.186,0,110.296,304.125,17.04,0,5.966,342.856,36.186,86.725,284.312,3.876,3.897,57.173,61.8,0,0,3,8.5,3.6,0,0,34.501,3.2,237.546,9.687,4.815,42.618,0,3505.685
35001000603,896.478,16.915,154.38,662.16,221.403,113.54,0,0,87.954,0,0,125.773,28.572,155.634,57.665,0,0,7.383,17.976,0,0,1.4,12.162,9,0,0,32.645,8.627,39.565,0,0,26.964,0,2676.196
35001000604,892.271,177.11,102.3,383.16,124.894,147.602,27.574,60.825,4.922,223.3,44.272,165.035,112.737,141.461,96.585,0,0,5.179,320.671,1.391,0,24.279,16.244,7.2,0,0,46.199,5.349,42.049,25.554,0,16.585,0,3214.748
35001000704,2017.73,8.955,18.6,63.24,22.708,22.708,0,60.825,82.498,0,3.638,198.104,29.771,70.818,40.124,4.601,0,7.534,80.434,1.082,0,8.3,7.282,2,1.244,0,23.005,4.006,16.809,0,0,34.668,0,2830.684
35001000707,1284.69,870.625,26.04,308.76,0,45.416,0,182.475,16.05,25.2,2.354,160.831,153.779,223.169,63.578,1.177,0,3.005,52.278,0,0,134.33,68.397,6.8,0,3.9,135.455,0.742,14.181,1.712,0,13.696,0,3798.64
35001000708,2048.77,562.175,87.42,189.72,17.031,90.832,0,364.95,92.555,0,0,413.729,52.547,86.761,116.419,7.169,0,0,64.876,0,0,16.4,36.681,3.3,0,0,55.559,8.564,11.235,0,0,0,0,4326.693
35001000710,3863.79,118.405,14.88,0,0,0,0,0,14.659,0,0,93.634,16.863,24.495,92.41,2.913,0,5.837,65.745,0,0,6,54.955,0,2.93,0,20.657,7.865,20.091,0,0,1.712,0,4427.841
35001000711,2566.95,10.945,0,96.72,96.509,11.354,27.574,121.65,0,1.4,5.243,19.856,14.019,18.019,65.933,0,0,16.777,9.844,0,0,4,7.161,1.1,0,0,26.943,9.167,12.025,0,0,1.958,0,3145.147
35001000712,1383.99,0,66.96,197.16,141.925,90.832,27.574,121.65,7.543,0,2.568,13.922,2.357,34.081,29.897,0,0,5.649,0,0,0,1.3,0,0,0,0,11.416,0.64,1.498,3.027,0,13.054,0,2157.043
35001000713,933.504,813.91,31.62,468.72,181.664,204.372,27.574,121.65,16.05,0,0,93.545,25.097,27.267,44.161,0,0,2.174,11.984,0,0,4.5,59.336,0,1.1,0,11.274,1.6,6.709,0,0,2.033,0,3089.844
35001000714,1911.98,350.24,0,40.92,62.447,261.142,27.574,60.825,0,4.9,0,231.123,2.361,7.325,30.937,0,0,0,5.856,0,0,1.1,0.95,11,0,15.2,1.793,0.85,4.641,0,0,0,0,3033.164
35001000801,1408.11,0,55.8,7.44,0,0,0,0,34.24,424.4,0,144.204,7.383,21.264,3949.29,47.292,0,3.174,13.482,0,0,55.2,41.422,0,0,0,1.326,0,149.196,137.131,0,34.839,20.116,6555.309
35001000901,968.286,273.625,314.34,844.44,244.111,295.204,110.296,60.825,1.819,28,0,16.63,73.726,80.431,52.306,3.638,0,1.631,12.169,0,0,15.31,22.7,0,0,6,34.856,11.444,26.536,0,0,16.895,0,3515.218
35001000903,660.858,0,83.7,461.28,369.005,442.806,496.332,547.425,3.772,111.3,0,84.432,13.168,42.919,462.567,7.811,10.393,824.771,73.592,0,0,4.619,5,0,0,0,8.062,0.742,34.347,115.239,0,9.202,0,4873.342
35001000904,1640.64,0,31.62,379.44,68.124,22.708,55.148,0,0,18.2,0,49.255,7.397,21.808,16.519,11.77,0,0.877,28.756,0,0,0,1.761,0,1.3,0,18.855,10.28,33.145,0,0,43.014,0,2460.617
35001001101,3502.6,27.86,65.1,89.28,17.031,22.708,27.574,0,0,4.2,0,24.38,11.852,70.948,88.299,6.527,1.07,8.073,13.024,2.165,0,4.865,10.851,0,0,0,14.486,13.202,21.25,0,0,12.84,0,4060.186
35001001102,1148.55,0,94.86,301.32,158.956,56.77,55.148,0,0,0,2.943,21.636,1.605,7.031,26.182,0.971,0,6.762,17.126,0,0,2.31,5.881,0,0,0,6.563,0,1.52,0,0,17.762,0,1933.896
35001001200,1877.95,251.735,63.24,401.76,334.943,351.974,110.296,0,275.953,80.5,0,140.385,131.629,224.855,666.576,6.313,115.56,46.807,65.218,0,0,107.1,220.006,15.5,0,11.8,34.986,5.82,63.362,86.704,0,132.457,86.028,5909.457
35001001300,1671.22,45.77,14.88,85.56,17.031,0,0,0,0,4.9,1.712,58.424,60.647,54.414,24.789,0,0,11.984,24.614,0,0,159,3,0,1.5,0,53.144,2.335,69.633,33.598,0,13.803,0,2411.958
35001001400,1037.57,19.9,74.4,89.28,164.633,0,0,0,0,195.3,0,60.517,17.248,85.401,29.454,0,0,0.963,10.7,9.095,0,9,0,8.3,0,0,8.168,0.92,12.494,5.35,0,46.736,0,1885.429
35001001500,1173.89,0,161.82,78.12,22.708,68.124,55.148,60.825,58.957,66.5,14.124,70.697,7.672,42.459,64.844,0.971,21.293,23.557,21.673,1.082,0,10.31,21.671,0,1,0,6.883,2.08,78.645,0,0,29.992,0,2165.045
35001001600,443.19,0,174.84,487.32,164.633,102.186,193.018,182.475,64.2,5.6,0,32.752,10.5,38.109,50.036,0,2.247,176.314,31.784,2.782,0,13,12.339,20,0,0,0.83,1.4,50.643,0,0,267.441,0,2527.639
35001001700,2309.73,0,197.16,345.96,283.85,261.142,110.296,0,14.766,0,1.472,203.657,31.568,114.483,173.569,0,0,31.566,228.236,0,0,1.4,32.044,10.5,0,0,225.119,6.586,92.182,0,0,24.354,4.601,4704.241
35001001800,164.84,0,0,0,0,45.416,27.574,243.3,11.797,1000.5,0,48.164,4.722,29.104,102.014,8.881,311.37,149.083,42.157,1.498,0,0,9.2,0,0,0,0.663,4.46,47.956,35.464,0,163.865,389.266,2841.294
35001001900,499.29,5.97,11.16,14.88,5.677,0,27.574,121.65,19.581,41.6,0,23.889,3.852,26.327,28.311,0,0,112.703,53.411,0,0,0,1.1,6,0,0,2.263,1.9,10.775,0,0,0.995,0,1018.908
35001002000,498.168,0.995,20.46,89.28,107.863,249.788,82.722,121.65,0,7.7,0,11.633,82.925,36.691,59.131,9.712,48.898,90.928,7.533,0,0,2.4,4.581,0,7.822,0,43.247,2.98,11.233,12.38,0,42.8,2.568,1656.088
35001002100,185.13,0,27.9,22.32,22.708,90.832,110.296,121.65,81.053,382.4,0,101.717,159.523,119.532,1020.07,306.404,0,17.16,205.749,13.589,0,26.1,55.297,2.2,6.4,0,30.752,4.926,174.221,715.199,27.82,28.765,0,4059.713
35001002200,1246.54,0,74.4,245.52,147.602,113.54,137.87,182.475,16.077,0,0,41.928,30.826,95.784,118.431,0,0,36.035,251.786,0,0,0,5.481,0,0,0,15.588,0,8.774,17.976,0,27.859,0,2814.491
35001002300,3523.08,479.59,124.62,44.64,39.739,22.708,0,0,13.482,13.3,2.889,101.889,13.488,79.28,32.234,4.708,0,4.211,48.151,0,0,3.1,8.43,0,0,0,49.826,4.95,14.033,0,0,24.182,0,4652.53
35001002401,2924.03,10.945,7.44,18.6,0,0,0,0,18.832,2.8,4.708,105.027,16.067,26.879,48.248,4.066,0,0,56.949,0,0,8.665,9.407,0,0,1.81,29.386,3.092,21.951,2.675,0,19.918,2.033,3343.528
35001002402,3272.03,27.86,48.36,249.24,0,124.894,27.574,0,10.165,0.7,0,58.453,39.697,70.792,34.264,1.177,0,2.478,44.838,1.391,0,7.21,4.7,2.1,0,0,33.928,4.559,29.614,0,0,37.557,0,4133.581
35001002500,1328.92,128.355,0,7.44,0,0,0,0,56.282,0,0,78.585,203.006,15.259,103.158,0,0,0.867,76.455,0,0,23.729,5.79,3.2,0,0,14.41,5.2,3.852,0,0,13.268,0,2067.776
35001002600,722.288,7.96,52.08,14.88,34.062,0,0,0,30.495,0,0,186.354,44.954,42.727,55.241,0,0,4.648,115.56,0,0,7.72,16.162,0,0,0,2.27,0,27.072,1.712,0,25.359,0,1391.544
35001002700,2041.76,17.91,122.76,241.8,45.416,22.708,55.148,60.825,132.653,16.8,15.452,239.482,516.439,245.377,637.32,17.926,2.889,160.938,158.055,0,0,262.239,184.469,69.9,4.6,0.4,106.518,6.626,103.483,344.411,5.35,19.951,0,5859.604
35001002900,2148.63,62.685,65.1,130.2,11.354,0,27.574,0,12.519,8,0,184.047,303.565,172.071,183.144,0,0,11.794,33.818,0,0,52.265,81.078,12.5,1.6,24,148.408,13.985,31.927,95.192,0,45.648,0,3861.104
35001003001,2342.18,58.705,31.62,55.8,28.385,158.956,55.148,60.825,8.694,240.1,0,87.645,12.92,25.092,83.796,0,0,6.651,64.307,0,0,0,3.341,1.1,0,0,21.191,3.857,2.461,19.26,0,35.803,0,3407.837
35001003002,2615.38,78.605,0,52.08,34.062,0,27.574,0,5.457,0,0,25.092,5.569,31.298,103.872,0,0,4.207,7.087,0,0,4.8,7.601,2.2,0,0,33.069,7.72,55.487,19.677,0,14.691,0,3135.528
35001003100,2078.41,0,0,63.24,0,0,0,0,0,0,0,54.305,507.289,6.624,77.086,0,0,1.84,26.004,1.391,0,3,8.623,0,0,0,28.744,7.528,19.77,3.424,0,2.206,0,2889.484
35001003201,1707.12,0,0,78.12,34.062,0,0,0,0,7.6,0,43.383,10.914,73.542,33.321,4.823,0,3.981,39.383,0,0,0,10.9,4.2,0,0,51.449,9.432,15.087,2.996,0,27.713,0,2158.026
35001003202,2773.58,0,115.32,137.64,102.186,22.708,27.574,0,8.239,1,1.498,83.179,132.059,75.845,62.712,8.511,0,14.445,29.831,1.391,0,12.701,51.75,9.8,0,0,57.212,0.742,50.797,0.908,0,34.454,0,3816.082
35001003400,305.184,408.945,0,372,249.788,136.248,220.592,182.475,202.765,119.6,1.472,908.608,1650.81,527.932,673.707,38.174,8.988,44.936,253.439,5.35,0,255.31,295.61,134.2,48.622,6,580.098,33.177,170.376,64.264,37.022,10.823,0,7946.516
35001003501,2003.8,530.335,31.62,107.88,11.354,45.416,82.722,182.475,0,0,0,209.924,366.394,149.881,107.199,8.453,0,20.646,47.402,0,0,150.6,49.23,43.7,0,0,157.091,80.854,12.305,3.531,6.206,12.839,0,4421.857
35001003502,3478.76,114.425,0,33.48,0,0,0,0,37.129,0,0,134.566,208.142,106.274,146.368,17.441,0,34.519,104.621,0,0,28.455,38.236,0,2.4,0,73.012,21.497,32.041,5.243,0,29.229,1.926,4647.764
35001003600,2777.23,728.34,16.74,0,0,22.708,0,0,11.583,0,2.943,60.021,125.789,84.276,115.514,0,0,8.124,52.756,0,0,41.185,22.486,1.3,0,0,110.1,24.457,35.152,4.494,0,14.033,0,4259.232
35001003707,1807.54,0,0,89.28,215.726,238.434,275.74,182.475,3.772,2.1,4.172,107.074,13.179,47.946,316.856,15.194,0,40.842,76.571,0,0,7.81,4.573,4.8,0,0,26.651,5.655,31.325,8.988,0,38.477,0,3565.181
35001003712,3572.17,0,0,0,0,0,0,60.825,5.136,40.6,23.219,49.532,18.603,22.921,79.973,9.095,0,11.831,38.702,1.391,0,4.965,7.3,0,0,0,26.334,5,3.506,0,0,23.759,0,4004.862
35001003714,1513.58,0,59.52,364.56,562.023,772.072,275.74,304.125,0,0,0,208.849,147.669,96.558,94.539,5.243,0,20.501,53.408,1.083,0,0,11.144,1.4,0,0,26.57,2.183,17.22,0,0,20.641,0,4558.628
35001003715,2890.27,33.83,0,26.04,5.677,158.956,0,60.825,0,0,0,22.231,18.542,19.454,71.965,1.177,0,5.9,5.491,0,0,2.1,7.215,4.4,0,0,24.442,0.742,213.909,0,0,392.08,0,3965.246
35001003717,2083.09,0,0,305.04,283.85,158.956,220.592,121.65,0,37.8,2.782,108.565,13.133,107.599,129.626,7.284,0,19.677,35.763,0,0,1.2,21.584,0,0,0,23.699,7.968,71.212,0,0,18.823,0,3779.893
35001003718,1378.56,9.95,0,0,39.739,22.708,137.87,0,0,0,0,23.264,24.931,38.062,41.527,0,0,35.984,25.145,13.696,0,2.655,6.363,0,0,0,8.143,1.4,12.894,0,0,13.942,0,1836.833
35001003719,2447.92,6.965,0,182.28,158.956,136.248,165.444,425.775,0,108.5,17.334,108.869,50.916,51.651,584.869,7.547,0,80.346,65.881,0,0,1.155,7.844,8.5,0,0,10.328,18.28,52.15,0,0,22.996,0,4720.754
35001003721,5910.13,6.965,0,63.24,90.832,102.186,27.574,121.65,0,0,0,21.938,67.056,22.825,171.557,0,0,6.303,16.791,0,0,0,26.586,2.2,0.969,0,38.987,8.174,10.673,0,0,3.462,0,6720.099
35001003722,3552.81,301.485,0,0,0,0,0,0,27.178,0,0,139.42,84.318,30.774,70.149,0,0,7.079,101.819,0,0,26.556,4.8,160.801,0,0,60.766,13.65,9.202,0,0,6.773,0,4597.58
35001003723,1572.2,1583.05,9.3,44.64,68.124,0,0,0,70.834,0,0,101.957,93.15,85.098,165.09,0,0,60.281,47.883,0,0,4.8,13.2,8.6,10,2.413,70.006,13.251,55.212,80.653,0,54.463,0,4214.205
35001003724,2216.79,8.955,0,74.4,45.416,22.708,27.574,0,0,2.1,3.21,68.432,13.3,30.912,242.435,5.679,0,27.799,12.949,0,0,6.9,7.681,0,7.2,0,23.223,0.742,30.823,0,0,0.551,0,2879.779
35001003725,2294.4,0,0,26.04,204.372,170.31,27.574,60.825,0,78.4,38.52,75.386,51.381,32.519,88.6,3.959,3.103,24.627,66.342,0,0,3.2,19.006,2.8,1.2,0,23.073,7.793,15.422,2.119,0,14.494,0,3335.465
35001003726,1721.15,0,0,18.6,85.155,11.354,82.722,60.825,1.605,0,0,7.383,8.884,9.759,43.237,0,0,5.885,8.456,0,0,2.1,2.644,0,0,0,18.683,2.78,3.506,0,0,0,0,2094.729
35001003728,2203.79,39.8,33.48,152.52,130.571,136.248,110.296,182.475,0,88.9,2.97,44.794,22.918,50.312,114.245,3.424,0,20.565,87.877,7.276,0,8.73,1.2,2,0,0,36.955,4.37,20.815,2.422,0,6.88,72.118,3587.951
35001003729,1479.17,0,0,0,0,0,0,0,4.922,0,0,9.928,8.563,6.634,38.324,0,0,7.641,7.706,0,0,2,0,0,1.8,0,29.871,4,48.742,0,0,0,0,1649.301
35001003730,3549.45,0,0,22.32,0,0,0,0,0,58.1,0,10.993,15.432,5.083,81.839,0,0,6.902,6.634,0,0,0,0.91,0,0,0,15.177,3.685,42.42,0,0,5.044,0,3823.989
35001003731,3099.52,7.96,0,11.16,0,0,0,0,0,0,0,10.521,17.265,11.234,57.411,0,9.095,7.657,54.464,0,0,2,4.8,0,0.93,0,29.302,5.5,15.959,0,0,0,0,3344.778
35001003732,4242.84,86.565,0,148.8,136.248,79.478,0,60.825,7.918,0,0,34.62,11.239,23.105,151.419,6.314,0,20.739,9.846,1.497,0,0,3.163,3.1,0,0,36.057,9.273,18.989,0,0,34.363,0,5126.397
35001003733,29.4525,39.8,20.46,167.4,403.067,317.912,110.296,182.475,16.371,103.6,16.906,328.126,248.433,109.537,174.927,26.312,26.887,115.196,130.873,21.852,0,30.7,77.49,2.8,6.9,40,110.32,9.584,92.769,9.583,0,3.852,0,2973.881
35001003735,3266.7,463.67,48.36,186,85.155,0,0,0,20.544,0,0,273.799,124.587,64.702,150.039,6.42,0,2.612,15.803,0,0,58.155,87.063,4.9,0,33.192,126.748,13.428,49.317,33.597,0,35.096,0,5149.887
35001003736,271.524,335.315,0,66.96,73.801,79.478,0,60.825,191.197,35,158.751,517.981,1481.84,370.57,1689.36,56.636,58.529,118.194,173.79,18.857,0,669.484,1682.51,484.401,66.512,96.499,485.202,62.352,111.328,74.65,0,6.822,33.705,9532.073
35001003737,2060.55,0,0,29.76,22.708,102.186,27.574,0,0,6.3,0,22.424,8.738,7.834,43.638,0,0,6.357,0,0,0,2.31,2.9,0,0,0,12.97,0.88,1.753,0,0,2.617,0,2361.499
35001003738,1930.21,0,0,234.36,272.496,295.204,165.444,243.3,0,58.1,0,10.981,8.68,19.143,99.176,0,0,9.791,8.736,0,0,1.155,11.2,0,0,0,10.325,0.742,1.753,0,0,31.367,0,3412.163
35001003803,2635.86,87.56,0,0,0,0,0,0,0,0,0,14.544,26.775,10.251,26.309,0,0,5.393,4.12,0,0,2.655,7.6,29.5,0,0,27.393,0.59,15.588,0,0,11.556,0,2905.694
35001003804,3640.33,205.965,0,3.72,0,0,0,0,4.921,2,0,47.424,25.918,29.191,65.61,0,0,5.007,10.852,1.391,0,3.9,16.592,3.998,0.97,5,46.661,11.058,22.314,5.541,0,4.162,0,4162.525
35001003805,1571.27,150.245,0,0,34.062,0,0,0,9.63,0,0,47.176,10.407,8.646,45.995,3.317,0,13.489,10.378,0,0,2.7,0.882,0,1.001,0,49.898,7.115,20.239,0,0,7.918,0,1994.368
35001003806,2235.02,269.645,0,0,0,0,0,0,3.772,0,0,43.469,21.079,31.865,47.138,0,0,0.543,17.573,0,0,8.31,4.89,0,0,0,25.037,4.485,22.617,9.857,0,0,0,2745.3
35001003807,2687.84,609.935,0,0,0,0,0,0,2.996,6.3,0,27.614,56.483,30.548,54.205,0,0,5.53,11.363,2.164,0,24.155,12.89,0,0,1.8,52.657,10.845,5.457,5.458,0,33.491,0,3641.731
35001004001,1596.98,510.435,13.02,22.32,0,0,0,0,0,166.6,0,126.638,384.331,143.165,438.613,9.226,0,5.829,44.945,10.486,0,398.64,4.762,23.7,26.1,0,192.026,23.644,30.017,70.834,0,12.84,0,4255.151
35001004300,2179.49,98.505,57.66,18.6,107.863,34.062,27.574,0,0,39.2,16.05,45.868,58.068,43.463,22.346,11.342,0,19.349,19.688,0,0,10.984,1.9,4.501,0,0,26.346,4.747,20.173,0,0,51.815,0,2919.594
35001004401,1276.28,171.14,37.2,0,0,0,0,0,0,0,0,22.215,19.157,38.552,14.762,1.177,0,0,0.877,0,0,0,0,0,0,0,23.545,2.242,9.671,6.054,0,14.98,0,1637.852
35001004402,1719.46,164.175,33.48,0,73.801,0,0,0,1.712,6.3,2.782,14.298,11.374,26.332,28.378,0,0,0,3.317,0,0,46.1,0,0,3,0,37.083,1.5,8.321,0,0,59.266,0,2240.679
35001004501,1070.39,120.395,0,66.96,107.863,22.708,0,0,0,0,0,8.79,11.245,20.608,14.629,0,0,4.066,5.778,2.354,0,0,0,2.2,0,0,9.172,0.92,17.161,0,0,0,0,1485.239
35001004502,1223.54,236.81,11.16,26.04,28.385,11.354,0,0,0,4.9,0,56.346,2.678,28.764,16.331,9.226,0,27.392,21.936,0,0,0,4.089,0,0,0,27.563,0,21.309,4.387,0,29.692,0,1791.902
35001004602,1997.91,331.335,0,0,0,0,0,0,0,64.4,0,16.032,3.745,23.851,25.662,0,0,9.554,6.206,0,0,9.265,4.181,0,0,0,49.491,11.227,2.782,0,0,28.742,0,2584.383
35001004603,1768.18,133.33,13.02,0,0,0,0,0,0,16.1,1.472,79.167,15.318,20.93,29.24,7.704,0,0,22.424,0,0,0,0,0,0,0,48.54,7.62,32.758,0,0,55.207,0,2251.01
35001004604,2200.52,230.84,11.16,0,0,0,0,0,3.103,61.6,13.349,15.667,4.604,17.004,21.6,0,0,0,4.712,0,0,3.2,7.6,2,2.8,0,33.956,13.212,31.205,0,0.952,28.742,0,2707.826
35001004712,3071.57,255.715,0,0,0,0,0,0,13.91,0,0,48.99,13.312,16.739,24.843,0,0,0,15.332,0,0,0,6.688,0,0,0,10.708,0.88,15.739,4.729,0,1.016,7.062,3507.233
35001004713,3005.09,0,0,14.88,0,0,0,0,0,0,1.181,13.556,5.455,10.454,14.672,0,0,0,3.83,0,0,1.1,2,0,0,0,16.086,0.59,5.456,0,0,17.976,0,3112.326
35001004715,1726.48,548.245,0,0,0,0,0,0,0,12.2,0,14.974,11.104,3.52,12.689,0,0,0,0.824,0,0,4.62,2.9,0,0,0,28.268,14.658,11.235,0,0,0,0,2391.717
35001004716,478.253,0,13.02,74.4,210.049,147.602,137.87,121.65,15.421,0,0,762.971,44.325,82.239,99.806,22.133,0,16.746,74.045,0,0,2,6.319,4.2,0.2,0,14.238,5.411,13.022,0,0,3.103,0,2349.023
35001004717,2899.34,0,14.88,159.96,113.54,397.39,220.592,304.125,7.472,0,0,22.922,40.184,20.039,57.893,0.222,0,0.92,8.125,0,0,4.1,3.294,0,0,0,24.409,0.88,1.995,0,0,17.293,0,4319.576
35001004720,1920.49,0,0,93,51.093,90.832,27.574,0,2.889,0,0,74.945,19.442,19.819,53.003,3.424,0,4.013,53.928,0,0,3.1,2.8,0,0,0,21.526,5.265,13.967,0,0,2.461,0,2463.571
35001004722,1769.11,0,22.32,312.48,414.421,147.602,82.722,60.825,0,131.9,0,30.372,15.978,36.351,54.109,0,0,6.571,10.144,0,0,0,17.381,1.5,0,0,11.77,12.599,42.158,0,0,0,0,3180.313
35001004723,4589.54,0,0,0,0,0,0,0,5.136,0,2.943,82.326,83.306,28.25,134.794,3.399,0,19.24,22.47,0,0,9.1,5.981,1.6,0,3.1,29.035,6.78,40.288,0,0,19.918,0,5087.207
35001004724,1913.57,10.945,0,7.44,0,0,0,0,0,0,0,23.521,3.21,11.706,30.548,0,0,1.722,6.207,0,0,1.155,1.9,0,0,0,28.446,0,5.259,0,0,28.879,0,2074.508
35001004725,2296.83,0,0,0,0,0,0,0,0,0,0,31.899,1.391,28.324,43.406,2.568,0,16.379,15.055,1.391,0,0,0,0,0,0,19.758,0,7.811,0,0,0,0,2464.812
35001004726,1621.29,0,0,0,0,0,0,0,0,0,0,5.767,8.171,1.692,22.522,0,0,0.544,2.14,0,0,0,1.5,1.1,0,0,8.763,1,5.457,5.243,0,0.781,0,1685.97
35001004727,1167.25,23.88,0,0,0,0,0,0,0,2.8,5.992,15.383,6.32,5.822,25.674,0,0,3.959,1.767,1.082,0,0.6,2.2,0,0,0,20.04,10.667,0,0,0,4.28,0,1297.716
35001004728,2966.85,0,0,44.64,113.54,0,0,0,3.424,7,3.679,18.813,14.242,10.175,48.018,0,0,2.906,11.482,0,0,1.2,2.6,16.601,0,0,36.756,3,23.819,0,0,0.551,0,3329.296
35001004729,2510.38,21.89,0,7.44,0,11.354,55.148,0,0,9.9,2.461,81.212,30.294,30.102,60.786,9.575,18.039,10.609,47.35,2.14,0,1.8,4.4,7.7,0,0,8.939,2.342,44.404,2.14,2.568,26.965,0,3009.937
35001004733,2970.21,32.835,0,0,0,0,27.574,0,0,0,0,10.786,5.11,14.058,15.024,0,1.049,0,7.169,0,0,1.3,0,0,0,0,8.675,1.399,10.786,0,0,28.676,0,3134.651
35001004734,2105.15,553.22,0,0,0,0,0,0,1.819,2.8,0,5.806,2.351,1.618,8.918,0,0,1.087,4.764,0,0,0,0,0.96,0,0,2.141,1.085,2.805,0,0,0,0,2694.524
35001004735,442.629,312.43,0,0,0,0,0,0,0,0,0,21.827,16.131,26.001,5.833,0,0,0,11.898,0,0,0,0,0,7.201,0,5.301,0.794,16.264,8.881,0,4.921,0,880.111
35001004736,0,376.11,0,33.48,0,0,0,0,1.712,0,0,5.992,21.828,0,8.903,0,0,0,0,0,0,0,0,0,0,0,0,0,3.506,0,0,0,0,451.531
35001004737,2997.8,0,0,0,0,0,0,0,0,0,0.159,0.509,0.41,0.823,0.116,0,0,0,0,0,0,0,0,0,0,0,0.394,0,0,0,0,0,0,3000.211
35001004738,1935.82,398,0,0,5.677,0,0,0,0,0,0.131,15.86,1.528,9.256,22.745,1.177,0,0,3.071,0,0,0,4.406,0,0,0,5.141,14.912,9.523,0.303,0,0,0,2427.551
35001004739,2452.97,267.655,40.92,0,0,0,0,0,18.298,0,0,89.198,2.001,7.341,17.608,0,0,0,8.886,0,0,0,0,0,0,0,19.77,3.15,8.041,0,0,0,0,2935.838
35001004740,3311.86,8.955,39.06,104.16,39.739,0,0,0,10.165,0,0,41.73,48.301,29.342,17.52,0,0,2.033,5.031,0,0,29.927,5.999,0,0,0,57.597,0.88,11.852,0,0,1.605,0,3765.756
35001004741,1776.97,515.41,14.88,74.4,221.403,124.894,55.148,243.3,55.854,0,3.679,139.763,264.687,79.062,56.941,15.539,0,14.526,50.572,0,0,25,154.5,0,0,80,68.303,2.822,18.083,4.066,0,37.664,0,4097.465
35001004742,3279.04,20.895,31.62,74.4,85.155,22.708,0,0,0,23.1,0,11.966,12.519,19.167,38.56,0,0,0.877,26.95,0,0,0,0,1.9,0,0,25.98,0.97,25.91,0,0,15.301,0,3717.018
35001004743,1770.7,0,0,0,0,0,0,0,0,0,0,0,0.358,3.67,6.966,0,0,0,0,0,0,1.054,0,0,0,0,4.102,1.115,0,0,0,0.293,0,1788.258
35001004744,3182.55,0,0,0,0,0,0,0,0,0,0,3.469,0.822,3.083,26.236,0,0,0,7.067,0,0,2.41,0,0,0,0,6.051,2.949,0,0,0,0.668,0,3235.305
35001004745,3209.48,28.855,0,63.24,34.062,11.354,0,60.825,0,72.1,5.136,13.82,7.408,4.232,160.765,0,2.782,28.049,4.72,1.082,0,3.4,2.581,0,0.6,0,13.233,1.4,5.778,0,0,0,0,3734.902
35001004746,4251.91,0,0,0,0,0,0,0,5.658,0,3.746,6.308,1.39,6.526,13.604,0,0,0,0,0,0,1.601,2.009,0,0,0,2.056,0,3.251,0,0,0,0,4298.06
35001004747,2640.16,0,0,11.16,34.062,56.77,0,60.825,0,0,0,22.836,2.247,10.766,37.909,0,0,0,9.684,0,0,4.4,5.203,0,0,0,16.093,1.485,13.803,0,0,14.873,0,2942.276
35001004748,5318.28,27.86,0,0,0,0,0,0,0,0,0,14.062,7.614,9.824,28.266,0,0,0,8.026,0,0,0,3.702,0,1.867,0,2.147,1,4.427,0,0,0.55,0,5427.625
35001004749,1022.14,0,0,130.2,130.571,295.204,193.018,243.3,41.409,74.9,28.355,55.652,20.986,37.26,82.468,5.885,0,9.237,24.826,2.474,0,0,2.2,0,1.244,0,10.343,4.427,7.597,0,0,0.551,0,2424.247
35001004750,3708.3,33.83,0,18.6,17.031,68.124,27.574,0,0,0,7.062,11.09,12.743,12.53,50.466,0,0,3.676,14.939,0,0,3.91,4.5,1.1,0,0,7.466,2.075,24.371,0,0,17.976,0,4047.364
35001004751,1568.56,21.89,0,14.88,0,0,27.574,0,0,1.4,0,11.005,7.165,9.502,18.779,0,0,2.675,10.059,0,0,1.3,2.801,0,0,0,6.217,3.999,30.185,0,0,14.338,0,1752.329
35001004752,1376.6,22.885,0,145.08,175.987,136.248,0,182.475,0,0,3.852,194.304,7.276,27.435,69.471,5.778,0,0.544,27.258,16.906,0,3.4,2.281,5.9,0,0,11.752,7.653,11.185,2.852,0,3.21,0,2440.332
35001004753,2580.04,0,0,0,0,0,0,121.65,0,0,0,130.792,24.402,20.995,59.157,13.268,0,4.108,43.014,0,0,31.801,8.9,0,0,0,25.465,2.484,15.621,0,0,2.6,0,3084.297
35001940500,3011.64,41.79,22.32,29.76,0,11.354,0,0,4.28,0,0.331,12.035,7.796,25.179,84.674,0,0,3.21,41.37,1.082,0,5.065,6.04,2.4,1,0,32.397,0.043,10.557,0,0,3.548,0,3357.871
35001940600,3444.91,87.56,0,0,0,0,0,0,7.169,268.1,0,6.468,6.912,11.023,72.01,0,0,0,2.729,0,0,0,0.89,0,0,0,6.846,2.97,2.599,3.21,0,0,0,3923.396
35001940700,1270.67,104.475,0,11.16,0,0,0,0,12.091,0,0,10.315,3.531,7.597,5.437,0,0,13.088,0,0,0,2.31,7.051,0,0,0,3.222,6.19,0,27.89,0,0,0,1485.027
35003976400,3049.32,991.02,0,0,0,0,0,0,30.174,72.4,0,59.909,24.213,23.743,42.212,0,0,10.818,28.519,0,0,14.999,5.659,0,5.139,0,26.33,48.585,45.476,51.892,30.157,40.446,0,4601.012
35005000201,2012.59,40.795,87.42,18.6,39.739,22.708,0,60.825,15.221,1.3,11.128,270.934,208.532,154.913,472.204,75.852,0,73.273,209.166,0,0,12.5,31.774,19.4,95.231,0,63.556,13.69,140.359,57.894,21.443,55.176,8.239,4294.461
35005000202,1657.94,28.855,137.64,104.16,51.093,45.416,27.574,60.825,15.836,0,4.494,68.886,30.067,15.474,44.916,0,0,4.404,17.176,0,0,5.7,2.4,0,47.2,0,14.913,2.542,76.307,13.268,0,29.061,0,2506.147
35005000300,2415.1,392.03,182.28,59.52,22.708,22.708,110.296,0,141.4,282.4,0,69.759,26.115,115.501,175.403,2.675,23.754,60.428,93.366,8.239,0,0,26.081,1.2,5.4,0,16.026,6.122,255.487,0,0,14.338,62.274,4590.61
35005000400,1875.42,111.44,11.16,126.48,22.708,0,0,0,1.605,1.9,0,90.463,196.441,71.261,75.853,0,0,8.248,27.092,0,0,25.71,23.4,2.3,8.55,0,32.443,10.344,14.568,0,0,12.519,0,2749.905
35005000500,1041.5,8.955,39.06,11.16,0,0,0,0,0,28.7,0,205.688,34.046,119.628,33.869,7.975,0,17.334,23.968,0,0,1.9,16.9,4.2,1.5,0,17.363,0,17.926,9.095,0,1.605,0,1642.372
35005000600,2092.16,130.345,0,0,0,0,0,0,0,20.4,0,56.155,63.229,55.737,16.813,0,0,4.811,31.566,0,0,20.2,42,0,0,0,34.216,9.13,53.828,14.403,0,38.499,0,2683.492
35005000700,2127.69,194.025,0,0,0,22.708,27.574,0,3.317,52.5,20.651,73.49,64.214,26.548,30.681,7.169,0,52.785,26.966,0,0,273.028,20.881,16.5,4.744,0,26.44,7.049,30.281,5.029,0,25.038,0,3139.308
35005000800,2109.36,190.045,13.02,93,153.279,102.186,0,0,3.772,21.7,12.091,65.381,50.153,17.292,118.125,0,0,0,11.452,21.4,0,1.8,0,0,0,0,15.95,5.6,42.149,6.42,0,25.038,0,3079.213
35005000900,1670.56,34.825,22.32,11.16,0,0,0,0,12.947,0,0,83.447,20.807,8.615,28.974,2.247,0,0.543,4.066,0,0,6.2,2.8,0,1.6,0,44.952,0,48.94,31.828,5.672,12.519,0,2055.022
35005001001,2918.79,15.92,72.54,0,0,0,0,0,40.232,77,23.326,109.73,23.471,22.987,41.893,0,0,5.046,28.357,0,0,0,2.644,0,3.4,0,28.077,8.902,14.435,2.878,0,13.493,0,3453.121
35005001002,2694.48,245.765,0,29.76,28.385,34.062,55.148,60.825,8.453,0,0,202.748,32.595,54.197,108.613,8.56,146.376,77.401,60.139,7.597,0,11.1,4.5,0,9.2,0,15.653,16.77,47.228,1.391,0,0.898,0,3961.844
35005001101,1616.8,611.925,59.52,0,0,0,0,0,0,177.2,0,71.861,601.025,50.932,218.72,1.712,0,0,12.793,0,0,53.1,0,35.8,6.1,0,30.696,20.947,30.174,39.572,6.349,25.573,22.898,3693.697
35005001102,1570.15,701.475,0,0,0,0,0,0,0,0,0,101.063,35.982,24.503,55.521,0,0,3.976,33.117,0,0,16.355,10.3,0,28.843,0,49.629,83.387,9.136,8.239,0,41.291,0,2772.967
35005001200,796.901,172.135,0,0,0,0,0,0,3.772,0,0,1.498,36.276,2.14,9.594,0,0,0,1.391,0,0,0,0,9.8,0,0,3.55,213.222,0,0.908,0,0.963,0,1252.15
35005001300,976.888,302.48,16.74,0,11.354,0,0,0,0,35.5,0,36.798,22.279,13.29,10.526,2.889,21.935,5.894,2.568,0,0,6.5,0,7,3.8,0,11.442,130.79,11.984,14.659,6.349,35.859,3.424,1690.948
35005001400,1097.41,341.285,7.44,7.44,0,0,0,0,0,0,0,34.24,21.656,11.557,15.492,0,0,0,5.031,0,0,5.775,1.8,0,0,0,3.639,45.542,8.922,2.119,0,73.188,0,1682.536
35006941500,1275.99,165.17,0,14.88,5.677,0,0,0,0,0,0,20.482,1.016,1.498,6.625,0,0,4.349,2.354,0,0,0,0,0,0,0,2.3,0,21.036,15.408,0,16.157,0,1552.942
35006945800,941.358,72.635,9.3,18.6,11.354,0,27.574,0,0,0,0,0,0,0,0,0.486,0,10.807,5.941,0,0,0,0,0,0,0,0,1.322,13.91,12.733,7.619,2.996,15.497,1152.132
35006946100,1659.16,178.105,0,0,11.354,0,0,0,471.465,43.6,14.766,19.624,0,0.791,12.709,0,0,6.003,0,1.082,0,0,1.5,1.1,0,0,1.327,0,0,2.084,0,13.589,0,2438.259
35006974201,1303.2,394.02,27.9,115.32,62.447,68.124,110.296,121.65,159.537,126.6,1.498,135.434,10.165,38.285,73.149,1.712,53.5,17.569,22.149,0,0,6.4,3.5,0,0,0,12.065,0.743,48.874,2.45,0,35.84,0,2952.427
35006974202,1448.78,135.32,0,26.04,34.062,68.124,0,0,0,0,2.782,17.356,4.173,30.551,20.291,6.658,0,6.431,45.325,0,0,0,1.763,7.9,0,0,14.829,0,28.396,9.523,4.494,0,2.461,1915.259
35006974400,1439.99,402.975,40.92,11.16,5.677,0,0,0,0,0.7,0,111.097,26.964,115.304,85.744,20.972,0,5.029,55.487,3.638,0,14.22,51.963,3.3,2.489,0,18.869,4.785,36.38,49.759,13.165,96.643,21.186,2638.416
35006974700,2702.62,773.115,14.88,0,11.354,0,0,0,14.579,217.2,19.581,99.192,114.405,77.822,87.759,2.782,0,14.177,48.153,0,0,28.3,13.1,0,14.135,0,41.523,11.322,47.738,110.803,8.988,10.369,0,4483.896
35007950500,2141.24,455.71,79.98,63.24,0,0,0,0,100.446,4.9,0,197.84,55.011,56.915,54.992,6.164,14.659,17.976,40.158,0,0,7.219,18.663,0,86.49,0,41.197,17.571,44.198,25.173,2.889,20.115,0,3552.746
35007950600,2131.52,285.565,74.4,55.8,56.77,0,0,0,47.266,63,0,226.868,49.13,81.695,107.534,15.943,23.54,37.828,38.342,1.391,0,28.6,29.025,0,19.143,0,24.186,7.27,56.19,40.252,5.243,50.718,0,3557.219
35007950700,6521.53,696.5,59.52,119.04,187.341,102.186,165.444,0,188.192,51.5,11.556,158.104,33.772,58.383,128.719,10.486,0,25.082,63.324,0,0,17.3,16.744,0,2.8,0,123.874,45.005,75.249,31.14,16,133.196,0,9041.986
35009000100,1386.79,58.705,52.08,189.72,96.509,90.832,0,0,3.103,71,0,211.313,51.159,83.7,68.135,6.313,0,19.155,30.127,0,0,23.5,5.781,0,5.5,6.4,49.479,8.27,83.904,96.211,23.112,47.557,0,2768.355
35009000201,2322.63,9.95,33.48,78.12,5.677,11.354,0,0,0,97.3,32.742,38.815,7.282,7.694,34.059,0,0,44.974,27.34,0,0,0,0,0,0,0,5.793,1.2,26.001,21.19,0,11.77,0,2817.371
35009000202,1766.87,31.84,55.8,133.92,79.478,11.354,0,0,0,9.1,0,22.042,3.103,28.334,18.731,0,0,12.091,5.778,0,0,0,1.4,0,0,0,4.926,2,9.737,6.313,0,28.569,0,2231.386
35009000301,2904.86,104.475,31.62,59.52,0,113.54,82.722,0,8.871,14.4,2.943,285.97,96.92,152.277,154.161,9.202,0,24.751,70.834,0,0,4.6,7.9,9.9,0.95,0,78.686,11.457,57.516,23.754,0,67.731,1.177,4380.737
35009000303,1614.93,212.93,13.02,152.52,62.447,0,0,0,0,0,4.387,28.59,9.844,35.205,33.564,0,0,26.553,16.585,0,0,0,4.3,0,0,0,14.669,8.062,11.941,0,0,13.942,0,2263.489
35009000304,3728.5,19.9,40.92,145.08,85.155,45.416,27.574,0,16.371,0,13.482,215.468,31.787,47.017,117.326,9.415,0,22.377,64.26,23.754,0,3.1,1.67,0,0,0,42.709,40.651,23.704,9.244,0,13.728,0,4788.608
35009000400,2176.68,6.965,102.3,59.52,51.093,22.708,0,0,395.579,35,0,501.414,151.043,134.406,157.566,61.418,0,7.257,106.733,0,0,42,21.6,19.3,0,0,54.769,3.37,121.969,4.577,0,19.581,301.74,4558.589
35009000500,730.422,279.595,0,0,22.708,0,0,0,0,2.1,0,42.366,52.676,30.593,27.98,0,0,0,2.846,0,0,3.465,0,0,0,0,13.733,29.7,11.663,3.531,0,12.198,0,1265.576
35009000601,660.951,164.175,5.58,0,0,0,0,0,1.712,0,0,36.826,14.862,10.604,16.82,14.98,32.1,3.745,0,0,0,0,2.2,0,0,0,10.133,47.207,10.272,6.986,9.524,29.104,0,1077.781
35009000602,2017.08,327.355,5.58,3.72,0,0,0,0,0,0,0,108.689,102.999,35.536,55.175,0,0,4.815,20.339,1.712,0,13.2,13,0,2.489,0,71.121,208.978,64.15,4.22,0,33.079,0,3093.237
35009000603,1232.52,774.11,0,22.32,0,0,0,0,7.49,0,0,34.954,77.204,35.954,25.698,4.716,0,4.387,16.748,0,0,31.365,0,23.1,100,0,12.876,149.195,16.478,5.384,0.317,46.117,0,2620.933
35009000900,704.616,18.905,273.42,37.2,45.416,0,27.574,0,5.029,355.2,0,103.748,19.154,15.397,12.458,1.605,51.966,2.175,12.84,0,0,1.155,5.289,0,0,0,1.1,1.485,7.276,15.718,0,1.284,0,1720.01
35011960100,1395.49,265.665,48.36,22.32,0,11.354,0,0,24.209,0.9,10.486,96.155,4.387,27.159,47.56,3.745,0,4.761,36.012,0,0,3.2,2,0,0,0,22.856,43.2,33.833,12.059,2.14,39.163,0,2157.014
35013000102,2048.58,24.875,18.6,48.36,11.354,34.062,0,60.825,0,0,0,109.943,11.12,17.217,36.779,0,0,9.844,31.888,1.391,0,5.775,3.062,1.8,0,0,13.126,8.166,14.766,12.305,0,13.589,0,2537.428
35013000103,798.864,988.035,72.54,52.08,0,0,0,0,1.017,0,0,21.811,2.14,38.289,37.804,1.942,0,5.286,5.242,0,0,0,1.8,0,0,0,19.394,2.742,2.675,0,0,0,0,2051.661
35013000104,2365.18,326.36,109.74,14.88,0,0,0,0,0,0,0,23.813,6.431,8.325,41.41,0,0,0.856,16.585,0,0,2.5,0,0,0,0,20.86,8.18,22.149,0,0,13.375,0,2980.644
35013000201,1143.6,951.22,0,74.4,0,34.062,0,121.65,136.639,202,0,505.131,282.18,204.65,249.965,7.283,0,15.978,60.046,0,0,92.564,28.679,45,11.011,0,172.975,32.978,28.051,64.677,26.858,2.675,0,4494.271
35013000202,2285.79,593.02,42.78,40.92,11.354,0,0,0,19.472,0.8,0,39.696,55.458,47.737,32.824,0,0,1.25,8.239,0,0,11.599,4.001,0,0,0,18.184,11.392,15.301,0,0,33.074,0,3272.891
35013000300,1557.52,82.585,40.92,70.68,232.757,56.77,0,0,7.022,0,0,162.39,31.835,54.913,105.556,4.601,0,11.691,51.149,1.605,0,22.649,12.751,2.2,0.92,0,28.838,3.2,31.112,0,0,22.684,0,2596.348
35013000401,983.994,19.9,100.44,204.6,28.385,22.708,0,60.825,0,0,32.635,34.024,44.729,73.48,47.964,0,0,14.659,9.311,2.247,0,1.4,5,1.2,0,3.621,11.555,6.09,77.805,2.675,22.898,15.633,0,1827.778
35013000402,2294.49,435.81,29.76,26.04,45.416,56.77,27.574,60.825,0,8,4.494,178.508,121.279,87.347,65.241,4.173,0,10.133,111.625,0,0,9.655,8.7,1.6,0,0,48.928,2.54,22.379,35.695,5.35,35.458,0,3737.79
35013000500,1183.15,70.645,111.6,29.76,28.385,34.062,27.574,0,27.419,109.9,0,257.666,130.346,189.971,302.193,30.289,0,31.25,100.668,1.391,0,10,57.162,29.9,0,0,87.408,52,89.328,92.186,0,48.256,110.852,3243.361
35013000600,874.038,0,189.72,178.56,0,68.124,82.722,0,26.215,21,6.313,238.9,67.773,239.017,511.062,45.475,11.877,75.347,120.186,2.461,0,5.775,31.55,15.399,0,0,38.009,13.435,46.675,59.546,0,276.25,0,3245.429
35013000700,2297.11,0,61.38,111.6,124.894,306.558,0,60.825,0,18.9,0,66.497,26.749,60.5,108.54,2.428,0,20.255,10.117,1.082,0,85,21.944,0,0,0,14.118,10.715,29.828,0.303,0,25.038,9.298,3473.679
35013000800,1030.56,0,102.3,126.48,193.018,147.602,82.722,0,16.585,0,0,37.957,5.35,24.396,43.138,2.782,0,14.338,37.665,0,0,5.2,3.882,0,0,1.7,3.513,0,45.236,0,0,17.119,0,1941.543
35013000900,1161.55,318.4,407.34,212.04,221.403,510.93,413.61,60.825,261.829,20.3,13.91,220.043,39.942,171.523,161.518,14.445,0,32.721,135.134,1.605,0,7.9,9.868,0,0,0,28.009,3,127.255,0,0,35.863,0,4590.962
35013001000,344.454,0,126.48,215.76,204.372,68.124,82.722,121.65,0,728.1,0,1.284,1.391,4.387,10.256,0,0,0,0,0,0,0,0,0,0,0,0,0,1.498,60.669,0,25.156,0,1996.303
35013001102,1347.43,58.705,61.38,200.88,51.093,0,0,0,3.317,0,0,38.288,18.759,29.032,30.475,0,0,9.473,32.179,0,0,8.8,0,7.401,4.9,0,29.594,17.259,13.351,12.091,3.424,15.28,0,1993.111
35013001103,1779.87,434.815,55.8,44.64,0,0,0,0,2.14,0,0,9.759,34.881,11.824,33.961,0,0,0,22.157,0,0,47.71,1.881,3.1,0,0,31.847,21.032,0,0,0,13.589,0,2549.006
35013001104,1094.51,760.18,91.14,0,0,124.894,27.574,0,1.605,0,0,32.961,22.256,6.953,144.613,0,0,10.272,14.982,0,0,101.61,5.299,2.1,0,0,12.586,20.155,20.009,0,0,30.816,9.523,2534.038
35013001201,6542.1,528.345,26.04,215.76,817.488,454.16,55.148,425.775,23.218,66.5,190.247,243.663,26.655,28.161,161.344,8.558,62.168,70.771,64.162,0,0,1.7,55.69,0,0,0,39.676,29.188,45.685,14.507,0,61.322,0,10258.03
35013001203,1593.8,0,52.08,133.92,261.142,317.912,110.296,121.65,26.001,0,10.166,169.427,54.148,63.559,134.084,19.703,9.63,161.621,66.261,0,0,0,28.203,0,0,0,34.297,2.542,8.988,9.415,0,15.942,0,3404.787
35013001204,3167.78,92.535,0,11.16,0,0,0,0,0,0,0,25.609,6.531,7.073,51.729,0,0,10.039,23.703,0,0,1.6,8.615,0,0,0,23.379,6.88,6.04,0,0,0,0,3442.673
35013001205,2249.14,18.905,0,96.72,68.124,170.31,27.574,121.65,0,102.9,42.051,27.756,17.879,17.474,39.796,2.568,293.608,49.722,8.261,0,0,3,0,0,0,0,21.705,0,11.063,1.514,8.559,0,0,3400.279
35013001303,2750.3,819.88,18.6,0,0,0,0,0,0,98,4.147,53.991,26.7,32.007,49.343,0,0,4.974,12.202,0,0,1.8,16,80.9,0,0,80.113,43.101,4.321,0.605,6.349,13.974,0,4117.308
35013001304,1955.27,1181.07,0,0,0,0,0,0,0,0,0,16.319,23.283,23.444,227.162,0,0,5.188,22.15,0,0,79.502,0.955,1.1,0,0,24.244,1.572,13.481,0,0,19.699,0,3594.439
35013001305,638.698,1398.97,0,0,0,0,0,0,4.387,0,0,19.377,19.585,11.397,19.188,0,0,0,12.573,0,0,0,2.126,0,0.622,0,26.736,11.199,8.025,16.478,0,0,0,2189.361
35013001306,5046.85,222.88,96.72,11.16,153.279,22.708,27.574,0,3.772,14.7,7.358,29.459,60.569,54.69,63.916,0,31.886,10.238,11.706,0,0,21.61,0.999,0,0,0,26.55,2.642,12.948,0,0,14.338,0,5948.552
35013001307,1734.61,1151.21,0,0,0,0,0,0,2.996,0,0,15.948,37.024,13.577,102.822,0,0,11.128,4.28,0,0,18.7,2.644,0,0,0,17.141,3.802,0,0.605,0,0.973,0,3117.46
35013001400,1489.17,700.48,0,3.72,56.77,0,0,0,6.701,17.5,0,100.178,87.234,24.474,63.222,13.507,0,2.782,18.727,0,0,21.4,3.481,150.001,0,0,9.869,92.229,24.182,5.951,6.481,41.194,21.185,2960.438
35013001500,3085.97,467.65,0,26.04,0,0,0,0,5.349,74.7,0,50.305,112.592,42.148,169.484,0,0,0,7.438,0,0,9.1,18.325,11.3,0,4.8,92.306,32.87,11.209,9.039,7.301,29.104,1.177,4268.207
35013001600,960.432,314.42,20.46,40.92,0,0,0,0,0,0,0,9.742,3.642,7.052,8.462,0,0,0.984,2.247,0,0,0,0,10.7,0,0,2.8,12.825,2.675,1.514,0,3.745,0,1402.62
35013001701,2496.17,9.95,7.44,89.28,136.248,90.832,55.148,0,0,0,0,32.648,155.147,27.917,290.085,0,70.154,28.365,60.776,2.165,0,139.297,84.307,115,128.6,0,35.969,35.242,27.391,17.533,6.349,80.938,20.437,4243.388
35013001702,708.263,172.135,0,0,0,0,0,0,0,0,0,0,1.016,4.142,12.8,0,0,0,12.84,0,0,0,0,46.8,0,0,5.856,16.227,0,0,0,34.057,0,1014.136
35013001703,1426.62,175.12,14.88,14.88,0,0,0,0,5.35,0,0,11.24,9.458,10.176,3.909,0,0,0,9.898,0,0,28.084,0,3.1,0,0,27.578,21.611,42.016,0,0,27.078,0,1830.998
35013001705,684.42,300.49,18.6,0,0,0,0,0,0,0,0,18.536,18.319,17.334,27.841,0,14.445,1.926,19.051,0,0,7.654,4.1,0.8,0,0,15.883,2.071,7.383,1.177,0,13.589,0,1173.619
35013001706,758.472,135.32,106.02,96.72,17.031,0,27.574,0,0,0,0,6.464,21.175,20.128,24.642,0,0,1.729,0,0,0,0,185.078,10.2,5,0,26.78,2.3,12.453,7.49,0,26.322,0,1490.898
35013001707,743.886,553.22,83.7,104.16,68.124,0,27.574,0,1.819,0,0,17.209,17.475,15.045,15.903,0,0,3.745,1.284,0,0,0,1.763,5.5,0,0,10.87,0.96,3.506,5.222,0,13.589,0,1694.554
35013001801,1404.46,1067.64,0,0,0,0,0,0,0,0,0,27.826,90.736,28.291,51.736,0,0,0,11.772,0,0,11.7,3.9,34.6,0,0,36.15,118.59,40.013,6.295,0,20.33,0,2954.039
35013001802,918.918,1236.79,0,0,0,0,0,0,0,0,0,53.548,193.04,30.478,18.324,9.309,0,3.013,11.827,0,0,18.155,13.201,2.9,0,0,10.903,75.504,8.667,25.465,0,48.256,0,2678.298
35013001804,831.122,1685.53,0,52.08,0,0,0,0,0,9.1,0,52.628,20.396,21.839,40.26,0,0,0,11.451,7.577,0,5.11,1.4,2.1,0,0,38.386,14.509,24.683,0,0.317,31.475,0,2849.963
35013001805,665.346,501.48,61.38,0,0,0,0,0,0,0,0,0.674,0,4.986,0,0,0,0,0,0,0,0,0,0,0,0,1.3,2.3,6.996,0,0,13.482,0,1257.944
35013001806,1129.85,342.28,78.12,63.24,158.956,22.708,0,0,1.605,0,2.354,15.823,3.538,38.306,41.908,0,0,14.124,8.453,0,0,0,0,0,2.2,0,8.401,0.99,34.775,17.431,0,16.692,0,2001.754
35013001900,788.392,7.96,0,29.76,0,11.354,27.574,0,0,209.6,0,10.379,2.354,27.617,26.724,0,0,0,9.33,0,0,24.8,5.1,0,0,0,0,0,22.47,252.2,0,29.874,1.926,1487.414
35015000100,840.098,0,27.9,11.16,5.677,22.708,27.574,0,11.556,57.6,19.367,276.522,95.618,103.191,180.42,37.771,29.88,27.375,76.202,2.996,0,0,29.362,3,10.944,0,61.025,9.97,50.536,37.856,3.638,27.82,4.958,2092.724
35015000200,2849.32,132.335,0,11.16,11.354,22.708,27.574,60.825,6.42,42.7,1.712,18.985,55.56,97.255,73.839,0,0,10.483,8.669,0,0,3.9,4.381,13.799,13.004,0,35.031,200.25,20.026,0.578,6.349,11.872,0,3740.089
35015000300,2984.43,0,59.52,107.88,17.031,124.894,55.148,0,1.605,146.1,64.95,120.758,33.291,88.975,143.719,8.988,0,31.467,43.819,2.568,0,5.9,3.381,5.2,2.1,0,19.088,5.845,109.239,37.022,0,47.08,0,4269.998
35015000401,1732.18,231.835,0,14.88,34.062,11.354,0,60.825,5.029,2,0,139.123,8.239,28.558,38.322,0,0,65.561,19.798,8.56,0,2.254,1.5,0,11.108,0,11.523,1.343,43.869,8.774,0,16.585,42.906,2540.188
35015000402,2146.39,19.9,0,14.88,22.708,22.708,82.722,60.825,0,0.7,0,20.579,5.568,20.427,5.95,0,0,0,16.832,0,0,0,3.1,0,0.999,0,18.022,0.743,37.787,0,0,5.687,0,2506.527
35015000500,1686.37,10.945,89.28,26.04,34.062,45.416,0,0,0,0,0,13.58,18.19,39.986,19.138,0,0,5.376,16.323,0,0,0,0,0,0,0,6.326,4.6,82.662,0.877,0,47.594,0,2146.765
35015000600,1842.89,530.335,7.44,104.16,11.354,0,0,0,164.672,1.6,0,197.718,138.757,69.929,42.642,1.605,0,0.544,72.492,0,0,17.501,4.7,0,4.4,0,30.311,14.932,15.491,13.076,0,29.532,0,3316.081
35015000700,1922.83,841.77,26.04,18.6,68.124,0,0,0,13.295,11.2,0,28.968,83.284,26.561,113.851,0,0,0.824,26.916,4.494,0,28.8,53,41.7,199.322,0,39.151,43.396,24.305,0.908,5.667,0.974,0,3623.98
35015000800,787.644,299.495,0,0,0,0,0,0,0,0,3.679,7.383,17.013,6.313,1.995,2.247,0,2.996,0,0,0,0,0,0,5.4,0,2.1,8.022,9.243,4.844,6.666,31.669,0,1196.709
35015000900,1916.75,770.13,7.44,0,0,0,0,0,0,0,0,32.509,99.997,87.334,43.875,0,0,0,18.725,0,0,11.001,3.963,6.499,112.211,0,33.884,108.66,10.931,10.098,0.317,0,0,3274.323
35015001000,2337.97,437.8,132.06,212.04,22.708,0,27.574,0,32.1,282.2,16.157,267.496,220.507,124.093,138.092,51.919,22.363,35.087,91.225,7.597,0,28.265,6.981,32.6,83.719,0,49.213,45.53,115.632,35.393,33.705,40.819,0,4930.845
35015001100,3583.29,220.89,113.46,48.36,0,0,0,0,26.215,0,0,74.538,38.412,63.574,46.488,0,0,14.479,41.31,0,0,3.464,4.6,3.9,20.539,0,98.202,9.685,65.835,3.317,0,32.042,0,4512.6
35017964100,1475.43,611.925,0,0,0,0,0,0,34.7,0,5.564,16.919,20.358,21.635,40.072,2.955,0,5.624,29.376,0,0,7.2,6.044,0,1.867,0,34.195,14.436,24.601,32.989,10.159,7.361,0,2403.41
35017964200,988.763,452.725,0,22.32,0,0,0,0,1.017,7,0,13.595,6.792,8.68,19.029,0,0,1.712,1.177,0,0,2.401,0,0,0,0,16.351,17.267,16.453,2.118,4.28,13.161,0,1594.841
35017964300,3005.56,501.48,68.82,52.08,113.54,79.478,82.722,0,74.726,95.2,21.828,84.265,28.589,55.59,90.732,0,128.828,24.04,21.722,0,0,7.91,6.662,2.5,0,0,34.387,4.282,56.109,24.813,5.136,74.456,321,5066.456
35017964400,1182.31,926.345,135.78,40.92,45.416,0,0,0,21.869,35.4,0,297.573,37.243,122.506,176.587,19.474,0,58.219,135.189,0,0,3.3,19.243,0,4.5,0,65.794,5,87.501,33.672,14.659,41.316,0,3509.816
35017964500,1120.6,363.175,31.62,22.32,51.093,0,0,0,3.424,108.5,1.712,29.705,22.378,29.062,7.879,0,0,0,7.494,0,0,3.2,0,0,0,0,15.742,3.84,19.26,0.605,0,28.672,0,1870.281
35017964600,1180.62,398,26.04,22.32,51.093,11.354,0,0,3.531,0,0,39.251,41.944,5.81,14.787,8.667,0,2.247,21.669,0,0,1,2.2,8.3,45,0,12.273,1.68,32.047,6.347,8.889,107.427,0,2052.496
35017964700,2386.12,1083.56,16.74,40.92,0,0,0,0,38.655,57.4,4.173,260.261,91.822,84.712,96.936,1.605,8.988,44.512,57.941,12.405,0,0,10.985,31.5,16.533,0,158.208,19.382,39.761,38.167,10.159,2.14,21.695,4635.28
35017964800,1056.27,206.96,18.6,0,0,0,0,0,3.21,0,0,5.489,11.124,4.879,8.672,0,0,0,0.76,0,0,0,0,0,65.5,0,6.897,6.47,31.531,4.17,0,7.811,0,1438.343
35019961600,2000.81,626.85,5.58,70.68,17.031,11.354,0,60.825,168.876,60.1,7.358,139.746,30.287,65.883,45.434,6.944,23.111,21.465,52.237,1.498,0,2.311,1.5,0,0,0,15.233,14.899,54.923,59.971,7.957,73.344,0,3646.208
35021000100,521.73,146.265,3.72,3.72,0,0,0,0,1.605,0,0,7.866,13.589,6.634,3.638,0.971,0,3.317,8.132,0,0,0,4.407,1.2,0,0,9.1,20.2,7.383,4.262,0,33.812,0,801.551
35023970000,963.518,443.77,0,22.32,0,0,0,0,10.941,3.6,0,35.428,16.631,8.1,121.189,0,0,1.284,19.955,0,0,1.3,0,18.4,4.4,0,9.45,50.36,13.35,22.979,1.27,32.849,0,1801.094
35023970200,1231.4,249.745,37.2,0,0,0,27.574,0,31.993,25.4,22.898,156.561,14.024,54.464,30.273,10.659,0,15.943,44.089,0,0,0,3.6,0,0,0,8.653,0.99,30.529,17.117,11.235,50.627,0,2074.974
35025000100,893.393,158.205,130.2,0,0,45.416,55.148,60.825,4.922,13.9,0,185.787,96.224,81.221,130.691,22.256,3.103,55.512,115.094,0,0,5.7,32.581,0,23.733,0,41.089,3.235,106.554,80.357,17.227,31.812,0,2394.185
35025000200,985.677,436.805,31.62,0,34.062,0,0,0,42.037,5.6,0,95.665,299.085,160.854,72.795,0,0,11.984,26.277,0,0,62.429,18.4,8.8,106.211,0,47.453,0,25.275,2.782,0,25.145,0,2498.955
35025000300,1431.95,143.28,44.64,0,11.354,22.708,0,0,0,4.9,0,35.85,9.844,28.187,16.21,0,0,6.837,14.766,0,0,1.5,1.3,0,9.3,0,9.295,0.95,39.433,0,0,23.861,0,1856.165
35025000400,701.25,290.54,37.2,133.92,34.062,45.416,55.148,0,55.747,0,0,35.359,1.016,22.299,18.726,0,0,2.174,23.754,0,0,65,0,16.6,0,0,1.85,0,31.499,0,0,38.948,0,1610.508
35025000502,2884.48,189.05,26.04,29.76,79.478,45.416,137.87,60.825,2.033,10.5,0,74.002,76.294,43.092,50.349,4.066,0,15.049,38.948,0,0,0,0,9.9,2.59,0,64.654,9.417,31.499,0,4.28,38.231,0,3927.823
35025000503,1514.79,221.885,98.58,159.96,28.385,56.77,0,0,0,0,0,110.387,20.123,70.311,82.415,5.885,0,29.755,33.973,0,0,1.1,3.944,0,5.989,0,19.391,2.27,57.22,0.663,0,29.036,0,2552.832
35025000504,1930.21,0,107.88,66.96,56.77,56.77,27.574,60.825,30.067,0,16.773,178.847,1.177,44.642,117.964,6.099,1.712,9.714,30.176,2.461,0,11.6,2.3,0,29.46,0,14.599,5.242,26.791,1.391,0,12.733,0,2850.737
35025000600,3200.69,95.52,0,0,0,0,0,60.825,0,77.7,21.721,146.504,119.336,172.413,146.08,23.861,0,14.991,81.544,1.498,0,23,5.244,0,118.222,0,61.424,7.274,35.54,29.767,0,31.431,0,4474.585
35025000701,453.008,265.665,0,0,0,0,0,0,0,0,0,34.825,20.972,14.273,37.776,0,0,0,1.767,2.165,0,19.3,2.757,0,15.147,0,14.691,11.309,60.294,2.14,0,0,0,956.089
35025000702,509.108,340.29,0,0,34.062,0,0,0,0,258.3,18.618,99.032,55.82,18.511,128.782,0.971,117.7,32.957,68.91,0,0,28.764,0,0,42.43,0,22.395,25.402,9.243,12.828,13.957,5.992,353.956,2198.028
35025000703,1100.68,148.255,0,0,0,0,0,0,43.656,45.5,0,6.977,19.741,7.632,30.625,0,0,8.89,8.937,0,0,11.5,6.412,8,9.74,0,13.213,2.354,13.696,0,0,0,155.257,1641.065
35025000704,873.758,409.94,0,0,5.677,0,0,0,0,0,0,24.337,22.262,14.65,10.286,0,0,0,0,0,0,1.5,0.791,0,5.194,0,17.347,4.826,22.848,0,0,0,0,1413.416
35025000800,1583.24,209.945,29.76,0,56.77,0,0,0,5.136,0,0,48.567,60.458,9.673,18.612,1.712,0,4.528,17.25,0,0,6,0,0,114.617,0,13.107,3,145.435,3.35,6.667,30.281,0,2368.108
35025000900,1447.47,97.51,1.86,0,0,0,0,0,5.029,0,0,30.847,14.338,17.206,13.172,2.354,0,5.778,18.94,0,0,0,1.763,0,31.067,0,1.97,5.86,41.516,11.822,6.206,37.878,0,1792.586
35025001003,1863.36,104.475,37.2,7.44,0,0,0,0,14.124,68.9,18.19,54.642,45.91,49.554,80.614,6.099,0,7.383,8.883,3.247,0,2,1.8,0,35.288,0,15.923,0.81,41.894,1.482,0,71.681,0,2540.899
35025001004,1426.16,309.445,0,0,5.677,0,0,0,0,0,0,8.453,29.849,32.156,27.864,0,48.257,11.59,4.815,0,0,1.155,4.463,0,7.294,0,15.123,0,21.293,0,0,0,0,1953.594
35025001005,1140.23,437.8,98.58,0,0,0,0,0,22.684,0,0,182.842,17.448,42.46,96.52,8.025,0,6.313,38.203,3.531,0,2,5.5,0,15.118,0,10.593,5.185,41.771,34.12,19.795,37.45,0,2266.168
35025001100,2020.72,530.335,11.16,0,11.354,0,0,0,7.411,0,0,21.583,51.227,33.421,54.095,1.712,0,1.926,10.221,0,0,1.155,0,18.801,99.857,0,47.465,83.8,25.679,27.371,3.175,25.894,0,3088.362
35027960200,1166.97,288.55,39.06,7.44,0,11.354,0,0,17.067,22.4,3.531,26.997,37.343,25.712,28.316,33.812,0,0,38.093,0,0,0.54,0,0,0,0,9.639,25.582,22.634,34.447,7.597,27.403,0,1874.487
35027960300,1661.96,594.015,0,3.72,0,0,0,0,19.313,0,0,56.805,9.298,20.962,30.595,2.354,0,5.778,15.198,0,0,1.5,4.9,0,1.3,0,39.233,13.84,40.808,14.242,0,37.178,0,2572.999
35027960400,4685.75,1365.14,107.88,85.56,113.54,79.478,0,0,142.459,0,0,99.803,82.612,25.904,70.315,0,0,7.501,176.176,0,0,14.7,4.563,4.9,15.5,0,58.63,47.732,29.548,4.134,0.634,16.057,0,7238.515
35027960600,7097.68,1132.31,180.42,171.12,357.651,193.018,55.148,60.825,204.65,0,0,348.65,120.522,82.811,309.537,19.677,16.264,32.662,142.443,0,0,18.255,30.12,0,9.946,0,171.096,22.888,78.561,27.499,16.799,72.118,21.186,10993.86
35027960800,2583.41,278.6,0,74.4,62.447,79.478,0,0,165.743,0,0,164.977,72.787,36.084,65.12,19.003,22.898,25.22,81.536,0,0,5.6,21.269,8.1,0,0,23.847,15.691,48.176,4.686,0,0.552,0,3859.624
35028000100,3430.14,143.28,18.6,3.72,39.739,0,0,0,9.951,0,0,8.602,8.263,4.548,46.542,0,0,11.396,11.558,0,0,2.31,4.59,77.001,0,0,3.03,3.1,11.251,0,0,0,0,3837.621
35028000200,2909.91,19.9,189.72,159.96,45.416,0,0,0,6.488,1,0,34.821,7.704,38.468,47.033,1.926,60.027,29.986,16.869,1.391,0,1.1,21.112,0,0,0,18.066,3.789,131.774,0,0,19.366,0,3765.826
35028000400,1409.42,171.14,55.8,96.72,73.801,215.726,358.462,182.475,117.272,51.9,29.639,142.94,112.35,81.332,329.168,108.992,3.638,62.849,103.117,10.058,0,22.8,64.735,3.8,0,16.801,54.256,5.442,171.103,67.192,16.264,52.964,0,4192.156
35028000500,4772.61,0,0,55.8,11.354,0,0,0,8.025,0,0,55.808,6.804,46.471,99.885,3.959,0,11.92,45.583,8.239,0,2.7,7.72,3.7,6,0,16.4,4.87,37.4,3.852,0,11.605,0,5220.705
35029000100,1831.1,751.225,13.02,159.96,22.708,0,55.148,0,28.047,0,0,349.24,129.586,26.078,34.79,0,0,8.765,22.048,0,0,12.5,21.325,23.9,2.845,0,27.398,79.601,18.675,18.939,0,12.84,0,3649.738
35029000200,1216.25,665.655,44.64,0,11.354,0,0,0,0,0,0,62.819,23.129,29.66,20.088,0,0,4.644,6.208,0,0,1.7,3.063,0,0,0,16.057,19.742,25.252,5.2,0,15.729,0,2171.19
35029000300,864.501,57.71,29.76,156.24,17.031,0,0,0,0,38.5,0,28.984,23.026,42.191,41.54,11.663,53.5,22.397,21.789,0,0,1.7,4.1,0,0,0,14.386,8.3,41.96,22.042,6.206,48.15,0,1555.676
35029000400,1724.7,1258.68,14.88,52.08,11.354,0,0,0,21.775,1.4,0,69.555,85.342,42.223,37.84,0,0,7.097,32.903,0,0,20.72,5.6,44.599,0.6,0,28.645,62.989,25.338,15.941,21.587,23.663,0,3609.51
35029000500,1517.79,725.355,26.04,7.44,51.093,11.354,0,0,84.837,4.2,0,75.08,29.441,60.963,59.119,5.349,15.408,14.127,33.343,2.165,0,4.8,7.869,2,5.5,0,21.114,43.178,46.347,8.476,0,0,0,2862.388
35029000600,840.378,100.495,42.78,33.48,34.062,45.416,0,0,171.052,63.2,0,156.67,4.269,70.514,44.975,5.671,1.712,14.659,98.88,1.082,0,3.8,9.4,0,0,0,24.189,0,38.069,27.265,24.396,25.584,0,1881.998
35031940300,1876.55,302.48,16.74,37.2,0,0,0,0,7.169,1.8,0,37.909,12.105,62.143,16.237,0.974,0,3.424,11.663,0,0,0,1.763,7.9,0,0,0,0,0,25.787,4.066,84.017,0,2509.927
35031940500,339.966,137.31,0,0,11.354,0,0,0,0,7.2,0,23.505,2.361,10.379,12.625,0,0,5.028,0,0,0,0,0.882,0,0,0,0,0,2.14,1.926,5.029,3.21,0,562.9152
35031943500,1397.45,154.225,14.88,3.72,0,0,0,0,0,67.8,0,0,0,0,0,0,0,0.544,0,0,0,0,0,0,0,0,0,0,5.259,0.621,0,0,0,1644.499
35031943600,2013.99,428.845,3.72,0,0,0,0,0,4.815,0,0,26.515,6.313,5.457,6.058,0,0,0,7.49,0,0,0,0,0,0,0,8.19,0,23.449,1.801,0,11.021,0,2547.664
35031943700,1464.49,334.32,20.46,11.16,0,0,0,0,0,21.7,3.745,2.996,4.28,5.243,1.712,0,1.299,44.031,0,0,0,0,0,0,0,0,0.95,0,5.778,5.42,0,53.179,0,1980.763
35031943800,1882.72,493.52,22.32,14.88,0,0,0,0,0,0,0,7.276,3.531,8.239,8.346,0,0,0,0,0,0,0,0.78,0,0,0,2,0,3.506,10.961,0,21.079,0,2479.158
35031943901,1487.49,524.365,3.72,0,0,0,0,0,0,9.8,0,11.431,7.742,11.45,9.644,4.601,0,2.664,3.21,0,0,0,4,4.1,0,0,6.39,0.742,18.593,17.225,0,8.774,0,2135.941
35031943902,1032.52,602.97,0,0,0,0,0,0,0,0,0,143.341,30.281,67.753,40.96,0,0,0.544,17.494,0,0,0,3.281,2.2,26.4,0,14.69,4.1,57.557,35.968,19.86,34.347,0,2134.266
35031944000,853.842,160.195,1.86,3.72,5.677,0,0,0,0,0,0,11.021,0,15.087,6.784,0,25.145,1.631,0.589,0,0,1.2,0,7,5.6,0,0.663,6.5,16.478,58.307,13.546,238.809,2.461,1436.115
35031945200,1545.56,792.02,117.18,70.68,107.863,0,0,0,283.123,23,4.708,192.306,125.722,95.854,123.326,8.453,0,4.102,66.876,0,0,0.6,8.281,10.2,0,0,34.382,0,20.437,2.194,0,61.632,0,3698.499
35031945300,703.494,169.15,115.32,159.96,17.031,0,0,0,39.376,60.8,10.807,190.368,108.626,69.282,41.036,2.462,0,10.486,67.949,0,0,2.3,18.5,9.8,0,0,10.739,0,40.207,0,0,31.137,0,1878.83
35031945400,1240.09,40.795,104.16,182.28,39.739,45.416,0,0,27.847,7.7,3.745,356.017,117.321,143.642,151.262,35.738,0,32.421,95.319,2.14,0,38.159,14.926,2.2,0,0,18.94,1.6,76.669,93.472,9.523,40.496,0,2921.617
35031945500,3018.74,0,212.04,107.88,119.217,68.124,0,0,73.83,44.8,13.268,119.279,105.939,72.289,77.745,4.387,160.5,108.804,36.649,0,0,5.5,15.162,0,0,0,84.664,6.701,111.394,19.105,7.918,76.036,22.256,4692.228
35031945600,1162.86,811.92,0,3.72,45.416,0,0,0,24.182,135.3,0,15.498,48.919,34.059,31.066,4.922,7.749,7.062,8.239,0,0,2.9,9.706,12.2,0,0,23.349,0,18.404,15.943,21.614,22.577,0,2467.605
35031945700,925.276,175.12,0,0,0,0,0,0,5.243,0,0,11.128,0,0.845,1.842,0,0,0.544,2.356,0,0,0,0,0,0,0,1.62,0,28.355,5.778,2.54,11.877,0,1172.524
35031946000,1901.51,500.485,0,40.92,28.385,0,0,0,8.306,0,0,43.057,10.689,15.515,35.811,0.824,0,0.544,11.13,0,0,0,7.541,0,2.8,0,4.589,2.342,16.214,2.622,0,54.223,0,2687.507
35031973100,696.201,159.2,0,14.88,0,0,0,0,2.033,5.6,0,14.948,12.466,3.424,12.016,0,0,0.824,5.243,0,0,0,1.4,0,2.3,0,10.5,6.657,9.887,8.56,6.667,38.948,0,1011.754
35033955200,3213.13,910.425,0,7.44,5.677,11.354,0,0,0,5.6,20.865,35.986,26.739,21.688,26.244,4.832,0,14.86,10.649,0,0,6.99,3.3,1.3,3.38,0,22.839,47.47,28.025,14.969,19.494,54.25,0,4517.505
35035000100,834.768,23.88,87.42,0,0,0,0,0,5.457,14,0,218.999,25.946,90.599,101.101,32.742,0,80.096,38.416,0,0,2.5,15.5,0,0,0,24.711,3.107,62.422,32.635,0,117.375,0,1811.674
35035000200,996.055,26.865,120.9,33.48,28.385,0,0,0,6.848,9.8,0,45.646,7.4,43.158,79.327,0,0,17.559,37.343,0,0,0,0,0,0,0,28.457,3.93,64.735,56.879,0,52.109,0,1658.876
35035000303,1086.28,200.99,27.9,74.4,0,0,0,0,0,18.9,0,34.392,15.697,20.769,10.318,0,5.347,4.657,17.416,0,0,8.465,12,0,0,0,14.1,12.922,12.733,0,0,12.412,2.461,1592.159
35035000304,1877.2,206.96,52.08,0,0,0,0,0,27.819,133,19.581,67.551,92.914,40.886,57.758,2.675,29.963,26.2,11.645,2.675,0,17.41,0.98,0,0,0,44.346,3.901,7.425,14.549,0,0.995,5.136,2743.649
35035000305,2097.02,71.64,66.96,33.48,34.062,11.354,27.574,0,0,16.1,2.675,23.232,12.305,36.299,27.962,0,0,16.157,4.709,0,0,0,3.563,1.6,0,0,6.029,2.96,30.602,2.568,0,47.508,0,2576.359
35035000306,1860.56,31.84,13.02,37.2,0,11.354,0,60.825,0,0,0,40.075,1.284,11.235,20.203,0,0,12.605,0,0,0,0,2.3,0,0,0,10.2,4.027,37.844,0,0,10.593,28.89,2194.055
35035000401,2942.73,0,52.08,96.72,62.447,34.062,27.574,60.825,0,61.6,23.326,13.977,4.174,39.912,252.514,0,0,3.022,16.05,0,0,1.7,0,32.7,0,0,12.971,4.222,33.085,2.996,0,38.038,0,3816.725
35035000402,2892.7,789.035,52.08,66.96,164.633,102.186,0,60.825,88.917,9.1,0,202.776,45.895,61.217,126.582,5.671,3.897,5.992,94.459,0,0,7.374,3.3,0,0,0,42.791,3.855,37.546,3.262,0,22.578,0,4893.631
35035000500,1039.25,1513.4,0,78.12,11.354,22.708,0,0,5.203,15.4,0,276.933,82.877,78.688,64.361,0,0,11.03,87.132,10.058,0,14.5,48.8,8.7,0,0,123.3,17.697,45.374,28.73,0,6.11,0,3589.725
35035000601,1177.73,5.97,83.7,100.44,22.708,0,0,0,1.712,439.4,0,72.868,5.671,20.294,41.605,1.177,0,2.174,10.914,0,0,2.6,6,0,0,0,0.84,10.395,19.284,107.664,0,41.542,5.564,2180.252
35035000602,625.515,617.895,0,0,0,0,0,0,0,21.4,0,28.122,26.471,7.597,15.402,0,0,0,0,0,0,0,7.2,0,0,1.1,14.34,1.16,3.103,1.712,5.136,0,0,1376.153
35035000603,1019.71,574.115,0,0,0,0,0,0,41.141,0,0,62.729,37.951,36.788,26.945,0,0,0,9.849,0,0,6.165,21.901,1.4,0,0,42.452,15.89,21.079,0.908,0,0,0,1919.023
35035000700,2186.5,1295.49,37.2,40.92,45.416,11.354,27.574,0,6.487,0,0,46.151,30.763,30.976,56.789,10.7,0,5.252,53.844,0,0,10.9,6.89,8.8,3.1,0,41.849,42.915,28.988,8.751,4.762,31.565,0,4073.936
35035000901,4837.22,769.135,9.3,11.16,11.354,11.354,0,0,199.685,3.5,0,66.318,27.54,16.842,68.391,5.992,0,2.569,20.548,0,0,9.999,6.169,0,0,0,35.179,21.336,73.137,14.975,13.651,30.454,0,6265.809
35035000902,2269.53,2075.57,0,0,0,0,0,0,70.337,118,0,21.886,20.959,8.078,46.07,0,0,0,13.906,2.14,0,7.054,4.7,0,0,0,15.376,10.917,11.745,4.066,19.047,4.494,0,4723.875
35035940000,992.97,201.985,22.32,0,0,0,0,0,188.427,30.1,9.309,22.097,2.461,1.284,16.858,0,0,14.873,5.029,0,0,21.539,0,0,2.6,0,24.805,3.548,16.264,68.177,5.243,71.288,0,1721.177
35037958601,1634.29,296.51,7.44,22.32,22.708,0,0,60.825,142.968,0,1.472,172.381,18.619,41.025,21.476,1.391,40.339,10.127,49.327,0,0,7.2,2.081,0,0,0,18.611,11.48,125.519,8.612,6.634,22.256,0,2745.611
35037958602,1401.38,334.32,61.38,40.92,5.677,0,0,0,14.258,2.2,11.984,147.311,13.967,92.344,88.854,36.059,5.197,34.989,23.971,3.851,0,7.1,8.082,14,0,0,17.35,5.184,54.905,46.966,3.959,15.622,0,2491.831
35037958900,1817.27,824.855,14.88,18.6,5.677,0,0,0,49.605,0,12.962,92.529,40.276,66.238,53.732,0,0,10.02,14.664,0,0,11.01,1.1,41.401,1,0,25.793,94.238,37.614,21.664,6.495,43.121,0,3304.744
35039000100,1560.98,520.385,46.5,0,0,0,0,0,14.231,0,0,18.918,0,6.955,8.253,0,0,1.926,15.944,0,0,0,15,2.9,0,0,15.27,5.342,8.667,1.211,0,18.733,0,2261.215
35039000200,1732.09,549.24,13.02,29.76,0,0,0,0,0,4.2,0,55.912,4.066,8.634,16.748,0,0,6.42,5.567,0,0,3.71,5.8,9.4,0,0,8.89,3.63,22.365,0.606,0,6.807,0,2486.865
35039000300,2057.28,1531.31,22.32,0,0,0,0,0,5.029,3.5,0,21.721,22.491,27.478,15.402,4.601,0,19.153,15.463,0,0,5.29,2.98,24.501,0,0,16.372,3.66,4.281,1.745,0,2.577,0,3807.154
35039000400,2181.64,1146.24,0,22.32,0,0,0,0,2.996,7.7,0,26.206,28.151,3.167,30.42,0,0,18.404,7.598,0,0,13.355,3.8,1.2,2.489,0,22.926,33.884,4.494,15.831,9.524,64.736,0,3647.081
35039000500,2966.29,776.1,9.3,7.44,45.416,0,0,0,121.926,33.1,0,75.158,21.15,31.136,136.001,5.253,4.494,27.722,27.984,0,0,24.16,5.699,6.7,7.2,0,17.913,21.782,24.36,45.579,37.766,26.215,0,4505.845
35039940700,1210.64,466.655,87.42,33.48,0,0,0,60.825,120.843,76.3,0,304.27,25.274,117.347,117.273,26.659,14.873,129.55,76.521,0,0,42.466,7.3,6.4,0,0,26.572,7.6,19.98,26.318,9.206,102.555,160.5,3276.827
35039940800,1942.46,597.995,39.06,22.32,0,11.354,0,0,2.995,0,0,23.743,34.134,19.197,38.184,0,0,18.656,17.55,0,0,3.811,10.598,0,2.489,0,30.232,2.181,31.836,28.203,7.17,1.712,0,2885.88
35039941000,1088.34,417.9,98.58,14.88,0,0,0,0,15.194,5.5,0,10.7,0.37,60.133,18.471,2.665,0,29.211,1.391,0,0,0,0,0,0,0,1.5,1.323,6.313,6.099,0,34.462,0,1813.032
35039944100,1869.53,1222.85,5.58,3.72,17.031,0,0,0,0,74.2,0,34.562,12.739,34.903,21.423,0,0,0,19.59,0,0,1.155,2.1,0,1.867,0,33.648,7.46,8.922,28.961,0,9.07,0,3409.311
35041000100,2241.2,162.185,48.36,267.84,17.031,0,0,0,55.961,2,0,297.521,58.887,110.438,131.048,31.03,2.782,12.101,33.494,5.35,0,2.8,9.16,0,0,0,53.035,16.88,59.533,18.965,5.243,48.807,6.099,3697.75
35041000200,1245.14,378.1,7.44,63.24,0,11.354,27.574,0,0,9.3,0,22.253,28.573,37.236,30.567,0,0,1.926,16.537,0,0,0,4.2,0,0,0,46.687,26.88,14.206,14.659,6.848,33.277,3.103,2029.1
35041000300,1604.83,70.645,96.72,59.52,96.509,0,27.574,0,35.952,382.7,15.087,39.064,12.315,25.927,29.488,1.712,26.108,5.243,17.548,0,0,0,2.9,0,0,0,13.21,3.242,57.409,1.21,2.14,15.301,13.161,2655.514
35041000401,1233.73,476.605,9.3,0,39.739,0,0,0,1.605,20.6,0,78.898,155.477,63.074,56.364,0,0,5.778,41.792,0,0,24.6,0,298.6,2.194,0,33.931,88.48,41.664,11.66,0,12.733,71.369,2768.193
35041000402,1745.18,428.845,0,0,0,0,0,0,0,0,0,9.399,31.351,10.914,17.312,0,0,0.824,16.381,0,0,0,2.5,0,1.7,0,16.16,113.54,19.623,3.668,8.571,15.943,0,2441.911
35043010503,1064.5,541.28,0,0,39.739,45.416,0,0,111.494,9.1,0,51.342,17.227,35.249,55.269,7.078,0,11.449,41.635,0,0,21.765,11.269,1.9,0,0,13.897,0,16.478,3.935,3.852,52.557,0,2156.431
35043010601,2985.64,168.155,29.76,0,0,0,0,0,26.603,2.8,0,82.312,48.511,45.896,161.054,3.424,0,21.531,76.39,11.77,0,26.81,16.238,1.7,3.3,0,126.972,29.256,36.035,10.945,0,12.047,0,3927.149
35043010602,2782,166.165,0,0,0,0,0,0,10.436,0,0,17.51,22.494,23.01,86.312,0,0,6.42,10.769,1.391,0,7.496,9.443,0,0,1.2,32.839,8.489,35.039,2.119,0,2.692,0,3225.824
35043010702,4181.23,14.925,0,0,0,0,0,0,0,32.7,0,97.433,44.312,12.188,74.549,0,0,3.456,9.042,0,0,2.31,2.281,0,0,0,19.93,4,26.042,3.531,0,1.017,0,4528.946
35043010703,5035.72,0,0,0,0,0,55.148,0,0,11.2,4.173,39.812,316.227,86.028,114.379,0,0,1.631,29.958,0,0,96.833,119.595,2,0,0,124.421,11.532,31.54,11.663,0,11.876,0,6103.736
35043010705,3608.07,37.81,0,0,0,0,0,0,0,0,0,57.978,40.125,10.498,57.21,1.178,0,7.636,31.465,1.391,0,4.3,4.763,0,0,0,21.994,4.19,76.594,2.889,0,0.995,0,3969.086
35043010712,2516.65,14.925,0,264.12,0,0,0,0,0,0,0,18.99,3.21,14.617,44.923,0,0,1.087,8.453,0,0,4.2,4.463,1.7,0,0,29.342,2.229,20.693,0,0,12.305,0,2961.906
35043010713,2790.69,97.51,0,107.88,5.677,0,0,0,0,1.4,0,15.132,3.213,11.332,19.933,0,0,0.877,10.488,0,0,6.3,0,0,0,0,26.084,1.76,4.28,0,0,0.551,0,3103.107
35043010714,2426.51,0,0,122.76,164.633,68.124,27.574,0,0,3.5,0,55.329,79.049,12.359,251.498,0,0,34.913,34.833,0,0,21.069,7.363,0,0,0,19.689,2.7,10.593,0,0,0,0,3342.496
35043010715,1841.48,0,9.3,267.84,79.478,170.31,27.574,0,0,2.8,1.498,92.216,15.956,13.803,47.824,11.671,17.441,8.816,15.627,0,0,5.31,4.925,0,0,0,13.329,2.685,32.444,0,0,15.892,0,2698.219
35043010716,2960.49,179.1,0,312.48,22.708,0,55.148,425.775,0.252,116.2,89.559,69.039,25.145,253.912,126.811,6.848,0,66.699,78.806,0,0,34.554,5.144,0,0,0,66.613,7.436,45.457,0,0,19.522,0,4967.699
35043010717,4827.87,10.945,7.44,37.2,11.354,0,27.574,182.475,0,0,0,42.523,7.547,7.458,120.076,94.482,0,3.053,10.051,0,0,0,49.5,0,0,0,9.923,2,17.589,0,0,0.995,0,5470.055
35043010718,2756.75,141.29,0,0,0,0,0,0,0,0,0,1.757,7.076,4.494,17.996,0,0,4.91,3.747,0,0,0,2.45,0,0,0,16.043,2.5,14.609,9.202,0,0,0,2982.824
35043010719,2379.95,0,0,22.32,17.031,0,0,0,92.113,2.8,1.712,55.22,11.31,37.179,76.525,11.441,0,15.589,24.291,0,0,6.055,21.369,0,0,0,64.794,10.804,42.405,26.889,0,5.499,18.595,2943.891
35043010720,4099.51,16.915,0,0,0,0,0,0,0,0,0,35.43,23.424,54.214,44.625,0,0,11.123,19.732,0,0,1.6,3,0,0,0,16.073,7.9,69.245,2.568,13.696,0.963,0,4420.018
35043010721,2527.3,0,0,0,0,0,0,0,0,0,0,4.645,38.948,20.255,32.811,0,0,3.852,8.828,0,0,26.1,5.3,0,0,0,18.056,2.485,28.462,15.624,0,20.025,0,2752.691
35043010722,2204.64,295.515,0,0,0,0,0,0,0,0,0,34.499,14.773,10.327,16.426,0,0,0.888,7.656,0,0,15.2,0.881,0,0,0,7.37,0.742,4.642,0,0,0,0,2613.559
35043010723,5566.34,24.875,0,0,0,0,0,0,0,0,0,13.893,2.675,20.664,25.983,0,0,6.12,13.482,0,0,3.155,0.881,6.5,0,0,11.777,6.14,2.782,2.14,0,0,0,5707.407
35043010900,1448.78,463.67,5.58,0,0,0,0,0,0,1.4,0,1.391,2.247,0,2.782,0,0,2.354,0,0,0,0,1.2,0,0,0,1.88,0,14.98,6.955,4.066,9.844,0,1967.129
35043011000,1313.3,85.57,0,0,5.677,0,0,0,1.07,0,0,19.305,7.082,5.179,21.823,0,0,7.383,84.226,0,0,2,2.4,0,0,0,14.973,3.602,2.782,12.501,0,29.96,0,1618.833
35043011100,4916.98,220.89,0,0,0,0,0,0,17.039,0,1.391,43.706,49.677,23.094,115.183,3.317,0,13.417,64.993,0,0,17.699,13.261,9.4,0,0,58.382,7.002,33.456,13.046,12.699,27.715,0,5662.348
35043011200,2440.44,195.02,0,0,0,0,0,0,29.821,18.2,0,25.358,15.322,5.329,50.475,3.531,0,7.094,30.444,0,0,0,1.762,4.8,0,0,20.918,6.67,49.705,17.613,0.317,14.974,0,2937.793
35043940200,781.193,162.185,0,3.72,0,0,0,0,0,1.3,0,9.055,3.424,0,3.447,0,0,0,0,0,0,0,0,0,0,0,0,0,2.889,11.875,0,8.56,0,987.6479
35043940300,0,0,0,0,0,0,0,0,0,0,0,0,0,0,0,0,0,0,0,0,0,0,0,0,0,0,0,0,0,0,0,0,0,0
35043940500,1273.47,563.17,16.74,11.16,0,0,0,0,0,117.6,0,25.408,21.186,26.261,12.11,0,0,7.533,11.128,0,0,79.61,0,4.6,0,0,46.016,7.742,2.996,8.646,0,13.161,0,2248.537
35043940600,650.105,91.54,9.3,3.72,5.677,0,0,0,0,2.1,0,4.392,6.641,11.663,0,0,0,4.922,2.247,0,0,3.101,0,0,0,0,0,2.97,10.807,5.956,2.033,41.302,0,858.476
35043940700,824.67,245.765,0,0,0,0,0,0,0,0,0,0,0,0,0,0,0,0,0,0,0,0,0,0,0,0,0,0,0,0,0,0,0,1070.435
35043940900,984.274,146.265,0,0,0,0,0,0,20.009,5.6,0,51.084,11.035,11.139,45.937,5.671,0,17.869,15.804,0,0,9.3,0,0,12,0,5.263,8.02,22.725,41.901,0,35.663,0,1449.559
35045000100,1130.7,824.855,46.5,186,5.677,79.478,27.574,0,101.543,14,0,42.659,210.132,71.98,114.528,0,0,0,7.707,0,0,34.689,8.9,0,159.42,0,49.318,2.7,10.035,0,0,26.215,0,3154.61
35045000201,2482.43,163.18,11.16,52.08,0,0,27.574,0,0,0,0,209.731,13.784,4.967,73.313,0,0,8.62,15.954,0,0,0,0,1.1,4.8,0,15.04,4.171,5.243,10.379,0,16.478,0,3120.004
35045000202,3066.43,82.585,0,0,0,0,0,0,15.943,65.8,0,147.921,1.391,42.985,78.928,0,11.77,83.352,37.242,0,0,2.98,4.759,0,25.089,0,32.602,11.139,39.886,0,0,50.933,1.284,3803.019
35045000204,926.492,156.215,11.16,29.76,22.708,0,0,0,6.527,0,0,384.161,30.724,47.049,65.645,0,0,7.506,77.156,1.082,0,1.2,10.46,4.3,94.4,0,28.65,5.5,2.842,2.996,0,0,0,1916.533
35045000205,1908.43,610.93,24.18,412.92,102.186,56.77,0,0,98.761,0,1.605,840.872,206.755,245.204,235.961,42.541,1.299,41.617,151.214,4.601,0,44.41,45.144,9.8,87.255,0,217.877,17.561,72.468,33.646,0,49.552,0,5563.559
35045000301,2422.68,0,9.3,215.76,90.832,158.956,27.574,0,32.1,0,0,67.048,17.35,35.28,92.914,14.313,0,34.358,42.49,6.848,0,1,4.381,0,19.894,0,16.62,4.822,52.109,15.836,0,35.417,0,3417.882
35045000302,1867.57,31.84,98.58,133.92,39.739,22.708,0,0,0,0,0,68.891,37.726,43.446,63.706,4.856,0,19.902,35.763,0,0,4.62,6.263,0,3.9,0,18.042,4.384,46.133,4.238,0,25.68,0,2581.907
35045000401,2641.47,314.42,55.8,81.84,22.708,11.354,0,0,26.643,67.6,15.301,31.96,34.187,101.887,114.121,0,2.14,20.287,20.549,0,0,6.93,2.7,1.3,21.701,0,17.732,3.2,85.728,15.185,38.52,244.506,0,3999.769
35045000402,956.786,387.055,37.2,89.28,28.385,56.77,27.574,0,66.982,307,18.939,452.727,311.332,309.125,269.195,73.327,301.748,131.673,127.974,9.63,0,44.764,74.043,16.1,651.409,0,65.252,10.991,184.924,28.697,0,33.705,2.033,5074.62
35045000503,269.28,725.355,0,7.44,0,0,0,0,0,0,0,44.972,128.639,31.469,65.578,0,0,1.631,0.588,0,0,30.699,0,0,23.377,0,35.053,1.486,2.675,23.112,0,0,0,1391.354
35045000504,256.658,520.385,0,22.32,0,0,0,0,0,0,0,37.664,28.465,11.269,20.856,0,0,0.544,7.169,0,0,4.62,0,6.499,70.9,0,9.875,11.137,23.539,2.973,0,23.647,0,1058.52
35045000505,2087.11,1124.35,0,0,0,0,0,0,1.712,0,0,76.38,32.699,43.776,40.242,6.848,0,8.697,15.066,0,0,9.2,4.881,4,4.044,0,18.829,119.98,14.807,20.972,0,92.78,1.926,3728.299
35045000607,340.34,827.84,0,0,0,0,0,0,12.064,87.4,5.169,27.021,71.649,18.63,24.635,0,0,0,74.904,0,0,29.245,3.255,7.807,47.204,0,32.917,3.719,9.395,0,0,13.162,0,1636.356
35045000608,1147.34,1369.12,0,0,0,0,0,0,3.045,0,0.068,7.662,28.968,17.809,49.284,0,0,1.049,11.027,0,0,2.758,0.944,0.085,6.254,0,28.48,10.26,8.346,0,0,0,0,2692.499
35045000609,580.635,56.715,0,78.12,39.739,34.062,0,0,1.712,0,0,64.013,15.622,25.198,49.837,3.885,0,17.039,9.409,0,0,7.3,7.1,4.5,11.444,0,12.957,3.265,30.709,35.461,0,19.464,2.461,1110.647
35045000610,1802.49,403.97,115.32,29.76,73.801,0,0,0,4.012,0,0,33.353,36.536,34.081,63.683,8.524,0,3.025,25.252,0,0,8.224,7.051,0,14.84,0,28.742,3.201,61.106,23.112,0,17.441,0,2797.524
35045000611,1171.65,724.36,0,0,0,0,0,0,0,0,0,19.852,7.69,25.273,25.237,0.464,0,0.506,2.676,0,0,1.576,2.29,0,10.414,0,51.401,18.139,8.765,0,4.762,0,0,2075.055
35045000612,800.734,241.785,5.58,14.88,0,22.708,0,0,10.7,44.1,4.173,24.654,26.431,27.245,42.354,0,0,1.284,13.267,0,0,13.6,7.943,0,7.59,0,16.904,3.7,18.338,62.38,28.783,38.435,0,1477.568
35045000613,1594.36,775.105,0,0,0,0,0,0,19.26,1.4,0,84.768,39.589,56.133,50.152,0,1.299,3.326,15.195,0,0,26.929,10.282,5.9,13.549,0,53.281,1.9,10.164,0.605,0,6.099,0,2769.296
35045000702,429.165,330.34,0,0,0,0,0,0,1.712,0,0,10.85,1.016,1.691,4.269,0,0,0,9.635,0,0,0,0,0,9.999,0,6.896,3.363,0,0,0,0,0,808.9359
35045000705,746.411,813.91,46.5,0,0,0,0,0,5.909,0,0,88.371,33.171,33.428,82.877,0,0,2.461,2.247,0,0,0,6,0,20.3,0,39.422,2.8,11.663,13.697,0,21.079,0,1970.246
35045000706,830.28,824.855,52.08,0,0,0,0,0,41.84,8.4,0,14.544,92.655,19.892,24.379,0,0,0,2.676,0,0,27.41,2.9,0,20.19,0,21.832,5.731,9.35,5.992,5.136,17.093,0,2027.235
35045000707,1355.66,374.12,37.2,74.4,79.478,0,55.148,0,20.892,60.9,18.832,55.602,31.893,66.419,50.073,9.457,0,9.951,31.137,0,0,27,0,0,11,0,14.364,3.9,30.815,21.004,0,54.998,0,2494.243
35045000708,795.498,1094.5,0,0,0,68.124,0,0,54.306,0,0.006,61.022,49.867,49.853,44.042,0,0,3.125,98.015,0,0,15.818,3.5,3.307,46.73,0,27.335,4.288,12.097,0,0,0,0,2431.433
35045000900,335.198,523.37,0,0,0,0,0,0,1.712,0,0,9.408,4.533,2.472,7.698,0,0,0,0,0,0,0,0,0,1.769,0,7.876,4.765,12.697,0,0,0,0,911.498
35045942801,943.041,234.82,0,0,0,0,0,0,0,0,0,0,0,0,0,0,0,0,0,0,0,0,0,0,0,0,0,0,0,0,0,0,0,1177.861
35045942802,2135.17,357.205,18.6,59.52,73.801,0,0,0,0,28.2,0,0,0,0,0.824,0,0,0.899,0,0,0,0,0,0,0,0,0,0,0,0,0,0,0,2674.219
35045942803,654.033,221.885,14.88,0,0,0,0,0,0,0,0,0,0,0,0,0,0,0,0,0,0,0,0,0,0,0,0,0,0,0,0,0,0,890.798
35045942900,1970.23,309.445,1.86,7.44,0,0,0,0,0,0,0,71.476,14.873,18.062,41.42,4.173,0,5.671,15.838,0,0,30,0,6.7,1.867,0,13.794,1.2,41.516,23.594,0,74.381,0,2653.54
35045943000,1423.54,443.77,0,0,0,11.354,0,0,0,0,0,0,0,0,0,0,0,0,0,0,0,0,0,0,0,0,0,0,0,0,0,0,0,1878.664
35045943100,946.688,104.475,3.72,3.72,0,0,0,0,0,0,0,0,0,0,0,0,0,0,0,0,0,0,0,0,0,0,0,0,0,0,0,0,0,1058.603
35045943201,1775.28,625.855,52.08,3.72,0,0,0,0,0,0,0,30.966,82.661,25.552,75.315,0,0,11.533,10.111,0,0,14.8,6.081,0,64.671,0,40.239,22.429,236.301,2.482,0,16.906,0,3096.982
35045943300,400.554,616.9,0,0,0,0,0,0,0,0,0,5.243,174.982,18.897,22.571,0,0,1.926,1.767,0,0,3.6,0,0,11.2,0,20.616,8.24,3.506,0.303,0,0,0,1290.305
35047957200,1169.4,369.145,83.7,189.72,102.186,22.708,0,60.825,14.445,7,12.84,242.68,7.818,12.67,75.762,3.959,23.754,18.01,22.363,0,0,2.9,0,0,0,0,20.669,3.25,14.98,6.099,5.243,10.166,0,2502.292
35047957300,1208.95,279.595,53.94,96.72,62.447,11.354,0,0,72.653,182.9,0,136.264,8.571,67.702,58.153,4.173,2.598,35.485,65.07,4.708,0,0,0,0,0,0,22.77,0.58,40.999,33.828,5.671,30.388,0,2485.519
35047957400,1803.61,459.69,137.64,52.08,39.739,0,0,0,56.737,72.8,0,258.621,43.877,77.419,91.146,28.873,0,24.084,67.727,6.099,0,2.31,4.4,4.1,0,0,31.48,2.9,15.836,21.402,9.202,76.944,0,3388.716
35047957500,2218.66,1335.29,14.88,29.76,0,0,0,0,27.311,149.8,7.464,43.799,17.02,16.371,64.904,0,62.167,15.104,32.219,0,0,7.809,4.1,6.6,0,0,42.918,22.867,9.564,15.228,15.872,13.317,110.425,4283.45
35047957600,2934.03,1535.29,20.46,14.88,0,0,0,0,19.795,29.4,0,19.623,110.213,29.115,8.585,3.531,0,3.624,8.133,0,0,17.175,0,0,2.56,0,26.91,4.464,27.646,32.001,0,36.897,0,4884.332
35047957700,1081.33,520.385,16.74,0,0,0,0,0,0,1.3,0,1.819,0,0,0,0,0,0,0,0,0,0,0,0,0,0,1.58,5.198,4.279,1.997,0,0,0,1634.628
35047957800,1329.57,636.8,165.54,14.88,0,11.354,0,0,15.194,248.5,0,47.932,8.453,31.417,37.913,2.247,4.081,20.132,0,0,0,0,1.7,0,0,0,13.08,5.05,20.519,59.883,6.349,13.696,0,2694.29
35049000101,4750.36,0,107.88,234.36,34.062,45.416,27.574,60.825,59.706,0,1.498,103.081,19.053,38.813,255.012,0,0,16.067,42.748,6.955,0,6.255,33.135,0,0,0,52.993,4.07,51.895,177.042,7.062,23.128,0,6158.99
35049000200,2309.54,30.845,24.18,55.8,119.217,113.54,137.87,121.65,25.145,0,0,37.709,11.555,49.719,69.434,0,0,28.458,54.745,0,0,7.12,29.108,0,0,0,17.755,6.99,26.666,3.935,6.349,11.877,0,3299.207
35049000300,880.77,0,225.06,55.8,96.509,34.062,0,0,100.901,22.4,0,116.459,8.396,28.249,95.172,8.963,0,8.956,53.737,17.762,0,4.955,8.982,1.1,1.244,0,29.984,1.602,55.383,1.211,0,5.885,0,1863.542
35049000400,155.771,10.945,0,33.48,22.708,22.708,82.722,60.825,545.272,25.9,3.317,555.258,235.487,103.205,836.833,96.284,0,80.55,376.572,2.473,0,16.29,109.214,7.2,3.344,0,47.241,9.531,153.764,243.672,16.692,76.684,0,3933.942
35049000500,2468.96,0,81.84,107.88,85.155,22.708,0,0,67.357,7.7,0,158.342,36.494,39.13,116.236,2.79,0,15.117,168.655,2.247,0,1.155,24.26,0,6,0,20.729,3.192,53.84,256.372,0,8.774,0,3754.933
35049000600,1551.17,14.925,132.06,223.2,28.385,56.77,0,0,24.931,0,1.391,164.328,34.243,50.718,192.905,6.099,0,27.362,130.28,6.243,0,6.2,15.625,0,0,0.6,33.082,13.48,132.717,45.582,0,26.442,0,2918.738
35049000700,1316.95,0,124.62,85.56,45.416,11.354,0,0,100.045,121.8,4.708,132.46,18.833,25.994,88.495,0,0,20.779,74.074,0,0,4.7,44.507,6.5,0,0,35.504,10.58,23.235,0,0,28.677,0,2324.791
35049000800,1714.6,68.655,107.88,70.68,68.124,22.708,0,0,0,0,0,16.77,4.708,28.795,52.119,0,0,8.07,5.179,9.202,0,5,2.3,5.34,0,0,22.302,12.815,14.609,0,0,45.326,0,2285.182
35049000900,2092.53,44.775,94.86,29.76,34.062,0,0,0,16.371,96.6,8.132,80.189,41.088,34.884,75.544,9.095,0,25.401,46.976,1.284,0,1.5,4.77,14.1,0,0,55.686,3.89,52.084,0,0,23.005,0,2886.586
35049001001,1058.33,0,0,11.16,28.385,45.416,137.87,121.65,24.851,138.6,16.799,100.098,18.707,205.376,218.588,42.163,6.313,290.688,30.816,0,0,0,20.241,1.1,3.07,0,24.078,6.04,54.539,25.161,0,43.562,1.926,2675.527
35049001002,805.877,17.91,107.88,89.28,198.695,238.434,330.888,60.825,70.861,0,2.461,311.66,242.476,193.843,218.828,13.375,36.808,70.364,85.067,6.885,0,29.9,26.671,23,0,1.9,73.075,30.03,36.387,392.048,0,10.669,0,3726.097
35049001102,1242.24,12.935,0,130.2,175.987,374.682,165.444,60.825,0,19.6,10.875,22.698,30.624,33.419,193.922,10.593,0,80.123,14.572,15.836,0,1.5,4.244,0,1.867,0,28.389,9.57,54.319,27.071,0,35.214,0,2756.749
35049001103,790.729,0,16.74,44.64,56.77,102.186,27.574,0,0,37.5,8.453,64.448,32.528,76.836,169.778,18.445,0,26.087,78.165,0,0,5.4,25.56,4,1.6,0,24.449,9,15.039,198.33,0,138.079,591.71,2564.046
35049001105,1467.11,0,70.68,40.92,22.708,56.77,82.722,60.825,0,2.8,0,21.71,32.634,10.319,31.737,0,0,2.054,8.186,0,0,1.6,31.4,15.4,0,0,27.231,0.58,19.984,5.35,0,38.668,0,2051.388
35049001106,1314.61,90.545,0,26.04,39.739,79.478,55.148,121.65,141.455,0,0,460.794,16.244,32.346,83.922,6.719,0,8.988,58.104,22.041,0,5.001,0,8.9,0,0,16.611,3.35,94.677,0.824,0,22.791,0,2709.977
35049001107,2628.38,0,14.88,111.6,232.757,147.602,0,0,12.305,4.2,4.415,139.829,17.551,34.372,60.401,0,1.712,17.25,24.824,3.247,0,11.155,10.463,0,1.244,0,25.295,4.7,33.384,9.416,0,5.592,0,3556.574
35049001202,955.944,857.69,74.4,189.72,22.708,56.77,193.018,0,97.477,44.8,0,207.493,293.515,251.29,168.172,0,0,14.552,137.123,0,0,91.502,22.401,66.4,0,0,134.354,28.701,20.378,81.127,29.532,29.298,1.177,4069.542
35049001203,771.094,469.64,14.88,29.76,17.031,0,0,0,0,0,0,2.911,1.391,5.137,10.835,0,0,1.926,4.922,0,0,0,9.13,0,0,0,22.534,0.6,0,0,0,0,0,1361.791
35049001204,1159.12,922.365,11.16,44.64,0,102.186,137.87,0,3.772,0.7,0.275,18.067,48.84,21.19,37.723,0,0,1.284,4.708,0,0,0,55.981,0,2.003,0,25.796,12.03,12.881,0,0,0,0,2622.59
35049001205,506.302,1088.53,20.46,93,28.385,0,27.574,0,0,5.6,4.754,17.437,71.746,14.976,49.515,1.177,0,1.631,9.309,0,0,8.9,4,0,9.7,0,39.521,5.4,7.934,29.318,0,0,0,2045.169
35049001301,807.466,27.86,27.9,40.92,90.832,34.062,0,0,0,0,0,6.212,16.242,6.327,30.695,1.178,0,1.9,1.735,0,0,0,0,0,0,0,7.275,0.58,0,0,0,0,0,1101.184
35049001302,194.947,474.615,7.44,52.08,136.248,79.478,0,0,3.745,0,0,68.933,74.792,45.025,75.218,0,0,3.103,19.887,1.283,0,68.647,11.763,0,5.999,0,43.743,3.94,11.168,1.712,0.005,26.322,0,1410.093
35049001303,3154.22,140.295,0,85.56,102.186,90.832,0,0,0,0,0,7.274,52.431,25.058,42.296,0,0,9.63,10.681,0,0,0,2.081,0,0,0,11.849,1.67,0,6.313,1.707,19.913,0,3763.996
35049001304,330.99,67.66,0,0,0,0,0,0,0,6.3,3.638,3.514,1.059,20.672,29.863,0,0,1.391,0,0,0,3.7,4,0,0,0,17.46,2.985,8.667,0,0,0,0,501.899
35049010102,1444.01,829.83,27.9,29.76,90.832,0,0,0,0,0,0,7.094,6.313,29.639,12.715,0,0,0.857,2.568,0,0,2.4,3.681,0,0,0,12.08,8.69,13.259,0.908,0,0.551,0,2523.087
35049010203,1213.35,51.74,35.34,0,0,0,0,0,26.376,22.4,0,51.258,45.357,43.431,142.704,0,0,5.896,52.466,0,0,4.901,11.043,5.102,5.4,0,58.099,6.52,62.501,34.989,2.247,17.062,0,1898.182
35049010204,3131.13,65.67,0,0,0,0,0,0,6.915,0,0,5.46,7.14,7.362,48.376,5.35,0,4.92,7.912,0,0,1.155,5.825,0,0,0,9.211,5.821,8.238,0.908,0,1.049,0,3322.442
35049010304,2131.61,270.64,50.22,48.36,5.677,0,0,0,0,0,0,22.806,59.566,12.562,50.651,0,0,0.037,7.282,2.247,0,6.01,2.381,38.001,1.244,0,31.227,2,6.221,0,0,2.033,0,2750.775
35049010308,902.649,371.135,27.9,0,0,0,0,0,3.772,0,0,34.347,12.679,12.135,42.566,0,0,0.653,5.887,0,0,7.9,0.8,1,0,0,25.842,4.342,8.173,47.7,10.593,1.654,2.247,1523.974
35049010309,1739.1,101.49,0,0,0,0,0,0,25.68,0,0,29.489,1.177,4.87,44.208,0,0,4.1,18.831,0,0,0,7.7,0,0.84,0,12.063,5.375,16.337,1.059,0,1.604,0,2013.923
35049010310,929.016,118.405,0,0,0,0,0,0,0,0,0,8.137,0,0.653,6.762,0,0,2.247,0,0,0,2.4,6,0,1.8,0,9.236,5.127,0,1.211,0,2.206,0,1093.2
35049010311,2402.39,330.34,0,0,0,0,0,0,1.712,0,0,7.726,10.604,5.511,47.95,0,0,0,3.104,0,0,2.956,2.799,4.6,1.6,0,48.085,11.274,14.14,0,0,11.984,0,2906.775
35049010312,2002.68,580.085,7.44,14.88,0,0,0,0,21.4,0,0,88.865,48.858,36.95,48.601,0,0,18.1,14.681,2.247,0,4.965,4.827,3.1,1.2,0,42.129,28.127,29.318,6.595,6.349,9.202,0,3020.599
35049010314,1119.01,0,0,0,0,0,0,0,48.697,18.2,0,228.22,11.944,18.329,30.999,19.728,0,6.324,27.5,0,0,0,2,5.799,0,0,4.969,4.58,8.667,0,0,0,0,1554.966
35049010315,2011.18,33.83,0,81.84,0,0,27.574,0,8.801,2.8,0,14.022,7.507,0.846,37.642,0,0,0.856,3.137,0,0,0,0,2.1,0,0,9.082,0,35.631,0,0,14.135,0,2290.983
35049010316,1238.41,0,0,0,17.031,0,27.574,0,0,0,8.346,7.747,0,3.114,76.5,0,0,41.056,6.957,0,0,0,0,2.5,0,0,5.566,4.1,3.144,86.563,0,3.18,0,1531.788
35049010400,3112.05,33.83,33.48,0,0,0,0,0,1.604,114.3,0,56.166,27.327,21.817,122.788,5.029,0,31.817,62.813,1.391,0,5.6,11.282,0,0,0,29.326,10.679,51.375,1.819,0,3.148,329.453,4067.094
35049010500,1773.88,0,48.36,63.24,0,0,0,0,0,0,0,10.205,24.182,4.667,57.575,0,0,17.074,15.943,0,0,1.1,5.1,0,0,0,18.251,5.828,20.33,2.033,0,38.424,0,2106.192
35049010601,2803.88,151.24,0,85.56,0,0,0,0,8.882,114.5,0,11.759,63.353,20.599,57.532,0,0,8.237,16.051,0,0,24.303,19.3,48.301,3.199,0,45.112,10.084,16.479,53.287,0,2.577,341.864,3906.099
35049010602,2591.82,46.765,0,0,0,0,0,0,1.712,0,0,51.581,11.991,16.758,105.207,0,0,14.845,21.882,1.391,0,3.6,8.263,11,0,0,17.099,5.12,3.927,0,0,7.275,0,2920.236
35049010603,1227.09,306.46,7.44,0,5.677,0,0,0,0,0,0,5.332,8.505,9.641,41.681,0,0,3.985,3.264,0,0,2.854,4.645,0,0,0,24.552,12.463,0.706,0.908,0,13.836,0,1679.039
35049010700,4515.49,58.705,0,0,0,0,0,0,16.05,15.4,0,49.087,21.531,27.253,149.733,0,0,15.601,28.466,1.081,0,29.209,6.687,0,0,0,40.812,23.107,19.317,0,0,34.579,0,5052.107
35049010800,1626.9,343.275,20.46,0,0,0,0,0,8.025,0,0,24.141,11.309,21.068,51.637,0,0,11.098,13.802,0,0,5.5,17.743,0,0,0,30.003,2.1,1.753,12.412,0,11.235,0,2212.461
35049010900,1484.59,328.35,14.88,0,0,0,0,0,18.083,0,0,26.977,16.391,29.587,30.885,0,0,2.793,1.07,0,0,4.62,4.044,0,1,0,29.624,8.2,10.272,0,0,0,0,2011.366
35049940300,848.793,199,7.44,0,0,0,0,0,0,0,0,7.822,0,3.317,12.35,0,0,0,5.458,0,0,4.7,0,2.2,0,0,12.343,3.7,0,0,0,20.758,0,1127.881
35049940400,728.739,244.77,9.3,29.76,0,0,0,0,35.417,0,0,18.038,19.164,7.609,91.422,0,0,1.766,32.958,0,0,5.465,5.462,5.1,29.3,0,19.193,15.232,20.229,3.633,0.317,13.695,0,1336.569
35049940500,882.266,119.4,0,11.16,0,0,0,0,0,0,0,2.996,1.498,6.228,3.221,0,0,1.798,0.589,0,0,0,0,0,0,0,7.036,2.085,0,6.42,0,0.552,0,1045.249
35049940600,1338.45,441.78,13.02,14.88,107.863,11.354,0,0,33.17,0,0,22.582,0,6.604,16.791,0,0,7.705,21.618,0,0,1.5,3,0,1.4,0,5.563,4.685,7.383,2.14,0,6.848,0,2068.336
35049940900,1002.79,501.48,33.48,22.32,17.031,22.708,27.574,0,0,8.4,1.498,3.705,1.926,13.856,23.846,0,0,9.378,9.271,0,0,0,0.84,0,0,0,6.34,0.47,2.889,6.527,0,0,0,1716.329
35049980000,42.636,0,0,0,0,0,0,0,0,83.9,0,3.209,0,0,0,0,0,0,0,0,0,0,0,0,0,0,0,0,0,0,0,0,0,129.745
35051962200,1338.55,783.065,59.52,40.92,45.416,11.354,55.148,0,73.095,55.5,24.075,133.87,13.795,47.739,55.695,5.037,22.363,16.611,35.738,0,0,2.5,11.7,0.98,0,0,21.776,18.42,38.627,50.54,0,47.889,0,3009.923
35051962300,1162.39,879.58,39.06,66.96,102.186,11.354,0,0,37.156,99.4,31.993,138.081,32.133,62.611,53.689,11.77,23.754,6.495,39.701,3.424,0,2.8,12.3,1.9,0,0,33.265,2.46,45.09,32.464,6.42,2.205,0,2940.641
35051962401,1337.98,1095.49,0,14.88,5.677,0,0,0,37.6,0,0,59.5,58.518,26.055,292.033,3.654,0,0,43.669,0,0,4.999,1.1,2,0,0,34.926,3.722,20.28,18.991,3.424,0,0,3064.498
35051962402,1469.82,588.045,0,0,0,0,0,0,4.066,0,0,17.548,22.216,7.715,32.807,0,3.531,0,14.022,0,0,4.155,1.4,383.7,3,0,12.483,27.932,10.864,6.738,18.412,10.165,0,2638.619
35053940000,378.114,133.33,14.88,0,0,0,0,0,0,0,0,0,0,0,0,0,0,0,0,0,0,0,0,0,0,0,0,0,0,0,0,0,0,526.324
35053978100,1057.48,1160.17,14.88,0,0,0,0,0,4.729,19.2,0,54.41,30.64,44.171,30.175,0,0,1.391,29.258,0,0,5.555,21.881,14.2,39,0,17.509,66.329,13.589,15.009,28.891,7.704,0,2676.171
35053978200,1040.37,253.725,0,0,5.677,0,27.574,0,6.741,0,0,19.851,6.206,14.671,8.345,2.354,0,2.568,15.301,1.391,0,2.4,6.588,0,0,0,16.649,10.46,9.58,20.157,0,92.682,0,1563.29
35053978301,1158.46,400.985,0,14.88,5.677,34.062,0,0,57.887,39.9,0,9.352,8.881,100.826,68.151,4.601,20.651,7.704,20.441,0,0,9.6,5.64,0,0,0,9.215,0.96,9.844,0,0,3.424,0,1991.141
35053978302,1270.01,231.835,135.78,156.24,90.832,45.416,27.574,0,21.828,184.9,0,69.759,5.671,45.619,105.802,3.959,0,15.697,30.755,2.366,0,5,2.4,0,0,0,10.081,0,46.652,27.988,4.922,71.36,79.073,2691.519
35053978303,983.433,753.215,16.74,3.72,17.031,0,0,0,16.051,0,15.408,51.159,39.206,34.808,51.395,1.605,0,2.354,54.956,0,0,0,7.1,2.199,4.7,0,16.998,5.827,1.498,8.031,0,0,0,2087.434
35055940000,888.904,239.795,5.58,0,5.677,0,0,0,0,0,0,23.326,2.675,11.963,7.148,0,0,8.453,1.712,0,0,4.9,0,0,0,0,3.79,2.38,10.379,9.612,6.984,26.429,0,1259.707
35055940100,3672.31,767.145,102.3,122.76,107.863,22.708,0,60.825,328.49,51.1,0,447.052,107.223,147.531,215.29,23.219,1.605,26.43,308.226,2.461,0,34.9,78.453,12.299,9.322,0,109.114,48.659,96.118,16.511,0,78.449,13.467,7011.83
35055952100,5325.76,684.56,74.4,171.12,198.695,147.602,193.018,0,281.408,38.2,0,106.148,20.817,36.66,83.988,3.424,0,2.75,107.377,0,0,13.279,9.22,2.6,22.3,0,112.499,11.922,67.384,21.847,28.97,84.01,1.86,7851.817
35055952300,1634.75,537.3,0,26.04,17.031,0,0,0,41.516,0,0,26.24,11.452,11.15,20.33,1.177,0,3.852,3.425,0,0,1.5,2.9,1.1,0,0,21.482,5.09,15.761,12.338,0.317,17.12,0,2411.871
35055952600,4184.22,488.545,89.28,159.96,124.894,11.354,0,0,88.597,15.8,0,139.952,76.52,114.723,172.403,4.601,0,42.365,48.249,10.807,0,7.199,19.1,6.501,7.467,0,43.491,15.156,68.258,62.892,11.888,68.221,0,6082.444
35055952700,4220.12,433.82,83.7,52.08,11.354,0,55.148,0,133.951,201.1,29.96,123.922,24.006,58.905,91.721,0,57.78,51.862,34.187,0,0,12.435,10.91,9,0.931,0,86.935,9.755,52.215,9.074,3.809,23.327,0,5882.007
35057963201,1088.9,1120.37,0,0,0,11.354,0,0,0,0,0,6.913,6.968,6.046,18.281,0,0,0,0,0,0,10.199,1.741,0,0,0,10.879,3.53,1.753,0,0,0,0,2286.934
35057963202,1290.3,384.07,3.72,59.52,28.385,34.062,0,0,0,0,0,60.912,11.985,15.505,27.513,0,0,0,2.782,0,0,1.9,8.8,0,0,0,7.913,4.86,6.42,0,0,15.196,0,1963.843
35057963600,1909.08,1567.13,0,0,0,0,0,0,76.077,65.1,0,203.185,81.613,98.422,117.383,16.157,0,8.791,82.927,0,0,14.765,45.947,28,0,0,58.582,113.52,71.861,28.158,5.714,89.804,0,4682.216
35057963700,1123.12,375.115,7.44,0,11.354,0,0,0,6.099,0,0,44.691,31.757,19.902,22.535,5.564,0,3.895,10.381,0,0,39.473,30,2.5,4.166,0,4.756,45,19.452,21.426,0,10.379,0,1839.005
35059950200,2718.04,325.365,26.04,0,0,0,0,0,53.42,86,17.655,131.161,56.71,48.825,66.628,30.388,20.009,14.263,40.34,2.165,0,32.155,9,0,17.689,0,21.165,61.788,68.068,37.947,4.815,46.298,0,3935.934
35061940300,364.65,56.715,0,0,0,0,0,0,0,0,0,1.016,11.128,8.87,1.819,0,0,0,0,0,0,0,0,0,0,0,4.3,0,0,0,0,0,0,448.498
35061970101,314.16,1324.34,0,0,0,0,0,0,0,0,0,9.845,13.393,13.023,16.478,0,0,1.926,2.356,0,0,1.6,2.2,8.8,0,0,21.039,2.143,7.317,0,0,12.733,0,1751.353
35061970102,2110.76,1185.05,0,0,0,0,0,0,0,0,0,187.938,55.761,87.352,101.761,0,0,5.195,57.262,0,0,20.011,8.382,0,0,0,82.212,21.4,48.874,3.819,4.28,28.634,0,4008.691
35061970200,1853.82,406.955,0,0,0,0,0,0,0,0,0,62.109,66.171,82.084,64.201,4.601,0,1.087,69.693,5.457,0,16.81,5.681,13.4,0,0,62.535,30.891,13.63,5.467,0,17.56,0,2782.152
35061970301,1466.45,1370.11,0,0,0,0,0,0,0,2.8,0,10.937,7.076,13.762,12.842,0,0,1.284,1.712,0,0,3.2,3.9,0,0,0,21.471,2.24,1.498,0,8.254,0,0,2927.536
35061970302,1297.31,123.38,0,0,0,0,0,0,0,0,0,27.98,13.163,1.82,15.513,14.552,0,0.856,4.066,1.391,0,0,3.181,0,0,0,5.39,5.742,7.827,18.404,0,69.382,22.256,1632.213
35061970303,2604.63,943.26,0,11.16,0,0,0,0,0,7.3,21.292,48.578,60.646,17.615,47.499,0,0,1.087,12.632,0,0,38.509,2.56,3.5,1.867,0,58.115,25.503,34.898,0.605,0,0,0,3941.256
35061970401,1823.06,636.8,0,96.72,28.385,11.354,0,0,7.918,15.7,0,36.315,51.47,63.652,75.008,1.712,4.494,30.833,32.047,0,0,7.056,8.888,0,0,0,33.578,6.97,32.453,46.242,0,28.742,0,3079.396
35061970404,1931.24,190.045,0,152.52,45.416,22.708,137.87,0,0,0,2.782,9.565,47.618,20.384,56.175,0,0,14.873,16.05,0,0,6.055,2.201,0,0,0,25.47,2,10.033,0,2.222,2.461,0,2697.688
35061970405,1522.83,208.95,0,0,0,0,0,0,30.173,1.4,0,5.456,0,0.674,0,0,0,0,0,2.461,0,0,0,0,0,0,1.613,2.9,0,0,0,0,0,1776.457
35061970700,1963.5,721.375,83.7,0,0,11.354,0,0,0,123.4,0,120.944,54.166,41.86,44.152,0,0,3.441,15.721,0,0,3.899,3.462,6.7,0,0,65.373,17.942,32.396,10.7,0,17.867,6.955,3348.907
35061970800,2352.55,258.7,55.8,37.2,0,34.062,82.722,0,3.103,0.7,2.943,102.513,64.427,63.187,70.842,12.848,0,17.655,48.905,0,0,0,7.062,4.5,0.622,0,29.002,2.342,31.324,13.881,0,196.744,0,3493.634
35061970901,1690.01,620.88,93,66.96,0,45.416,0,0,24.891,71.4,0,169.49,29.665,57.791,56.216,4.14,0,9.797,54.551,2.366,0,11.755,8.041,9.7,0,0,22.705,4.53,25.95,16.173,14.873,11.967,0,3122.267
35061970902,866.745,458.695,11.16,0,0,0,0,0,0,16.8,0,6.121,1.177,8.829,0.664,0,0,0,2.356,0,0,0,1.2,0,0,0,7.39,3.09,11.654,0,0,0,0,1395.881
35061971000,2698.78,195.02,24.18,40.92,0,0,0,0,0,0,0,33.257,8.671,22.749,31.899,5.885,0,6.185,38.062,0,0,8.8,2.581,34.7,0,0,21.581,7.4,84.056,0,5.243,14.888,0,3284.857
35061971100,427.763,331.335,0,0,0,0,0,0,0,0,0,2.889,9.199,26.447,4.884,0,0,0,4.712,0,0,107.2,0.882,0,0.95,0,13.352,4.95,9.095,5.449,0,33.083,0,982.1899
35061971300,780.445,440.785,0,0,0,0,0,0,15.087,2.8,0,2.033,0,1.605,8.819,0,0,1.391,0,0,0,57.765,2.8,0,0,0,7.41,3.042,0,0,0,0,0,1323.982
35061971400,1566.22,155.22,0,89.28,0,0,0,0,0,0,0,54.649,85.821,72.435,43.797,1.177,0,14.844,10.058,0,0,2.309,3.4,1.5,0,0,13.989,2.542,7.934,31.03,0,31.672,0,2187.877

