Tract,W1F,W2F,S1LF,S1MF,S1HF,S2LF,S2MF,S2HF,S3F,S4LF,S4MF,S4HF,S5LF,S5MF,S5HF,C1LF,C1MF,C1HF,C2LF,C2MF,C2HF,C3LF,C3MF,C3HF,PC1F,PC2LF,PC2MF,PC2HF,RM1LF,RM1MF,RM2LF,RM2MF,RM2HF,URMLF,URMMF,MHF,TotalSqft
38001965600,1602.99243164063,108.409202575684,12.5731754302979,0,0,24.2231426239014,0,0,62.66357421875,33.8611183166504,0,0,40.7497787475586,0,0,10.4778833389282,0,0,55.0911865234375,0,0,7.09309577941895,0,0,73.2717971801758,9.58985614776611,0,0,18.353199005127,0,0.928200006484985,0,0,272.816345214844,0,92.6500015258789,2425.74389648438
38003967900,1353.52062988281,79.9026489257813,12.7473154067993,0,0,25.0311450958252,0,0,52.9300003051758,28.6161098480225,0,0,34.7531394958496,0,0,6.99087572097778,0,0,38.304328918457,0,0,5.12698698043823,0,0,43.930908203125,5.12698698043823,0,0,10.9016904830933,0,1.73398804664612,0,0,182.019271850586,0,40.3300018310547,1921.96606445313
38003968000,1899.31079101563,113.60888671875,19.7635040283203,0,0,39.3390197753906,0,0,75.5022811889648,41.0386581420898,0,0,49.5814018249512,0,0,13.9534683227539,0,0,67.7343978881836,0,0,9.72364616394043,0,0,78.0886917114258,9.89689636230469,0,0,20.9420623779297,0,2.81004953384399,0,0,303.943176269531,0,130.799987792969,2876.03662109375
38003968200,1560.04223632813,179.09602355957,31.3476676940918,0,0,59.7544975280762,0,0,138.632537841797,74.3201065063477,0,0,92.107551574707,0,0,18.3000316619873,0,0,83.490104675293,0,0,10.5141487121582,0,0,107.113548278809,13.3110342025757,0,0,33.1438674926758,0,4.66492033004761,0,0,470.74560546875,0,119.899993896484,2996.48388671875
38003968300,2042.90600585938,163.292449951172,20.5115909576416,0,0,41.2372131347656,0,0,78.7517929077148,42.5865020751953,0,0,51.4656982421875,0,0,17.965389251709,0,0,79.8183898925781,0,0,7.5448112487793,0,0,102.578300476074,13.1617116928101,0,0,35.997386932373,0,1.99711585044861,0,0,473.060729980469,0,0,3172.87475585938
38005940100,859.117919921875,44.8817481994629,12.6341247558594,0,0,24.2598133087158,0,0,21.9999675750732,11.875280380249,0,0,14.5694551467896,0,0,7.45012903213501,0,0,18.7396450042725,0,0,1.25913095474243,0,0,15.6099729537964,1.33563101291656,0,0,16.6852016448975,0,0.687155961990356,0,0,165.100814819336,0,77.3899993896484,1293.59594726563
38005940200,792.035583496094,19.0027198791504,2.95595622062683,0,0,6.14875268936157,0,0,9.24088859558105,5.00595998764038,0,0,6.08142280578613,0,0,1.57537794113159,0,0,6.9794659614563,0,0,0.533398985862732,0,0,6.30763816833496,0.533398985862732,0,0,5.32066106796265,0,1.49923276901245,0,0,77.5995254516602,0,190.75,1131.57006835938
38005956500,784.947875976563,49.1147727966309,8.94077587127686,0,0,17.092098236084,0,0,35.3674583435059,19.0968208312988,0,0,23.1408214569092,0,0,5.67732858657837,0,0,27.1245956420898,0,0,4.11160898208618,0,0,32.1866264343262,4.11160898208618,0,0,8.92650604248047,0,0.653746783733368,0,0,123.776336669922,0,43.5999984741211,1187.86889648438
38005956600,714.265197753906,46.2177200317383,6.83658981323242,0,0,13.8333587646484,0,0,25.8803844451904,14.0730304718018,0,0,17.0036773681641,0,0,4.18351078033447,0,0,21.5000324249268,0,0,2.56454086303711,0,0,23.195873260498,2.56454086303711,0,0,8.67922592163086,0,0.858100771903992,0,0,119.638214111328,0,42.5099983215332,1063.80395507813
38007963100,624.564758300781,37.0377006530762,5.04573678970337,0,0,8.72995376586914,0,0,17.3471832275391,9.36491680145264,0,0,11.284348487854,0,0,2.32442355155945,0,0,11.7111768722534,0,0,1.11496794223785,0,0,13.443323135376,1.25671792030334,0,0,6.82656860351563,0,1.25596594810486,0,0,97.8412857055664,0,75.2099914550781,924.359008789063
38009952300,1361.42333984375,123.667549133301,15.55348777771,0,0,30.3695220947266,0,0,54.5318183898926,29.6637744903564,0,0,36.3636512756348,0,0,12.907154083252,0,0,55.3988647460938,0,0,4.73014974594116,0,0,65.7548904418945,7.76459980010986,0,0,22.6589412689209,0,3.89130568504334,0,0,308.613983154297,0,58.8600044250488,2192.15307617188
38009952400,2565.28881835938,81.7032852172852,12.1274003982544,0,0,23.1597366333008,0,0,47.7480583190918,25.8121910095215,0,0,31.1915168762207,0,0,6.81662082672119,0,0,35.1318473815918,0,0,4.48124313354492,0,0,39.7013664245605,4.48124313354492,0,0,13.5068693161011,0,2.04227709770203,0,0,217.117553710938,0,188.570007324219,3298.88012695313
38009952500,1411.70336914063,71.7752151489258,14.559455871582,0,0,27.8730602264404,0,0,48.0525703430176,25.9848899841309,0,0,31.5437602996826,0,0,9.73104190826416,0,0,39.8727340698242,0,0,5.48363065719604,0,0,46.1528015136719,5.7986307144165,0,0,14.2953748703003,0,0.934312760829926,0,0,189.701110839844,0,57.7700004577637,2001.23193359375
38011965200,1387.16381835938,103.175399780273,14.0732345581055,0,0,27.3866786956787,0,0,41.0686340332031,22.2350101470947,0,0,26.855094909668,0,0,8.36507511138916,0,0,35.674186706543,0,0,2.21209502220154,0,0,36.5851287841797,3.50359511375427,0,0,18.9319648742676,0,1.71185195446014,0,0,233.371154785156,0,57.7700004577637,2020.08276367188
38011965300,915.138305664063,64.1746978759766,10.5718994140625,0,0,20.5401630401611,0,0,48.3300094604492,26.1065635681152,0,0,31.6065731048584,0,0,7.91266202926636,0,0,37.7433166503906,0,0,5.95278072357178,0,0,47.6622085571289,6.31230068206787,0,0,12.5710954666138,0,0.638175964355469,0,0,159.126205444336,0,114.449996948242,1508.83679199219
38013953300,1832.30456542969,87.7854690551758,15.1708297729492,0,0,29.2818470001221,0,0,47.141658782959,25.5744857788086,0,0,31.0237293243408,0,0,8.09556198120117,0,0,36.7502326965332,0,0,3.81476283073425,0,0,38.3463401794434,3.84626269340515,0,0,15.0410995483398,0,1.75805473327637,0,0,218.26416015625,0,123.169998168945,2517.36865234375
38015010100,1892.29821777344,544.566528320313,78.2108306884766,0,0,147.615951538086,0,0,222.546417236328,120.213310241699,0,0,143.804504394531,0,0,51.7466735839844,0,0,209.467391967773,0,0,16.8397941589355,0,0,238.240234375,26.4181613922119,0,0,98.6634063720703,0,4.10788297653198,0,0,1097.32067871094,0,32.6999969482422,4924.76025390625
38015010200,2687.068359375,232.364105224609,21.0690040588379,0,0,48.6411476135254,0,0,122.615837097168,65.8367919921875,0,0,77.6587295532227,0,0,43.2210998535156,0,0,183.988143920898,0,0,23.7406482696533,0,0,263.804626464844,41.6079139709473,0,0,60.8494033813477,0,1.65328991413116,0,0,818.764892578125,0,77.3899993896484,4770.27392578125
38015010300,3263.1298828125,108.355400085449,17.7805213928223,0,0,38.0951385498047,0,0,42.937686920166,23.470760345459,0,0,28.6055660247803,0,0,14.7030048370361,0,0,50.4276580810547,0,0,3.19174194335938,0,0,51.3153686523438,5.69061422348022,0,0,54.6415939331055,0,4.40702342987061,0,0,660.25,0,0,4367.001953125
38015010400,2248.1357421875,308.765899658203,176.58251953125,0,0,273.526336669922,0,0,59.9585647583008,32.6205787658691,0,0,39.7783813476563,0,0,87.53515625,0,0,112.573883056641,0,0,2.59187793731689,0,0,84.4305419921875,2.59187793731689,0,0,64.473747253418,0,3.65311503410339,0,0,742.59375,0,0,4239.8115234375
38015010500,2589.41137695313,167.071014404297,37.2304267883301,0,0,76.6759490966797,0,0,144.490905761719,77.9529495239258,0,0,98.1226119995117,0,0,22.5480175018311,0,0,90.5353317260742,0,0,9.589599609375,0,0,107.217651367188,12.3385601043701,0,0,37.4864807128906,0,9.90686798095703,0,0,544.125244140625,0,0,4024.70361328125
38015010600,2472.04370117188,130.741302490234,20.4687595367432,0,0,39.0795783996582,0,0,54.4420394897461,29.7144012451172,0,0,36.1085014343262,0,0,9.51765632629395,0,0,40.6081771850586,0,0,1.97589886188507,0,0,38.3298454284668,2.16939902305603,0,0,31.4639873504639,0,1.7279759645462,0,0,391.650665283203,0,87.1999969482422,3387.24145507813
38015010700,2202.60229492188,238.388153076172,21.1467418670654,0,0,39.2522239685059,0,0,96.3124237060547,52.198169708252,0,0,63.0163955688477,0,0,5.12495374679565,0,0,55.3929977416992,0,0,2.15009093284607,0,0,57.1996002197266,2.73582911491394,0,0,32.3494644165039,0,3.28478217124939,0,0,468.569946289063,0,39.2400016784668,3378.96411132813
38015010800,946.998718261719,369.226409912109,43.8259315490723,0,0,79.0901184082031,0,0,194.702941894531,105.133865356445,0,0,127.185874938965,0,0,17.7320384979248,0,0,117.124961853027,0,0,12.3485050201416,0,0,137.49299621582,12.6972551345825,0,0,45.7529258728027,0,1.67970204353333,0,0,569.789733886719,0,1127.06005859375,3907.84204101563
38015010900,2214.16479492188,237.349044799805,36.3027229309082,0,0,62.1217651367188,0,0,118.072425842285,63.9973258972168,0,0,77.1688690185547,0,0,22.3766975402832,0,0,100.634498596191,0,0,11.4507188796997,0,0,126.451591491699,14.6322193145752,0,0,42.5862197875977,0,1.55293393135071,0,0,592.334289550781,0,13.0799999237061,3734.27661132813
38015011001,1931.5947265625,265.995330810547,39.4551887512207,0,0,68.657844543457,0,0,111.824111938477,60.612548828125,0,0,73.3102645874023,0,0,15.414568901062,0,0,72.7131118774414,0,0,4.16674947738647,0,0,75.7195205688477,4.89273452758789,0,0,42.2864799499512,0,2.29751920700073,0,0,552.803283691406,0,445.809997558594,3767.55419921875
38015011002,2498.05249023438,64.4028015136719,6.14093637466431,0,0,11.3598384857178,0,0,31.9889869689941,17.3500995635986,0,0,20.9273700714111,0,0,2.26275277137756,0,0,19.8206367492676,0,0,1.98875784873962,0,0,23.1454734802246,1.98875784873962,0,0,7.13769578933716,0,0.436980009078979,0,0,142.657516479492,0,461.070007324219,3310.73120117188
38015011101,2730.16918945313,145.511947631836,13.7822685241699,0,0,25.4721412658691,0,0,62.6702194213867,34.1309089660645,0,0,41.3613815307617,0,0,4.83590602874756,0,0,39.7883415222168,0,0,2.21414184570313,0,0,46.0456733703613,3.39275932312012,0,0,35.0583534240723,0,2.4331579208374,0,0,508.846588134766,0,13.0799999237061,3708.79296875
38015011103,1605.50500488281,153.288558959961,13.1561689376831,0,0,23.877140045166,0,0,59.8856735229492,32.4018592834473,0,0,39.0612030029297,0,0,1.95802617073059,0,0,29.5478610992432,0,0,0.41772797703743,0,0,28.8321170806885,0.433477997779846,0,0,23.9200878143311,0,0.361548006534576,0,0,325.253570556641,0,14.1700000762939,2352.06982421875
38015011104,2441.39038085938,35.4077796936035,4.37589406967163,0,0,9.17185592651367,0,0,16.272985458374,8.86436939239502,0,0,10.79030418396,0,0,2.12159371376038,0,0,11.3161840438843,0,0,0.693269968032837,0,0,10.7115812301636,0.693269968032837,0,0,6.21110820770264,0,0.557728826999664,0,0,109.898773193359,0,0,2668.47705078125
38015011105,1788.66357421875,32.3624000549316,3.77737259864807,0,0,7.67683744430542,0,0,14.4722213745117,7.85198497772217,0,0,9.49056434631348,0,0,1.82298374176025,0,0,9.86849594116211,0,0,0.684544920921326,0,0,9.52925968170166,0.684544920921326,0,0,5.44737863540649,0,0.251682013273239,0,0,87.3820266723633,0,75.2099914550781,2055.17602539063
38015011200,2552.07739257813,58.7047996520996,11.0691928863525,0,0,26.8569736480713,0,0,29.4675579071045,16.4735908508301,0,0,22.8016967773438,0,0,22.3180809020996,0,0,71.3770904541016,0,0,6.28197908401489,0,0,87.3471374511719,13.0477294921875,0,0,19.590539932251,0,14.388768196106,0,0,380.130462646484,0,467.609985351563,3799.54296875
38015011300,2699.22143554688,169.003753662109,22.4905796051025,0,0,39.3217239379883,0,0,90.8767776489258,49.0800399780273,0,0,59.2579460144043,0,0,11.9302968978882,0,0,64.8885498046875,0,0,7.84021139144897,0,0,80.0356597900391,8.91121196746826,0,0,20.9389228820801,0,0.725617527961731,0,0,313.269012451172,0,198.380004882813,3836.17138671875
38015011400,1323.75402832031,49.7617492675781,7.69737339019775,0,0,13.6263628005981,0,0,32.8482093811035,17.7555103302002,0,0,21.4502868652344,0,0,4.67156648635864,0,0,23.9552955627441,0,0,3.64708375930786,0,0,30.4844207763672,3.74158382415771,0,0,7.22510576248169,0,0.339617997407913,0,0,117.353935241699,0,163.5,1821.81201171875
38015011500,993.080383300781,37.199951171875,6.71112155914307,0,0,12.4325275421143,0,0,22.5439643859863,12.2363300323486,0,0,14.7753973007202,0,0,4.35086822509766,0,0,18.5759601593018,0,0,2.55530190467834,0,0,21.6577968597412,2.55530190467834,0,0,7.35215854644775,0,0.417085975408554,0,0,99.0288772583008,0,131.889984130859,1387.36303710938
38017000100,3398.97485351563,72.9327697753906,14.7573509216309,0,0,25.0364761352539,0,0,29.0643138885498,15.8657102584839,0,0,19.5089492797852,0,0,6.83845472335815,0,0,23.1579265594482,0,0,1.22599494457245,0,0,22.9819278717041,1.36999499797821,0,0,8.30038738250732,0,2.17834210395813,0,0,181.564498901367,0,0,3823.75756835938
38017000201,1523.24157714844,36.1391487121582,3.30483984947205,0,0,5.89659023284912,0,0,15.6340236663818,8.48622035980225,0,0,10.2325763702393,0,0,0.848018229007721,0,0,9.07351016998291,0,0,0.577100932598114,0,0,10.1931495666504,0.624350965023041,0,0,22.9028816223145,0,0.196451991796494,0,0,318.478515625,0,143.880004882813,2109.708984375
38017000202,1486.84997558594,122.508003234863,9.89240264892578,0,0,18.1544723510742,0,0,49.9094772338867,27.0542392730713,0,0,32.5707397460938,0,0,1.7816207408905,0,0,26.691349029541,0,0,1.11304187774658,0,0,27.7963256835938,1.11304187774658,0,0,21.4131698608398,0,0.422603994607925,0,0,294.084564208984,0,154.779998779297,2276.13500976563
38017000300,1296.78088378906,234.711563110352,45.8085556030273,0,0,87.3950729370117,0,0,104.240684509277,56.1414985656738,0,0,73.9613189697266,0,0,84.6186447143555,0,0,252.66731262207,0,0,27.5761241912842,0,0,337.654541015625,55.4845924377441,0,0,52.1150588989258,0,30.2023544311523,0,0,866.624755859375,0,4.35999965667725,3610.34301757813
38017000400,2099.31176757813,64.7957000732422,10.3506755828857,0,0,24.7273807525635,0,0,24.8185863494873,13.6517400741577,0,0,16.7323150634766,0,0,11.9292287826538,0,0,39.8110008239746,0,0,2.72284293174744,0,0,42.9002799987793,5.57504892349243,0,0,35.687198638916,0,3.29902410507202,0,0,407.539123535156,0,0,2803.85205078125
38017000501,2018.08520507813,115.675903320313,13.391152381897,0,0,37.841438293457,0,0,63.9266052246094,33.8575592041016,0,0,38.812614440918,0,0,39.6388816833496,0,0,141.28564453125,0,0,19.21116065979,0,0,199.023040771484,34.2848892211914,0,0,46.5280227661133,0,0.772539973258972,0,0,504.928344726563,0,52.3199996948242,3359.58325195313
38017000502,1196.783203125,35.1231803894043,3.95615100860596,0,0,8.10174560546875,0,0,15.4747724533081,8.4665699005127,0,0,10.7420101165771,0,0,3.57668137550354,0,0,15.6051988601685,0,0,1.13372993469238,0,0,17.0014400482178,1.81772994995117,0,0,21.7768478393555,0,2.84428882598877,0,0,311.950500488281,0,0,1654.35424804688
38017000600,2260.66528320313,1173.34252929688,169.010162353516,0,0,306.323120117188,0,0,839.052124023438,450.936096191406,0,0,548.920593261719,0,0,80.9858169555664,0,0,487.231384277344,0,0,71.8301162719727,0,0,631.603088378906,74.5548629760742,0,0,153.490798950195,0,5.86765003204346,0,0,2032.59912109375,0,116.629989624023,9403.0419921875
38017000700,979.050537109375,664.116516113281,77.3705825805664,0,0,141.750198364258,0,0,314.844787597656,170.409439086914,0,0,208.55500793457,0,0,37.4185752868652,0,0,208.794586181641,0,0,17.6730422973633,0,0,226.594696044922,19.9861946105957,0,0,93.3529968261719,0,19.1420612335205,0,0,1211.56286621094,0,38.1500015258789,4428.77197265625
38017000801,1631.26745605469,146.630462646484,17.8846263885498,0,0,36.507884979248,0,0,65.0654373168945,35.1059608459473,0,0,41.7192649841309,0,0,18.7123470306396,0,0,80.1911239624023,0,0,8.25814056396484,0,0,104.242118835449,14.4133396148682,0,0,39.1595993041992,0,1.98120427131653,0,0,519.074035644531,0,0,2760.21313476563
38017000802,2681.06982421875,76.152099609375,6.44361400604248,0,0,12.3829898834229,0,0,30.25461769104,16.413179397583,0,0,19.8128700256348,0,0,6.77731895446777,0,0,33.8681602478027,0,0,2.80207777023315,0,0,45.5011825561523,5.86657762527466,0,0,28.2978191375732,0,0.377496004104614,0,0,430.852233886719,0,173.309997558594,3570.18237304688
38017000901,2885.14379882813,129.22590637207,12.5085582733154,0,0,24.0092105865479,0,0,55.0715675354004,29.841329574585,0,0,35.9779434204102,0,0,7.28571510314941,0,0,43.1813201904297,0,0,3.21499085426331,0,0,51.3236503601074,5.16674470901489,0,0,21.9764442443848,0,0.658115983009338,0,0,322.105651855469,0,0,3626.69140625
38017000903,1572.45642089844,148.772796630859,18.0758666992188,0,0,30.1073455810547,0,0,57.9143142700195,31.3595790863037,0,0,37.8270416259766,0,0,5.2734227180481,0,0,33.2542724609375,0,0,1.36068689823151,0,0,34.2141761779785,1.39439189434052,0,0,39.0333061218262,0,2.85045838356018,0,0,531.037963867188,0,0,2544.93212890625
38017000904,2075.31298828125,70.6511535644531,9.80124378204346,0,0,17.7381687164307,0,0,31.5979042053223,17.1384048461914,0,0,20.7155590057373,0,0,4.06062412261963,0,0,20.769136428833,0,0,1.51029694080353,0,0,21.6207046508789,1.51029694080353,0,0,21.2329578399658,0,0.492070019245148,0,0,291.162475585938,0,14.1700000762939,2619.48388671875
38017001001,2930.0673828125,185.790100097656,14.6617851257324,0,0,25.8691387176514,0,0,78.3283386230469,42.4087295532227,0,0,51.0030517578125,0,0,2.83327078819275,0,0,42.7407188415527,0,0,2.53987669944763,0,0,48.0039024353027,2.78062677383423,0,0,36.7018013000488,0,0.406637996435165,0,0,529.840576171875,0,0,3993.97583007813
38017001002,1314.76794433594,118.967597961426,10.0553665161133,0,0,18.4969463348389,0,0,47.5901565551758,25.7802314758301,0,0,31.0638904571533,0,0,7.90253400802612,0,0,44.4765663146973,0,0,3.45454788208008,0,0,58.1292533874512,6.84079837799072,0,0,25.6291675567627,0,0.646942019462585,0,0,357.732025146484,0,57.7700004577637,2129.30419921875
38017010106,1717.35144042969,319.463195800781,25.4930229187012,0,0,44.8376159667969,0,0,132.23518371582,71.5423355102539,0,0,86.0354080200195,0,0,3.99985599517822,0,0,68.2464447021484,0,0,3.36161971092224,0,0,74.034309387207,3.42182970046997,0,0,76.6136322021484,0,11.5076179504395,0,0,1032.76733398438,0,0,3670.91040039063
38017010107,851.245300292969,579.404663085938,97.8443603515625,0,0,173.57666015625,0,0,497.662567138672,267.682434082031,0,0,324.761322021484,0,0,62.282470703125,0,0,331.21142578125,0,0,59.7926979064941,0,0,448.312835693359,60.6088829040527,0,0,102.526985168457,0,1.09195637702942,0,0,1278.95251464844,0,304.109985351563,5441.06689453125
38017010108,2317.11572265625,145.66780090332,11.310263633728,0,0,19.5685443878174,0,0,60.0790328979492,32.4945602416992,0,0,39.0204010009766,0,0,1.67027699947357,0,0,31.1257133483887,0,0,1.67027699947357,0,0,34.2276573181152,1.67027699947357,0,0,35.2336006164551,0,0.107712000608444,0,0,495.210205078125,0,9.8100004196167,3235.98193359375
38017010109,1761.720703125,140.984802246094,12.3808336257935,0,0,22.4779796600342,0,0,60.4222717285156,32.6708297729492,0,0,39.3335418701172,0,0,3.49857139587402,0,0,34.4258079528809,0,0,2.16745591163635,0,0,37.7707672119141,2.45095586776733,0,0,16.4243278503418,0,0.215153992176056,0,0,234.506851196289,0,329.179992675781,2730.63061523438
38017010201,2944.69458007813,200.521347045898,28.4685230255127,0,0,51.723991394043,0,0,146.759368896484,78.7222671508789,0,0,96.1671524047852,0,0,11.2854824066162,0,0,75.0827865600586,0,0,10.6464557647705,0,0,98.2641677856445,11.0244560241699,0,0,28.4082794189453,0,0.878621935844421,0,0,434.190460205078,0,42.5099983215332,4259.34716796875
38017010203,1318.00170898438,74.9911956787109,16.9370059967041,0,0,34.1643524169922,0,0,66.1152191162109,35.4011993408203,0,0,43.792781829834,0,0,8.0878210067749,0,0,33.2419548034668,0,0,4.14631080627441,0,0,37.7256889343262,4.14631080627441,0,0,24.17041015625,0,1.32685601711273,0,0,281.6220703125,0,93.7399978637695,2077.61108398438
38017010204,3172.00219726563,58.7153015136719,6.22992610931396,0,0,11.2483472824097,0,0,27.8296203613281,15.0482397079468,0,0,18.0651054382324,0,0,3.02574372291565,0,0,19.027853012085,0,0,2.01098084449768,0,0,21.9797897338867,2.15273094177246,0,0,19.1772613525391,0,0.206491991877556,0,0,294.804962158203,0,0,3671.52465820313
38017010303,3038.05590820313,158.245407104492,15.6078414916992,0,0,28.1783027648926,0,0,77.2889022827148,41.8268814086914,0,0,50.2967796325684,0,0,6.48230886459351,0,0,49.3070220947266,0,0,5.24021863937378,0,0,57.6614303588867,5.33471870422363,0,0,36.7074356079102,0,0.524190008640289,0,0,501.671630859375,0,0,4072.42919921875
38017010305,2764.37915039063,145.638595581055,11.9162111282349,0,0,21.5531330108643,0,0,64.7281265258789,35.0918579101563,0,0,42.3029708862305,0,0,3.88151502609253,0,0,40.1966361999512,0,0,3.04676485061646,0,0,48.002571105957,3.88151502609253,0,0,31.8778038024902,0,0.964284002780914,0,0,468.563842773438,0,0,3686.025390625
38017010306,2016.87561035156,133.036102294922,11.1880140304565,0,0,21.0753135681152,0,0,60.1879615783691,32.665943145752,0,0,39.5227546691895,0,0,5.60936164855957,0,0,43.4757614135742,0,0,3.41937685012817,0,0,54.4114151000977,5.34087705612183,0,0,25.3289680480957,0,0.96479594707489,0,0,376.806701660156,0,0,2829.90869140625
38017010307,1515.27307128906,54.0311012268066,8.31180953979492,0,0,17.8038883209229,0,0,23.4891166687012,12.7305097579956,0,0,15.4215364456177,0,0,5.25371551513672,0,0,18.9837226867676,0,0,1.213014960289,0,0,15.6501865386963,1.24671995639801,0,0,13.4067687988281,0,0.283121973276138,0,0,132.849594116211,0,0,1835.94763183594
38017040100,1196.28503417969,90.9574584960938,13.9691591262817,0,0,26.5074672698975,0,0,55.0680923461914,29.8227405548096,0,0,36.0401992797852,0,0,8.39957714080811,0,0,41.7935791015625,0,0,5.61198472976685,0,0,48.5248146057129,5.61198472976685,0,0,15.4599494934082,0,1.09044241905212,0,0,204.002548217773,0,123.169998168945,1902.31481933594
38017040200,1320.61657714844,65.8926086425781,10.4613180160522,0,0,19.0588665008545,0,0,51.5196533203125,27.8649005889893,0,0,33.7308006286621,0,0,7.76323843002319,0,0,40.5062446594238,0,0,6.77774953842163,0,0,54.035472869873,7.26599931716919,0,0,10.7324209213257,0,0.558800339698792,0,0,173.35546875,0,106.819999694824,1936.9599609375
38017040300,1787.05505371094,136.51171875,17.9231567382813,0,0,33.9335746765137,0,0,81.8815612792969,44.3573226928711,0,0,53.6769485473633,0,0,9.44637966156006,0,0,56.9814453125,0,0,7.41052579879761,0,0,67.8125076293945,7.41052579879761,0,0,21.5388164520264,0,1.7338148355484,0,0,310.986785888672,0,59.9499969482422,2698.61059570313
38017040400,1790.92077636719,102.368194580078,24.9537391662598,0,0,47.9016494750977,0,0,126.00203704834,67.2412109375,0,0,83.1882171630859,0,0,10.9524393081665,0,0,56.0593795776367,0,0,10.107855796814,0,0,77.3789291381836,10.107855796814,0,0,12.4099998474121,0,0.321642011404037,0,0,198.267150878906,0,88.2900009155273,2706.470703125
38017040500,11697.0498046875,289.541931152344,29.803581237793,0,0,54.9166069030762,0,0,140.566802978516,76.05712890625,0,0,91.7493362426758,0,0,15.6928176879883,0,0,99.5183486938477,0,0,9.94310760498047,0,0,120.528244018555,12.4677209854126,0,0,88.0558624267578,0,1.05046391487122,0,0,1310.76086425781,0,154.779998779297,14192.482421875
38017040600,1797.85107421875,95.1367797851563,18.961009979248,0,0,34.3775520324707,0,0,61.9177627563477,33.4530868530273,0,0,40.8207702636719,0,0,9.37586784362793,0,0,41.0244903564453,0,0,5.08685779571533,0,0,48.1163063049316,5.08685779571533,0,0,15.4372568130493,0,1.10472917556763,0,0,226.950576782227,0,81.75,2516.451171875
38019950900,1396.84265136719,133.017715454102,16.3204650878906,0,0,31.0671577453613,0,0,66.9506149291992,36.3599395751953,0,0,43.8565483093262,0,0,11.1038017272949,0,0,57.743221282959,0,0,6.09466600418091,0,0,72.2581558227539,8.42878437042236,0,0,24.3295307159424,0,3.00938034057617,0,0,346.460235595703,0,26.1599998474121,2280.0029296875
38019951100,1744.89929199219,93.6200103759766,15.1123523712158,0,0,28.1825885772705,0,0,66.2331085205078,35.7932472229004,0,0,43.1858558654785,0,0,10.8143072128296,0,0,54.0941467285156,0,0,8.60444641113281,0,0,67.646240234375,9.01394653320313,0,0,14.6613826751709,0,0.972392439842224,0,0,231.065689086914,0,115.540000915527,2539.43920898438
38021973200,1248.10168457031,164.114151000977,22.0079345703125,0,0,43.1198844909668,0,0,95.1320648193359,51.3250694274902,0,0,62.372615814209,0,0,13.8459520339966,0,0,69.388053894043,0,0,7.72687101364136,0,0,84.5681915283203,9.85970783233643,0,0,30.8398971557617,0,1.35401391983032,0,0,379.007934570313,0,112.269989013672,2395.0341796875
38021973300,1050.18005371094,59.8934593200684,10.3794422149658,0,0,19.2551689147949,0,0,47.5666999816895,25.6784439086914,0,0,31.090991973877,0,0,6.8576774597168,0,0,35.4733772277832,0,0,5.98054885864258,0,0,45.0747146606445,5.98054885864258,0,0,10.1585712432861,0,1.13422036170959,0,0,159.998031616211,0,63.2200012207031,1577.921875
38021973400,867.068054199219,55.8791999816895,8.37302112579346,0,0,16.6097679138184,0,0,29.390251159668,15.967095375061,0,0,19.4537239074707,0,0,8.22956657409668,0,0,33.3279418945313,0,0,3.54772210121155,0,0,43.2186965942383,5.82922220230103,0,0,13.3240451812744,0,0.848380029201508,0,0,173.620315551758,0,40.3300018310547,1335.01708984375
38023954500,1795.37622070313,124.884437561035,17.3844432830811,0,0,32.3866691589355,0,0,57.7627449035645,31.2834568023682,0,0,37.7057685852051,0,0,11.1360731124878,0,0,50.2038650512695,0,0,4.73069286346436,0,0,59.3564949035645,6.73319292068481,0,0,18.9048671722412,0,1.10191750526428,0,0,263.253112792969,0,26.1599998474121,2538.36352539063
38025962200,2347.31396484375,83.7020111083984,14.7871751785278,0,0,28.3214168548584,0,0,55.2398529052734,29.8716907501221,0,0,36.3535575866699,0,0,11.8086175918579,0,0,50.6930999755859,0,0,6.69566679000854,0,0,64.7023086547852,8.6959171295166,0,0,16.0184497833252,0,1.27201843261719,0,0,251.122329711914,0,545,3551.59765625
38027959200,1565.91833496094,90.0703506469727,15.7457246780396,0,0,28.629487991333,0,0,48.4359436035156,26.2405776977539,0,0,31.7030086517334,0,0,10.9714469909668,0,0,44.8881301879883,0,0,5.40765905380249,0,0,54.2880668640137,6.73065900802612,0,0,16.7149353027344,0,0.766103982925415,0,0,231.640518188477,0,63.2200012207031,2241.37109375
38029966500,2499.09057617188,149.324325561523,22.2105693817139,0,0,44.1167907714844,0,0,81.3285140991211,44.0930290222168,0,0,53.2350196838379,0,0,15.4070310592651,0,0,72.2015609741211,0,0,8.36884784698486,0,0,83.1456451416016,9.98255825042725,0,0,27.0594615936279,0,2.72656893730164,0,0,376.11572265625,0,213.639999389648,3702.04638671875
38031959600,2199.13818359375,208.545257568359,28.0631160736084,0,0,51.5899658203125,0,0,126.062812805176,68.2503890991211,0,0,82.5955505371094,0,0,16.8482971191406,0,0,92.1455688476563,0,0,12.2396965026855,0,0,115.909133911133,13.6122131347656,0,0,35.1155166625977,0,1.57106590270996,0,0,460.149078369141,0,112.269989013672,3624.10595703125
38033962900,1110.16540527344,98.4379043579102,11.5619010925293,0,0,21.8386344909668,0,0,48.6442947387695,26.4001140594482,0,0,31.8978290557861,0,0,5.37413167953491,0,0,33.0290451049805,0,0,3.19410371780396,0,0,37.0318641662598,3.31110382080078,0,0,15.4337587356567,0,1.0741959810257,0,0,203.316680908203,0,88.2900009155273,1739.0009765625
38035010100,1800.6982421875,219.766403198242,21.875904083252,0,0,40.7428665161133,0,0,99.9626388549805,54.2783241271973,0,0,65.5928421020508,0,0,7.64345741271973,0,0,61.5791854858398,0,0,4.54214191436768,0,0,68.4240951538086,4.98563957214355,0,0,40.8947830200195,0,3.17534971237183,0,0,542.341186523438,0,0,3036.5029296875
38035010200,2389.05981445313,121.801200866699,12.4356184005737,0,0,23.9962959289551,0,0,54.047966003418,29.2963199615479,0,0,35.3763008117676,0,0,4.62236785888672,0,0,33.2077789306641,0,0,2.2026059627533,0,0,34.3406410217285,2.26560592651367,0,0,24.6485366821289,0,0.600623965263367,0,0,326.116241455078,0,0,3094.017578125
38035010300,1128.07080078125,153.666259765625,39.7537574768066,0,0,79.0936508178711,0,0,35.5489654541016,19.3701553344727,0,0,32.3129234313965,0,0,91.237174987793,0,0,235.859634399414,0,0,22.9022941589355,0,0,295.578155517578,51.0296783447266,0,0,50.4277839660645,0,47.7897834777832,0,0,910.447998046875,0,0,3193.08911132813
38035010400,2114.83764648438,105.026100158691,17.2272415161133,0,0,30.5894470214844,0,0,56.0541572570801,30.196870803833,0,0,36.8115844726563,0,0,8.8735933303833,0,0,37.7605628967285,0,0,3.97034883499146,0,0,42.6320838928223,4.33259868621826,0,0,35.8377456665039,0,2.38078308105469,0,0,478.828369140625,0,436,3441.35888671875
38035010600,1032.83190917969,99.8258285522461,18.2812671661377,0,0,32.6629180908203,0,0,38.1750602722168,20.8512496948242,0,0,25.3624744415283,0,0,10.8839950561523,0,0,39.0330810546875,0,0,2.29734706878662,0,0,44.133602142334,4.290846824646,0,0,27.2557697296143,0,1.44166326522827,0,0,354.092010498047,0,0,1751.4189453125
38035010700,938.538391113281,78.6564025878906,6.51293087005615,0,0,11.6427240371704,0,0,32.4894256591797,17.5710601806641,0,0,21.1250610351563,0,0,1.28383994102478,0,0,17.8928108215332,0,0,0.949439942836761,0,0,19.2257709503174,1.04843997955322,0,0,10.8594455718994,0,0.251022011041641,0,0,162.207229614258,0,0,1320.25402832031
38035010801,2229.47412109375,198.148956298828,31.6056289672852,0,0,67.4617309570313,0,0,171.444396972656,91.3410873413086,0,0,109.410369873047,0,0,49.4266014099121,0,0,199.403015136719,0,0,31.4696350097656,0,0,291.287506103516,47.5757255554199,0,0,49.0661239624023,0,0.494359970092773,0,0,630.416809082031,0,0,4198.0263671875
38035010803,2305.29711914063,250.060653686523,22.2300682067871,0,0,40.4958877563477,0,0,99.4560012817383,54.0108489990234,0,0,65.2013092041016,0,0,4.99168872833252,0,0,54.5581321716309,0,0,1.60805094242096,0,0,56.9241561889648,2.30816102027893,0,0,55.264217376709,0,1.84677004814148,0,0,737.578002929688,0,208.190002441406,3960.0205078125
38035010804,1791.91845703125,226.194686889648,18.2333660125732,0,0,31.7816581726074,0,0,95.7428207397461,51.8340187072754,0,0,62.3814811706543,0,0,6.65248537063599,0,0,60.8711090087891,0,0,4.32893848419189,0,0,74.3919525146484,6.51224899291992,0,0,43.6887435913086,0,1.87559795379639,0,0,612.517395019531,0,0,3088.9248046875
38035010900,934.973754882813,31.5182018280029,3.01959323883057,0,0,5.87750816345215,0,0,11.8874025344849,6.42599010467529,0,0,7.73614645004272,0,0,0.92866837978363,0,0,6.73127889633179,0,0,0.113331995904446,0,0,5.86291694641113,0.13374400138855,0,0,5.4496488571167,0,4.42980006337166E-02,0,0,74.9955139160156,0,14.1700000762939,1109.86791992188
38035011000,1202.21350097656,60.5678977966309,5.32217025756836,0,0,10.622220993042,0,0,25.5393524169922,13.9141998291016,0,0,16.8626270294189,0,0,1.40011358261108,0,0,15.086669921875,0,0,0.575706958770752,0,0,15.4496622085571,0.670206964015961,0,0,13.7982835769653,0,0.790171980857849,0,0,193.471267700195,0,9.8100004196167,1586.09411621094
38035011100,2788.34497070313,49.3711814880371,4.48393058776855,0,0,8.2613582611084,0,0,23.1876239776611,12.584810256958,0,0,15.2825574874878,0,0,1.59138739109039,0,0,13.7033061981201,0,0,1.03411102294922,0,0,16.033878326416,1.32602596282959,0,0,4.71996259689331,0,0.591053783893585,0,0,121.743713378906,0,6.53999996185303,3068.7998046875
38035011200,3412.78686523438,256.041809082031,20.139461517334,0,0,38.2272300720215,0,0,103.039405822754,55.9905624389648,0,0,67.6056518554688,0,0,2.95209503173828,0,0,54.1949806213379,0,0,1.3823698759079,0,0,54.9316558837891,1.49070739746094,0,0,46.6443481445313,0,1.51383590698242,0,0,652.512023925781,0,137.339996337891,4906.79296875
38035011400,1388.1865234375,56.5908393859863,9.59630107879639,0,0,19.6009178161621,0,0,35.051643371582,19.0254497528076,0,0,23.0772495269775,0,0,6.11335372924805,0,0,28.811710357666,0,0,3.61228275299072,0,0,31.1970291137695,3.61228275299072,0,0,10.41139793396,0,1.12552571296692,0,0,148.00846862793,0,110.089996337891,1894.11096191406
38035011700,2924.7705078125,600.299194335938,80.4384384155273,0,0,146.600723266602,0,0,367.898193359375,198.387405395508,0,0,240.302658081055,0,0,39.8402824401855,0,0,231.98698425293,0,0,30.8678112030029,0,0,283.778961181641,31.2615604400635,0,0,81.1644973754883,0,3.90346789360046,0,0,1023.28747558594,0,406.570007324219,6691.35791015625
38035011800,1138.205078125,67.6638488769531,8.5702018737793,0,0,15.5519876480103,0,0,44.152027130127,23.91628074646,0,0,28.7517509460449,0,0,7.68949556350708,0,0,39.9357643127441,0,0,6.1751823425293,0,0,53.9693565368652,7.37030649185181,0,0,11.2384605407715,0,0.476791977882385,0,0,180.698425292969,0,71.9400024414063,1706.3046875
38035011900,1225.18994140625,48.4163475036621,12.6315727233887,0,0,20.6790046691895,0,0,14.2559719085693,7.70598983764648,0,0,9.34705066680908,0,0,17.6285285949707,0,0,50.4885635375977,0,0,5.38037252426147,0,0,73.7925643920898,11.9683723449707,0,0,14.0475368499756,0,0.438354015350342,0,0,213.600860595703,0,0,1725.57092285156
38035012000,1668.08422851563,79.5991516113281,11.8994855880737,0,0,24.0633926391602,0,0,44.2754325866699,24.1179294586182,0,0,29.1985683441162,0,0,8.17337226867676,0,0,39.8299140930176,0,0,4.63608551025391,0,0,45.115406036377,5.23458576202393,0,0,15.9064722061157,0,1.77730989456177,0,0,227.106781005859,0,202.740020751953,2431.75805664063
38037965900,2060.88232421875,114.712944030762,16.6905059814453,0,0,31.9356517791748,0,0,68.5611190795898,37.1630401611328,0,0,44.9623336791992,0,0,10.4069738388062,0,0,52.8767204284668,0,0,6.87328767776489,0,0,62.6609001159668,7.26703786849976,0,0,20.3875885009766,0,1.27861762046814,0,0,284.845825195313,0,178.759979248047,3000.26489257813
38039968600,1770.65881347656,123.232460021973,22.3670272827148,0,0,44.4999008178711,0,0,97.9769592285156,52.8255004882813,0,0,64.820068359375,0,0,12.7818155288696,0,0,63.3979949951172,0,0,8.63365459442139,0,0,78.1495361328125,9.41724014282227,0,0,22.8288917541504,0,2.33182239532471,0,0,318.032440185547,0,66.4900054931641,2758.44360351563
38041964700,798.527099609375,50.5959091186523,6.86196184158325,0,0,12.9243316650391,0,0,24.8186187744141,13.4857997894287,0,0,16.2861080169678,0,0,5.03987836837769,0,0,22.965576171875,0,0,2.46276593208313,0,0,27.9513378143311,3.36011099815369,0,0,9.39161109924316,0,0.564232409000397,0,0,127.057655334473,0,34.879997253418,1157.1728515625
38041964800,947.172180175781,63.953052520752,10.0459184646606,0,0,19.74365234375,0,0,35.0216293334961,18.9589824676514,0,0,22.798849105835,0,0,7.86787939071655,0,0,32.4324607849121,0,0,4.05777454376221,0,0,37.7231216430664,4.76218271255493,0,0,14.2557678222656,0,0.701492011547089,0,0,160.417114257813,0,65.3999938964844,1445.31213378906
38043966800,1920.74548339844,91.2992172241211,14.721791267395,0,0,29.0841045379639,0,0,52.7569808959961,28.6175193786621,0,0,34.5778503417969,0,0,9.16996002197266,0,0,43.3624725341797,0,0,5.41306638717651,0,0,47.2635536193848,5.41306638717651,0,0,17.2407035827637,0,1.47738075256348,0,0,239.051666259766,0,271.410003662109,2811.60498046875
38045972100,985.210388183594,88.6231079101563,17.3641223907471,0,0,32.706901550293,0,0,47.0923767089844,25.5820903778076,0,0,30.906530380249,0,0,11.7250213623047,0,0,44.5634994506836,0,0,5.20686483383179,0,0,49.3733291625977,5.8211145401001,0,0,19.2281379699707,0,1.36105239391327,0,0,228.948516845703,0,73.0299987792969,1666.74304199219
38045972200,1891.46081542969,118.07884979248,18.5398864746094,0,0,36.1091117858887,0,0,78.46435546875,42.5629425048828,0,0,51.75927734375,0,0,11.4240217208862,0,0,58.7538108825684,0,0,7.86300992965698,0,0,70.935791015625,8.27250957489014,0,0,21.4663410186768,0,2.02947187423706,0,0,301.309722900391,0,54.5,2773.5302734375
38047972500,1366.45532226563,88.3128890991211,13.5395498275757,0,0,26.7677268981934,0,0,53.6964797973633,29.1484317779541,0,0,35.2813911437988,0,0,10.6462411880493,0,0,48.7374267578125,0,0,6.38957738876343,0,0,59.0617141723633,7.52357769012451,0,0,17.7713432312012,0,1.24076747894287,0,0,231.451583862305,0,66.4900054931641,2062.51391601563
38049955600,1563.39208984375,107.832427978516,15.4975242614746,0,0,30.1451568603516,0,0,49.294116973877,26.7489948272705,0,0,32.2606353759766,0,0,8.08504390716553,0,0,37.9606437683105,0,0,3.27086782455444,0,0,37.3724937438965,3.27086782455444,0,0,19.3266487121582,0,1.25645112991333,0,0,236.324966430664,0,136.25,2308.2890625
38049955900,1958.63513183594,84.3193740844727,14.5083751678467,0,0,29.2726058959961,0,0,51.3366317749023,27.9354038238525,0,0,33.8643913269043,0,0,10.6952667236328,0,0,47.9876251220703,0,0,6.06637477874756,0,0,55.1404800415039,6.82237482070923,0,0,17.9539241790771,0,1.78541278839111,0,0,253.055679321289,0,134.070007324219,2733.44897460938
38051972900,2419.25708007813,130.967636108398,22.9977130889893,0,0,45.9155082702637,0,0,92.8636779785156,50.0595703125,0,0,60.9485855102539,0,0,17.9304828643799,0,0,78.6888656616211,0,0,10.5120258331299,0,0,99.8213882446289,13.4525156021118,0,0,24.8688068389893,0,2.16650748252869,0,0,350.495513916016,0,107.910003662109,3528.85595703125
38053940100,570.989501953125,4.4047999382019,0.511636972427368,0,0,0.955151975154877,0,0,2.56110906600952,1.39409995079041,0,0,1.68640196323395,0,0,0.312578797340393,0,0,1.97643578052521,0,0,0.253616988658905,0,0,2.51793146133423,0.285117000341415,0,0,1.14203381538391,0,5.39279989898205E-02,0,0,26.7266578674316,0,62.129997253418,677.901000976563
38053962300,1149.07202148438,69.1184539794922,14.1604623794556,0,0,26.6389846801758,0,0,47.9195594787598,25.8141078948975,0,0,31.335376739502,0,0,10.1222515106201,0,0,39.9921989440918,0,0,5.72577810287476,0,0,48.3883857727051,6.46602821350098,0,0,14.180645942688,0,0.528021991252899,0,0,177.779800415039,0,161.320007324219,1828.56225585938
38053962400,1331.53747558594,72.3627548217773,9.4099702835083,0,0,18.2878856658936,0,0,32.9134826660156,17.8708000183105,0,0,21.5977954864502,0,0,6.56150197982788,0,0,30.0980434417725,0,0,2.60727787017822,0,0,35.9612579345703,4.03680801391602,0,0,13.380223274231,0,0.787820041179657,0,0,181.839889526367,0,30.5200023651123,1809.77307128906
38053962500,878.403747558594,12.6591501235962,2.95725703239441,0,0,6.08207511901855,0,0,9.61620426177979,5.22014999389648,0,0,6.32971334457397,0,0,3.27535462379456,0,0,12.8576326370239,0,0,1.85720098018646,0,0,16.2057609558105,2.47370100021362,0,0,3.03864502906799,0,0.461075991392136,0,0,61.0653381347656,0,117.720008850098,1140.22290039063
38055960800,2870.89306640625,140.403945922852,20.1109008789063,0,0,39.0270919799805,0,0,73.3547286987305,39.7729988098145,0,0,48.1924285888672,0,0,12.1462144851685,0,0,59.4546356201172,0,0,6.19653701782227,0,0,67.6035461425781,7.42953681945801,0,0,25.6545181274414,0,2.49122595787048,0,0,371.463531494141,0,188.570007324219,3972.76489257813
38055961000,4029.4248046875,180.672821044922,26.475528717041,0,0,54.2786865234375,0,0,101.446815490723,55.0485763549805,0,0,66.514274597168,0,0,21.5875854492188,0,0,96.9920883178711,0,0,11.5007305145264,0,0,115.528747558594,14.6925497055054,0,0,40.5999450683594,0,4.52162456512451,0,0,547.346313476563,0,524.289978027344,5890.92041015625
38057961600,1529.06774902344,77.2158584594727,7.71459913253784,0,0,16.1231117248535,0,0,36.9541969299316,20.077953338623,0,0,24.3393001556396,0,0,4.86071825027466,0,0,30.1939582824707,0,0,2.41333794593811,0,0,36.7726058959961,4.05729722976685,0,0,11.5610628128052,0,1.14909839630127,0,0,191.414154052734,0,52.3199996948242,2046.23498535156
38057961700,1871.80969238281,91.5976486206055,10.7600812911987,0,0,22.9810333251953,0,0,39.4900016784668,21.5662097930908,0,0,26.2956848144531,0,0,6.43229961395264,0,0,33.9786109924316,0,0,1.90622198581696,0,0,36.0991859436035,3.24497199058533,0,0,21.3268280029297,0,1.99109601974487,0,0,293.813323974609,0,87.1999969482422,2570.49291992188
38057961800,1945.28381347656,117.43872833252,25.6952953338623,0,0,48.0775337219238,0,0,83.750732421875,44.9160194396973,0,0,55.1871757507324,0,0,12.0023336410522,0,0,46.6706352233887,0,0,5.40093374252319,0,0,52.2937660217285,5.41443395614624,0,0,19.5379066467285,0,0.929621160030365,0,0,241.977096557617,0,488.320037841797,3192.896484375
38059020100,3002.1376953125,253.876235961914,39.3556671142578,0,0,72.1555480957031,0,0,112.538162231445,61.1521492004395,0,0,74.2122421264648,0,0,18.0734176635742,0,0,82.1685104370117,0,0,5.40194272994995,0,0,86.5440444946289,6.62411499023438,0,0,45.9735679626465,0,2.92987298965454,0,0,607.604736328125,0,0,4470.74755859375
38059020200,3951.90625,153.600952148438,18.7317218780518,0,0,35.2742919921875,0,0,87.398307800293,47.2707443237305,0,0,56.9847526550293,0,0,17.1897106170654,0,0,82.695671081543,0,0,10.8665037155151,0,0,109.393844604492,14.7644920349121,0,0,38.4524269104004,0,1.60025405883789,0,0,543.889038085938,0,70.8500061035156,5240.87060546875
38059020300,3108.78076171875,268.665161132813,31.203125,0,0,56.2070999145508,0,0,134.150833129883,72.3752517700195,0,0,87.6659622192383,0,0,12.5083837509155,0,0,80.851676940918,0,0,7.23366355895996,0,0,95.0426177978516,8.51391410827637,0,0,35.6501235961914,0,0.885990023612976,0,0,501.160461425781,0,1412.64001464844,5913.53515625
38059020400,1632.40319824219,124.832000732422,17.2885990142822,0,0,31.0900135040283,0,0,72.8992156982422,39.441291809082,0,0,47.5291328430176,0,0,9.80563640594482,0,0,52.3754959106445,0,0,7.22783470153809,0,0,63.4766159057617,7.22783470153809,0,0,17.7374286651611,0,0.432121962308884,0,0,239.8447265625,0,235.440017700195,2599.05102539063
38059020500,2190.23266601563,132.797256469727,20.0196075439453,0,0,39.1643600463867,0,0,78.0521469116211,42.3704490661621,0,0,51.5105590820313,0,0,15.2808961868286,0,0,69.0564575195313,0,0,8.22390556335449,0,0,85.6756591796875,10.6441860198975,0,0,26.1912174224854,0,1.61315190792084,0,0,348.065521240234,0,168.949996948242,3287.84765625
38061940300,746.911315917969,34.8615608215332,6.2042088508606,0,0,12.7382888793945,0,0,20.8254985809326,11.2279300689697,0,0,13.7045440673828,0,0,4.19866609573364,0,0,17.483549118042,0,0,1.86726200580597,0,0,19.2358016967773,2.37126183509827,0,0,7.31519269943237,0,0.876688361167908,0,0,100.122200012207,0,211.460006713867,1211.40393066406
38061940400,1084.05078125,82.8183059692383,18.3537788391113,0,0,32.7117881774902,0,0,43.2987937927246,23.3466701507568,0,0,28.8813152313232,0,0,10.2785530090332,0,0,32.4180717468262,0,0,2.96770071983337,0,0,32.9467735290527,3.18820071220398,0,0,18.3879241943359,0,4.2236967086792,0,0,233.722671508789,0,624.570068359375,2276.16528320313
38061955200,2599.97729492188,106.330459594727,14.7683610916138,0,0,27.5762672424316,0,0,58.6207389831543,31.7212200164795,0,0,38.2001419067383,0,0,23.6581592559814,0,0,92.4396286010742,0,0,12.1621761322021,0,0,133.481353759766,20.8014812469482,0,0,23.708610534668,0,1.13008642196655,0,0,374.025909423828,0,331.359985351563,3889.9619140625
38063959000,2380.69091796875,153.101654052734,23.7425765991211,0,0,48.4815559387207,0,0,81.8395690917969,44.4498519897461,0,0,53.6735458374023,0,0,18.1257572174072,0,0,79.3670959472656,0,0,9.0891809463501,0,0,89.30078125,10.9891490936279,0,0,32.2811851501465,0,2.86806654930115,0,0,409.864044189453,0,85.0199966430664,3522.88525390625
38065961200,1171.17578125,45.2403602600098,8.67184543609619,0,0,15.2381057739258,0,0,30.59153175354,16.5487270355225,0,0,20.0860481262207,0,0,4.76290512084961,0,0,22.0457344055176,0,0,3.19670486450195,0,0,27.4694309234619,3.22820472717285,0,0,6.26155233383179,0,0.443204373121262,0,0,108.565940856934,0,127.529998779297,1611.05627441406
38067950100,932.903686523438,81.8718414306641,20.4273529052734,0,0,39.0530700683594,0,0,91.0891494750977,48.6910667419434,0,0,60.0559692382813,0,0,10.6460447311401,0,0,48.221851348877,0,0,8.22096347808838,0,0,63.6793937683105,8.48871421813965,0,0,13.1015043258667,0,0.577553570270538,0,0,176.424850463867,0,45.7799987792969,1649.23291015625
38067950200,1087.78674316406,85.2805023193359,12.4554262161255,0,0,22.6375141143799,0,0,60.1724586486816,32.4953308105469,0,0,39.4025115966797,0,0,7.69165229797363,0,0,42.309684753418,0,0,6.47688961029053,0,0,55.246768951416,6.90213966369629,0,0,14.4328584671021,0,0.702561974525452,0,0,207.842880249023,0,25.0699996948242,1706.90600585938
38067950300,975.940856933594,71.5794982910156,10.6170454025269,0,0,19.3731365203857,0,0,30.8339900970459,16.7686996459961,0,0,20.2451686859131,0,0,6.36424684524536,0,0,27.4384498596191,0,0,2.2373960018158,0,0,31.8381042480469,3.25550413131714,0,0,12.950234413147,0,0.767831981182098,0,0,171.531845092773,0,56.6800003051758,1458.42211914063
38067950400,972.442810058594,83.2466430664063,13.2950267791748,0,0,23.8625926971436,0,0,49.606315612793,26.7980709075928,0,0,32.4594039916992,0,0,8.17159557342529,0,0,38.6059837341309,0,0,4.99881887435913,0,0,48.2258605957031,5.8493185043335,0,0,11.1469812393188,0,0.673567652702332,0,0,167.380035400391,0,42.5099983215332,1529.27294921875
38067950500,1100.60083007813,76.8928909301758,10.1604785919189,0,0,19.4945068359375,0,0,45.7375793457031,24.8437805175781,0,0,29.9800968170166,0,0,6.1144642829895,0,0,35.0986366271973,0,0,4.73430299758911,0,0,41.5917015075684,4.73430299758911,0,0,13.8535041809082,0,1.0762095451355,0,0,191.496795654297,0,41.4199981689453,1647.830078125
38069956100,909.796875,157.974578857422,22.9358005523682,0,0,42.6325759887695,0,0,93.0170669555664,50.1475028991699,0,0,61.1064338684082,0,0,9.92381477355957,0,0,55.214542388916,0,0,5.88087177276611,0,0,64.4115142822266,6.39004707336426,0,0,21.6572513580322,0,0.924322724342346,0,0,287.321746826172,0,39.2400016784668,1828.57495117188
38069956200,1560.2255859375,98.418701171875,10.6674013137817,0,0,23.5857257843018,0,0,60.7136383056641,32.5317993164063,0,0,38.4225425720215,0,0,21.1046848297119,0,0,87.8633270263672,0,0,12.6199998855591,0,0,126.47233581543,20.3157291412354,0,0,20.2880783081055,0,0.971615970134735,0,0,282.210815429688,0,185.300003051758,2581.71215820313
38071957600,2163.4599609375,268.596466064453,27.0040740966797,0,0,48.9869270324707,0,0,112.468116760254,61.0160675048828,0,0,73.7327423095703,0,0,11.617865562439,0,0,78.1663665771484,0,0,4.82995986938477,0,0,91.689323425293,7.68437099456787,0,0,48.2834243774414,0,2.36360597610474,0,0,659.487854003906,0,214.730010986328,3874.11669921875
38071957700,2039.41003417969,166.104873657227,23.3921909332275,0,0,43.9613418579102,0,0,99.4866714477539,53.9076690673828,0,0,65.1677932739258,0,0,13.799542427063,0,0,73.8165130615234,0,0,9.816650390625,0,0,88.2285842895508,10.2067785263062,0,0,27.0446891784668,0,3.00065684318542,0,0,366.981079101563,0,199.470001220703,3283.79467773438
38071957800,2042.83813476563,158.352355957031,47.9875450134277,0,0,79.3519592285156,0,0,51.8833045959473,28.0525894165039,0,0,34.7753753662109,0,0,31.3086738586426,0,0,71.6563110351563,0,0,5.12156581878662,0,0,73.2545166015625,8.16054821014404,0,0,33.3321800231934,0,6.44896697998047,0,0,437.181091308594,0,143.880004882813,3253.5849609375
38073968900,971.792419433594,67.5174026489258,9.10876750946045,0,0,17.2767887115479,0,0,38.0574760437012,20.621753692627,0,0,24.8791027069092,0,0,6.88521480560303,0,0,32.9187393188477,0,0,4.23830795288086,0,0,40.7328605651855,5.08880805969238,0,0,13.1626348495483,0,0.454057991504669,0,0,165.088729858398,0,74.120002746582,1491.94311523438
38073969000,871.392272949219,49.0751495361328,8.40502452850342,0,0,17.0769062042236,0,0,38.3372535705566,20.8020496368408,0,0,25.418363571167,0,0,5.29357242584229,0,0,27.2599296569824,0,0,3.9191255569458,0,0,33.1489524841309,3.9191255569458,0,0,9.66189861297607,0,1.0760018825531,0,0,130.031326293945,0,89.3799896240234,1334.19689941406
38073969100,1358.353515625,101.582099914551,22.7107009887695,0,0,39.1778678894043,0,0,60.304328918457,32.4928894042969,0,0,39.9485626220703,0,0,12.1763801574707,0,0,44.0800971984863,0,0,4.26825714111328,0,0,56.5346374511719,6.36521196365356,0,0,17.1994857788086,0,1.30475795269012,0,0,265.411224365234,0,70.8500061035156,2132.76025390625
38075952900,1741.39392089844,129.218383789063,20.9384117126465,0,0,39.1743774414063,0,0,81.6143951416016,44.1025695800781,0,0,53.6023368835449,0,0,12.4453525543213,0,0,59.6748695373535,0,0,7.68563938140869,0,0,72.6056594848633,8.53613948822021,0,0,21.5960292816162,0,1.17452120780945,0,0,295.159362792969,0,224.539978027344,2813.4619140625
38077970700,1174.36767578125,52.6702995300293,7.65450716018677,0,0,15.3831748962402,0,0,31.3095550537109,16.9781799316406,0,0,20.62766456604,0,0,4.10856056213379,0,0,22.5219764709473,0,0,2.60171294212341,0,0,24.867395401001,2.60171294212341,0,0,8.48992538452148,0,0.849606037139893,0,0,125.539031982422,0,120.990005493164,1631.56091308594
38077970800,1382.54663085938,136.977127075195,34.7346382141113,0,0,66.3165969848633,0,0,171.254928588867,91.4937057495117,0,0,113.241096496582,0,0,17.0773792266846,0,0,83.9173812866211,0,0,15.2961101531982,0,0,114.706619262695,15.4221105575562,0,0,18.1064758300781,0,2.47012305259705,0,0,284.102081298828,0,63.2200012207031,2610.88305664063
38077970900,1695.09802246094,101.567169189453,33.6407241821289,0,0,73.3005981445313,0,0,124.885116577148,67.35791015625,0,0,86.3079452514648,0,0,41.8316841125488,0,0,138.597366333008,0,0,18.5544033050537,0,0,180.507476806641,27.9206867218018,0,0,42.6142616271973,0,17.5470333099365,0,0,612.549621582031,0,137.339996337891,3399.62036132813
38077971000,2195.70068359375,247.269165039063,31.5488128662109,0,0,58.2577171325684,0,0,137.40803527832,74.0658721923828,0,0,90.2105026245117,0,0,11.5965690612793,0,0,75.9899215698242,0,0,7.08519458770752,0,0,88.9126586914063,7.7489447593689,0,0,39.1051445007324,0,1.3932603597641,0,0,531.483581542969,0,38.1500015258789,3635.92626953125
38077971100,873.700317382813,56.9981994628906,8.95936489105225,0,0,16.8528099060059,0,0,34.4913215637207,18.6496810913086,0,0,22.4840240478516,0,0,5.86529207229614,0,0,26.6897640228271,0,0,3.7449688911438,0,0,31.1197261810303,3.7449688911438,0,0,11.2362012863159,0,0.272635996341705,0,0,131.392700195313,0,29.4300022125244,1275.63195800781
38077971400,1978.19946289063,168.558883666992,24.6503524780273,0,0,49.5105247497559,0,0,89.6558303833008,48.653018951416,0,0,58.7378578186035,0,0,16.5539894104004,0,0,77.7110595703125,0,0,8.88368511199951,0,0,85.2486572265625,9.82868576049805,0,0,32.4470062255859,0,2.50982308387756,0,0,405.010223388672,0,110.089996337891,3166.2490234375
38079941800,1540.64929199219,83.2150726318359,24.9030151367188,0,0,43.4623260498047,0,0,45.6430206298828,24.3953094482422,0,0,29.6295509338379,0,0,15.6618375778198,0,0,42.9074172973633,0,0,4.41684103012085,0,0,51.4143905639648,6.58246660232544,0,0,18.3575897216797,0,1.63342678546906,0,0,240.038345336914,0,751.010009765625,2923.919921875
38079951600,889.77685546875,82.8170471191406,13.7089138031006,0,0,26.0560092926025,0,0,43.9962120056152,23.705753326416,0,0,28.2368698120117,0,0,13.5368137359619,0,0,52.1743621826172,0,0,6.50787305831909,0,0,69.59716796875,10.0084075927734,0,0,15.4352197647095,0,0.78259801864624,0,0,197.02685546875,0,23.9799995422363,1497.34680175781
38079951700,1813.26867675781,53.3963890075684,8.36391544342041,0,0,16.7255935668945,0,0,23.0718612670898,12.5267992019653,0,0,15.1091995239258,0,0,5.56405305862427,0,0,21.8227195739746,0,0,1.82559287548065,0,0,21.8093013763428,2.2823429107666,0,0,11.5273208618164,0,0.606229603290558,0,0,152.072067260742,0,379.320007324219,2539.29223632813
38079951900,900.786193847656,35.3650398254395,5.44417858123779,0,0,11.0509414672852,0,0,21.1120281219482,11.4717798233032,0,0,13.8982925415039,0,0,4.54199552536011,0,0,20.4783840179443,0,0,2.58692574501038,0,0,24.6099414825439,3.22986340522766,0,0,8.24420261383057,0,0.643977582454681,0,0,117.332244873047,0,62.129997253418,1242.92602539063
38081974000,920.285400390625,58.3796806335449,19.6381244659424,0,0,38.5495300292969,0,0,94.3621139526367,50.4111518859863,0,0,62.3632469177246,0,0,11.0821828842163,0,0,50.0856895446777,0,0,9.87239456176758,0,0,68.3564147949219,9.87239456176758,0,0,11.3590841293335,0,1.0673131942749,0,0,177.264205932617,0,87.1999969482422,1670.14892578125
38081974200,1713.15783691406,107.872108459473,17.5170993804932,0,0,34.2514801025391,0,0,62.9950180053711,34.1247596740723,0,0,41.3502197265625,0,0,11.1653747558594,0,0,51.5251159667969,0,0,6.25477170944214,0,0,58.3651809692383,6.83752155303955,0,0,20.2592849731445,0,1.6318484544754,0,0,270.473358154297,0,124.259994506836,2562.041015625
38083960200,1032.10815429688,61.0677795410156,10.206976890564,0,0,20.1530113220215,0,0,35.248291015625,19.144739151001,0,0,23.1509609222412,0,0,6.33944272994995,0,0,29.4851055145264,0,0,3.62855386734009,0,0,32.0176429748535,3.62855386734009,0,0,11.253529548645,0,1.28333115577698,0,0,153.483871459961,0,81.75,1523.95007324219
38085940800,595.743591308594,7.71370029449463,2.21869683265686,0,0,4.47644710540771,0,0,5.25360774993896,2.86239004135132,0,0,3.46622848510742,0,0,1.83933079242706,0,0,5.78552341461182,0,0,0.806630969047546,0,0,6.08196353912354,0.806630969047546,0,0,3.16772294044495,0,0.125441983342171,0,0,39.087085723877,0,65.3999938964844,744.8349609375
38085940900,852.946838378906,35.9371490478516,7.60363531112671,0,0,14.6647329330444,0,0,12.8074655532837,6.92225980758667,0,0,8.26979637145996,0,0,5.59150457382202,0,0,15.8741588592529,0,0,1.11630606651306,0,0,15.6433420181274,1.79053795337677,0,0,12.9339580535889,0,1.60200393199921,0,0,144.256301879883,0,80.6600036621094,1218.61999511719
38087965000,590.37744140625,10.6938505172729,1.87783467769623,0,0,3.45178937911987,0,0,5.42447710037231,2.93561983108521,0,0,3.52755880355835,0,0,1.1713308095932,0,0,4.51372671127319,0,0,0.539237976074219,0,0,4.85995626449585,0.539237976074219,0,0,2.16961336135864,0,4.49400022625923E-02,0,0,32.7553863525391,0,39.2400016784668,704.122009277344
38089963300,820.412414550781,46.4423408508301,10.2531614303589,0,0,21.0798187255859,0,0,38.2256698608398,20.5842037200928,0,0,25.2004776000977,0,0,8.01223182678223,0,0,33.0766258239746,0,0,4.53467082977295,0,0,40.9069709777832,5.70857095718384,0,0,9.58392143249512,0,1.36228156089783,0,0,137.189651489258,0,70.8500061035156,1293.42309570313
38089963400,1710.55224609375,167.036590576172,29.0627288818359,0,0,50.5964012145996,0,0,92.4919662475586,49.8484039306641,0,0,60.6473388671875,0,0,14.8345699310303,0,0,65.7575073242188,0,0,7.01905202865601,0,0,80.7479553222656,8.8775520324707,0,0,22.6669864654541,0,1.59674155712128,0,0,351.907867431641,0,104.639999389648,2818.28393554688
38089963500,2682.369140625,198.455001831055,19.0754356384277,0,0,34.6548690795898,0,0,80.9518356323242,43.9109497070313,0,0,53.042049407959,0,0,8.44520378112793,0,0,57.4636306762695,0,0,3.33077263832092,0,0,67.949462890625,5.78777265548706,0,0,34.8139877319336,0,2.49680185317993,0,0,504.376342773438,0,0,3797.12353515625
38089963600,1222.48107910156,110.37353515625,20.4020462036133,0,0,36.1743621826172,0,0,37.9720649719238,20.637149810791,0,0,25.1900310516357,0,0,15.1698532104492,0,0,47.6542663574219,0,0,3.07490205764771,0,0,54.8454971313477,6.420494556427,0,0,22.848804473877,0,2.55296778678894,0,0,287.312927246094,0,44.6899948120117,1957.80004882813
38089963700,2264.94775390625,282.78515625,34.2453918457031,0,0,60.2383766174316,0,0,140.702072143555,76.1037521362305,0,0,91.6168365478516,0,0,20.4517288208008,0,0,109.730072021484,0,0,12.2978134155273,0,0,138.401397705078,15.7806520462036,0,0,44.781852722168,0,0.805661916732788,0,0,597.739562988281,0,0,3890.6279296875
38089963800,2015.69580078125,110.586898803711,11.7379236221313,0,0,22.8993873596191,0,0,51.9529457092285,28.1347885131836,0,0,34.0372657775879,0,0,4.50594568252563,0,0,31.4574642181396,0,0,2.33748197555542,0,0,32.8549385070801,2.33748197555542,0,0,20.028263092041,0,0.604240000247955,0,0,262.669281005859,0,233.259979248047,2865.10009765625
38089963900,1482.93542480469,154.923446655273,28.0570831298828,0,0,51.9534301757813,0,0,144.912841796875,77.5680465698242,0,0,95.2595901489258,0,0,11.9910154342651,0,0,70.6606216430664,0,0,11.7556409835815,0,0,95.6980514526367,11.771390914917,0,0,16.294807434082,0,0.294678002595901,0,0,256.940948486328,0,185.300003051758,2696.31713867188
38089964000,907.931579589844,71.5115509033203,10.9838390350342,0,0,21.3786754608154,0,0,44.2320022583008,23.9169731140137,0,0,29.1852493286133,0,0,5.42546939849854,0,0,27.8903789520264,0,0,3.11260890960693,0,0,31.7477493286133,3.16447138786316,0,0,12.3208656311035,0,0.955593943595886,0,0,155.713027954102,0,129.710006713867,1479.17993164063
38091968700,1459.02062988281,71.0885009765625,13.8775053024292,0,0,28.0139179229736,0,0,55.6431999206543,30.013219833374,0,0,36.7358589172363,0,0,8.53132724761963,0,0,37.3172378540039,0,0,5.20247173309326,0,0,43.3655471801758,5.20247173309326,0,0,16.8213233947754,0,0.944167912006378,0,0,196.378646850586,0,119.899993896484,2128.05615234375
38093967000,1888.03356933594,72.4532470703125,24.8497982025146,0,0,47.7638168334961,0,0,112.183708190918,59.8345184326172,0,0,74.1751403808594,0,0,13.0044555664063,0,0,54.2077178955078,0,0,10.5001544952393,0,0,74.6553115844727,10.5001544952393,0,0,13.4423675537109,0,0.706963956356049,0,0,200.361968994141,0,111.180000305176,2767.85302734375
38093967200,1824.97619628906,155.332717895508,24.3335914611816,0,0,46.8264045715332,0,0,108.388969421387,58.4954872131348,0,0,70.5422897338867,0,0,19.1112823486328,0,0,90.3987274169922,0,0,13.7754716873169,0,0,115.255409240723,15.633526802063,0,0,27.1138782501221,0,1.6671724319458,0,0,353.180755615234,0,99.1900024414063,3024.2216796875
38093967300,1096.484375,69.4011001586914,8.37514781951904,0,0,15.784854888916,0,0,34.3156433105469,18.6054611206055,0,0,22.4048957824707,0,0,17.4769344329834,0,0,66.7061080932617,0,0,8.43269348144531,0,0,98.629753112793,15.7496948242188,0,0,20.1964130401611,0,0.876200020313263,0,0,290.084655761719,0,20.7099990844727,1804.23388671875
38093967400,2880.50537109375,121.890838623047,16.7350254058838,0,0,33.4993286132813,0,0,54.614444732666,29.6962718963623,0,0,36.674259185791,0,0,23.0014152526855,0,0,85.2759094238281,0,0,8.6934757232666,0,0,112.344497680664,16.4371337890625,0,0,39.6828804016113,0,5.00282907485962,0,0,567.892333984375,0,37.060001373291,4069.00634765625
38093967500,1799.03845214844,193.215545654297,20.0124855041504,0,0,35.6238327026367,0,0,81.3259963989258,44.0496520996094,0,0,53.0830154418945,0,0,8.06647968292236,0,0,54.0564422607422,0,0,3.64230966567993,0,0,61.8334846496582,4.96530961990356,0,0,27.1409950256348,0,1.81446194648743,0,0,376.410430908203,0,244.160018920898,3008.43872070313
38093967800,2501.26245117188,277.135314941406,31.2749481201172,0,0,61.470043182373,0,0,133.176193237305,72.6181488037109,0,0,88.4529037475586,0,0,10.5688142776489,0,0,82.6873016357422,0,0,5.16537809371948,0,0,88.9978408813477,5.50733280181885,0,0,47.0079650878906,0,4.27886915206909,0,0,646.41162109375,0,56.6800003051758,4112.69482421875
38095951500,1923.34619140625,108.556198120117,19.35715675354,0,0,36.6100921630859,0,0,73.9514617919922,39.9132919311523,0,0,48.2960968017578,0,0,14.8179473876953,0,0,63.0136299133301,0,0,9.08548164367676,0,0,79.8373107910156,10.6615314483643,0,0,23.8027629852295,0,0.842369914054871,0,0,305.087615966797,0,54.5,2811.67919921875
38097970100,1420.33081054688,85.2691116333008,11.1926383972168,0,0,21.2522029876709,0,0,46.7746658325195,25.3491477966309,0,0,30.528133392334,0,0,7.31789922714233,0,0,38.4037208557129,0,0,4.86285591125488,0,0,45.5279388427734,5.39835596084595,0,0,14.3157978057861,0,0.736646413803101,0,0,205.604141235352,0,89.3799896240234,2052.24389648438
38097970200,1516.47131347656,178.718246459961,31.8768577575684,0,0,65.0080718994141,0,0,73.6257476806641,39.9445419311523,0,0,48.7745323181152,0,0,28.1308250427246,0,0,88.9492492675781,0,0,7.63509893417358,0,0,90.3272476196289,11.2406997680664,0,0,51.8362884521484,0,4.31295442581177,0,0,505.29150390625,0,42.5099983215332,2784.65307617188
38097970300,999.897766113281,114.207397460938,25.3337497711182,0,0,42.9842720031738,0,0,111.919555664063,60.4981117248535,0,0,72.7329711914063,0,0,21.6753425598145,0,0,97.2708053588867,0,0,19.5616207122803,0,0,133.063034057617,19.5616207122803,0,0,22.9100112915039,0,0.302781999111176,0,0,313.026000976563,0,16.3499984741211,2071.29516601563
38097970400,931.265869140625,52.2043724060059,7.00309562683105,0,0,13.7421932220459,0,0,22.6396007537842,12.3007383346558,0,0,14.8666725158691,0,0,4.36645984649658,0,0,19.7752304077148,0,0,1.55781590938568,0,0,21.3038692474365,2.14731597900391,0,0,11.2367038726807,0,0.503026783466339,0,0,143.069046020508,0,62.129997253418,1320.11218261719
38099957800,865.114074707031,52.4081001281738,8.29237365722656,0,0,15.7828235626221,0,0,37.692741394043,20.3807735443115,0,0,24.6731796264648,0,0,5.6637749671936,0,0,28.7736206054688,0,0,4.47278738021851,0,0,35.8302612304688,4.59878730773926,0,0,9.6960334777832,0,0.470669984817505,0,0,135.826019287109,0,153.690002441406,1403.36596679688
38099957900,874.155944824219,77.8382263183594,12.7441730499268,0,0,23.1723861694336,0,0,56.1719093322754,30.3692207336426,0,0,36.5105934143066,0,0,12.4315357208252,0,0,56.5556373596191,0,0,9.26357841491699,0,0,75.5299835205078,11.0365781784058,0,0,16.540584564209,0,0.57901918888092,0,0,244.863632202148,0,114.449996948242,1652.21301269531
38099958000,1474.8818359375,179.025894165039,30.4946403503418,0,0,63.5350799560547,0,0,101.50072479248,54.6549301147461,0,0,66.8090896606445,0,0,21.9521751403809,0,0,81.6093597412109,0,0,7.56212902069092,0,0,90.5199279785156,10.9803218841553,0,0,45.2764778137207,0,1.59374189376831,0,0,451.078643798828,0,0,2681.474609375
38099958100,1581.45617675781,152.746978759766,20.6010513305664,0,0,38.9089279174805,0,0,106.51245880127,57.7640190124512,0,0,69.8939056396484,0,0,12.960620880127,0,0,77.8240966796875,0,0,12.0115604400635,0,0,98.7477188110352,12.0115604400635,0,0,22.2928867340088,0,1.77142918109894,0,0,325.013732910156,0,112.269989013672,2702.787109375
38099958200,1028.62145996094,65.4576034545898,8.50739002227783,0,0,15.9822425842285,0,0,33.1269035339355,17.8914394378662,0,0,21.4458255767822,0,0,7.97072792053223,0,0,35.0492362976074,0,0,4.15097665786743,0,0,46.5053329467773,6.33206462860107,0,0,13.0267543792725,0,0.352728009223938,0,0,183.831420898438,0,30.5200023651123,1518.77233886719
38099958300,1077.15856933594,49.4993286132813,8.64637660980225,0,0,16.5438461303711,0,0,30.0332508087158,16.2705001831055,0,0,19.6212863922119,0,0,5.54986763000488,0,0,25.3992328643799,0,0,3.47966980934143,0,0,28.5486488342285,3.47966980934143,0,0,8.2671537399292,0,0.706063151359558,0,0,122.17650604248,0,38.1500015258789,1453.53015136719
38101010100,1587.11560058594,459.076171875,78.1475601196289,0,0,136.034362792969,0,0,178.021270751953,96.3090896606445,0,0,115.842323303223,0,0,41.1404304504395,0,0,153.978668212891,0,0,9.86767864227295,0,0,170.346664428711,15.8622341156006,0,0,68.8452835083008,0,2.91351127624512,0,0,852.197204589844,0,39.2400016784668,4004.93823242188
38101010200,2491.818359375,204.950607299805,27.7629928588867,0,0,51.264331817627,0,0,130.625701904297,70.4227523803711,0,0,85.5853271484375,0,0,20.3635768890381,0,0,102.617385864258,0,0,13.5387773513794,0,0,137.701370239258,17.9418468475342,0,0,37.7120170593262,0,0.877877950668335,0,0,553.300109863281,0,40.3300018310547,3986.81323242188
38101010301,1848.99072265625,164.820602416992,14.3635511398315,0,0,27.8604183197021,0,0,65.6992492675781,35.6719779968262,0,0,43.0960807800293,0,0,3.08506989479065,0,0,35.6835632324219,0,0,0.789274990558624,0,0,34.0655174255371,0.789274990558624,0,0,31.4292373657227,0,2.8289680480957,0,0,412.949462890625,0,170.039993286133,2892.16259765625
38101010302,3169.38818359375,73.4297485351563,6.97796106338501,0,0,13.3990745544434,0,0,36.3605766296387,19.7189903259277,0,0,23.9672584533691,0,0,1.9567254781723,0,0,20.4131908416748,0,0,1.45487499237061,0,0,23.4718818664551,1.64387500286102,0,0,17.2974605560303,0,0.656765997409821,0,0,284.618255615234,0,0,3694.75463867188
38101010400,3097.80639648438,118.93807220459,17.3339252471924,0,0,34.7039489746094,0,0,48.3735275268555,26.3237819671631,0,0,32.886157989502,0,0,27.7598190307617,0,0,94.6128082275391,0,0,9.26808834075928,0,0,127.314224243164,19.4523277282715,0,0,37.7481498718262,0,5.85824346542358,0,0,549.715576171875,0,34.879997253418,4282.974609375
38101010500,3250.31396484375,236.491195678711,24.0005531311035,0,0,43.9673690795898,0,0,110.609268188477,59.8271522521973,0,0,71.9686965942383,0,0,10.3672590255737,0,0,72.0758209228516,0,0,6.73184156417847,0,0,83.055793762207,7.52531147003174,0,0,33.9932975769043,0,1.29616594314575,0,0,468.127105712891,0,235.440017700195,4715.791015625
38101010600,2753.93701171875,431.762359619141,33.8323135375977,0,0,60.5559692382813,0,0,181.171508789063,98.1936264038086,0,0,118.310081481934,0,0,7.52551078796387,0,0,102.167327880859,0,0,5.62645769119263,0,0,116.686073303223,7.35304021835327,0,0,58.4373054504395,0,2.17257905006409,0,0,829.763732910156,0,810.960083007813,5618.45458984375
38101010700,2912.560546875,303.199615478516,33.1517601013184,0,0,58.6810150146484,0,0,148.825210571289,80.5183029174805,0,0,96.9870681762695,0,0,14.5327405929565,0,0,97.8976211547852,0,0,10.2488698959351,0,0,116.714729309082,11.2082242965698,0,0,54.5311317443848,0,3.77554702758789,0,0,748.120361328125,0,901.429992675781,5592.38330078125
38101010800,1744.82263183594,113.267250061035,15.3500347137451,0,0,29.0863418579102,0,0,66.7075653076172,36.0852394104004,0,0,43.622859954834,0,0,8.62228584289551,0,0,47.5163307189941,0,0,6.14305067062378,0,0,55.8801422119141,6.26230096817017,0,0,17.1153869628906,0,0.878053963184357,0,0,232.453567504883,0,207.100006103516,2630.9130859375
38101010900,2001.40319824219,65.9581527709961,10.4923143386841,0,0,18.8026313781738,0,0,23.851053237915,12.8306903839111,0,0,15.3329820632935,0,0,40.6262321472168,0,0,133.241226196289,0,0,16.7729034423828,0,0,210.96305847168,36.8136100769043,0,0,32.4797401428223,0,0.675066590309143,0,0,525.715942382813,0,0,3145.95947265625
38101011000,1468.98828125,77.7544174194336,12.8644371032715,0,0,25.0195198059082,0,0,55.3629379272461,29.8817024230957,0,0,36.3553924560547,0,0,9.57397174835205,0,0,44.4373664855957,0,0,6.1654839515686,0,0,57.4238090515137,7.59439516067505,0,0,14.3478260040283,0,1.00921082496643,0,0,208.866180419922,0,66.4900054931641,2122.134765625
38101011200,1691.072265625,105.359252929688,15.7072353363037,0,0,38.1814956665039,0,0,83.4740142822266,44.2579193115234,0,0,51.69873046875,0,0,37.1209983825684,0,0,138.280563354492,0,0,21.5820598602295,0,0,200.717147827148,34.4588661193848,0,0,24.6169567108154,0,0.289252012968063,0,0,281.744293212891,0,238.710006713867,3007.27124023438
38101011300,2786.62963867188,146.935668945313,22.2661724090576,0,0,41.8145904541016,0,0,73.7740325927734,39.9741287231445,0,0,48.168140411377,0,0,12.3072872161865,0,0,56.89208984375,0,0,6.18943738937378,0,0,60.8561859130859,6.18943738937378,0,0,24.8054695129395,0,1.50101435184479,0,0,326.302551269531,0,305.200012207031,3959.80590820313
38103959800,1308.87365722656,97.076545715332,11.2351665496826,0,0,22.8245391845703,0,0,49.0619468688965,26.7314701080322,0,0,32.4518089294434,0,0,8.98306846618652,0,0,45.6919860839844,0,0,4.47160482406616,0,0,57.6114768981934,6.8776159286499,0,0,18.3147945404053,0,1.57653796672821,0,0,263.097778320313,0,11.9899997711182,1966.86975097656
38103960000,1686.99401855469,116.043113708496,21.1334800720215,0,0,39.9731788635254,0,0,68.8898620605469,37.3387870788574,0,0,44.9987831115723,0,0,13.1866493225098,0,0,60.0419502258301,0,0,8.09118843078613,0,0,66.9882583618164,8.14323425292969,0,0,18.198091506958,0,2.24019241333008,0,0,274.422058105469,0,132.980010986328,2599.66284179688
38105953400,1441.67980957031,344.096954345703,34.0384788513184,0,0,63.8230018615723,0,0,161.79426574707,87.1987457275391,0,0,105.604110717773,0,0,11.2361974716187,0,0,91.7554931640625,0,0,6.12993860244751,0,0,104.015830993652,8.12318897247314,0,0,33.7327766418457,0,1.23226356506348,0,0,451.910949707031,0,97.0100021362305,3043.3818359375
38105953500,1113.53112792969,71.2628784179688,12.1587467193604,0,0,22.905200958252,0,0,52.6067085266113,28.3756523132324,0,0,34.5374717712402,0,0,6.88561153411865,0,0,35.1364250183105,0,0,5.22418880462646,0,0,43.3798828125,5.25568866729736,0,0,11.5940656661987,0,0.949119210243225,0,0,163.591247558594,0,180.940002441406,1788.333984375
38105953600,1542.330078125,43.8464088439941,6.25782489776611,0,0,12.4615278244019,0,0,21.1024723052979,11.4741296768188,0,0,13.9010448455811,0,0,3.73441219329834,0,0,18.3126697540283,0,0,1.66211092472076,0,0,19.7855663299561,2.07161092758179,0,0,7.12718391418457,0,0.88856840133667,0,0,120.212471008301,0,196.199996948242,2021.36791992188
38105953700,2592.7158203125,164.746963500977,25.5254287719727,0,0,47.8471565246582,0,0,118.058158874512,63.4188194274902,0,0,77.6644515991211,0,0,13.2088623046875,0,0,69.5580978393555,0,0,9.65589618682861,0,0,85.7286605834961,10.0268402099609,0,0,32.1344528198242,0,4.67330074310303,0,0,459.857360839844,0,529.739990234375,4304.560546875
38105953800,1293.71008300781,119.13159942627,13.5837316513062,0,0,27.112232208252,0,0,63.1898765563965,33.9633827209473,0,0,40.9798393249512,0,0,13.7424564361572,0,0,62.493221282959,0,0,6.9914927482605,0,0,84.2980422973633,11.7322425842285,0,0,23.1169548034668,0,1.45132803916931,0,0,316.996612548828,0,163.5,2275.99291992188
38105953900,1896.1767578125,140.85920715332,15.4954271316528,0,0,28.8425121307373,0,0,65.1880340576172,35.2678718566895,0,0,43.1958961486816,0,0,7.27046632766724,0,0,42.9055519104004,0,0,2.9605917930603,0,0,48.1708679199219,4.12636184692383,0,0,20.0506744384766,0,2.85456466674805,0,0,300.086181640625,0,17.439998626709,2670.89111328125
38105954100,2810.34619140625,301.931518554688,41.4323921203613,0,0,76.6677780151367,0,0,170.020095825195,91.7010879516602,0,0,111.899627685547,0,0,17.1264019012451,0,0,99.6549987792969,0,0,9.27765083312988,0,0,118.348793029785,11.0434055328369,0,0,42.4953346252441,0,1.88489651679993,0,0,592.994812011719,0,0,4496.8251953125

