Tract,RES1F,RES2F,RES3AF,RES3BF,RES3CF,RES3DF,RES3EF,RES3FF,RES4F,RES5F,RES6F,COM1F,COM2F,COM3F,COM4F,COM5F,COM6F,COM7F,COM8F,COM9F,COM10F,IND1F,IND2F,IND3F,IND4F,IND5F,IND6F,AGR1F,REL1F,GOV1F,GOV2F,EDU1F,EDU2F,TotalSqft
38001965600,1399.65,92.65,25.58,66.508,93.653,66.108,0,0,6.099,36.4,20.758,103.861,93.789,90.114,31.199,24.416,59.92,4.915,14.894,0,0,18.4,5.16,0,0,0,22.622,90.227,44.79,9.644,0,4.387,0,2425.744
38003967900,1343.66,40.33,0,25.58,0,0,0,0,15.315,0,0,21.823,49.199,23.022,47.971,4.066,0,0,31.492,0,0,31.6,0,2.7,0,0,47.982,162.148,32.971,3.429,30.225,8.453,0,1921.966
38003968000,1861.73,130.8,5.116,30.696,16.527,0,0,0,8.988,7.7,8.988,71.313,118.183,22.164,30.004,1.177,0,0.942,29.357,0,0,1.6,102.725,0,0,0,34.837,233.999,71.46,9.181,48.696,29.854,0,2876.037
38003968200,1039.22,119.9,115.11,179.06,126.707,88.144,133.79,0,25.359,118.1,12.091,176.899,106.198,99.051,79.859,10.272,0,7.766,92.341,6.206,0,241.4,5.074,30.1,0,0,44.353,22.849,41.057,12.626,0,29.889,33.063,2996.484
38003968300,1535.27,0,35.812,250.684,60.599,154.252,133.79,0,16.46,129.8,0,272.515,7.972,55.18,64.174,51.895,96.3,24.886,10.744,0,0,39.3,17.9,0,0,0,14.744,24.219,92.662,33.405,0,50.312,0,3172.875
38005940100,697.546,77.39,117.668,20.464,38.563,11.018,26.758,0,15.222,3.4,0,31.993,5.564,8.977,22.598,4.602,0,14.98,12.466,0,0,26.6,10.81,0,0,0,1,15.337,21.262,35.761,0,73.617,0,1293.596
38005940200,768.84,190.75,7.674,0,0,0,0,0,60.883,0,0,21.475,1.07,6.705,3.193,0,0,0,6.982,0,0,4.6,0,0,0,0,9.903,19.949,7.918,1.182,5.038,15.408,0,1131.57
38005956500,752.07,43.6,0,25.58,33.054,0,0,0,0,0,0,33.594,45.261,15.996,18.725,6.206,0,0,10.779,0,0,19.7,1.287,46,0,0,5.71,84.481,13.146,4.727,15.113,12.84,0,1187.869
38005956600,661.77,42.51,17.906,15.348,0,44.072,0,0,0,0,0,21.028,54.298,21.9,24.947,5.992,0,3.531,15.087,0,0,0,0,0,0,0,7.051,67.823,25.787,1.97,14.273,18.511,0,1063.804
38007963100,575.856,75.21,0,20.464,16.527,0,0,0,61.739,6.3,0,23.646,7.812,2.996,14.85,0,0,0,56.013,0,0,0,2.574,0,4.899,0,4.101,32.642,1.177,9.956,0,7.597,0,924.3589
38009952300,1161,58.86,20.464,71.624,11.018,66.108,26.758,0,19.26,122.5,25.573,144.261,40.222,44.289,67.033,16.585,8.56,15.424,40.379,1.712,0,5.415,7.987,19.2,0,0,17.401,31.945,65.062,17.073,0.42,43.55,22.47,2192.153
38009952400,2580,188.57,0,0,0,0,0,0,63.451,0,0,73.174,32.207,15.268,29.474,7.704,0,2.139,31.831,0,0,12.6,10.122,4.9,4,0,27.628,150.354,17.211,5.664,16.792,25.791,0,3298.88
38009952500,1380.82,57.77,0,30.696,11.018,0,0,0,0,14,17.12,26.317,75.747,21.407,40.509,9.095,0,0,20.289,0,0,10.7,5.087,0,16.3,0,17.193,142.577,30.021,19.272,14.273,41.021,0,2001.232
38011965200,1298.77,57.77,10.232,40.928,22.036,11.018,0,0,47.294,57.4,11.021,110.86,22.898,51.747,45.112,17.976,0,14.738,29.504,0,0,2.5,1.8,0,7.1,0,22.1,22.297,20.543,16.934,14.355,63.15,0,2020.083
38011965300,899.388,114.45,2.558,15.348,11.018,0,0,0,8.453,0,0,19.414,86.82,14.957,27.87,3.852,12.84,4.152,25.532,0,0,2.831,2,2.4,22.5,0,27.93,146.721,26.062,1.888,0,29.853,0,1508.837
38013953300,1783.3,123.17,12.79,61.392,11.018,0,0,0,14.338,1.4,0,52.853,62.662,38.039,52.553,12.064,0,5.071,25.492,0,0,1.415,2.2,2.6,14.6,0,17.264,97.741,44.405,23.805,24.348,32.849,0,2517.369
38015010100,1019.62,32.7,53.718,306.96,258.923,132.216,160.548,177.075,46.01,30.1,2.675,351.657,144.399,180.682,474.018,137.174,317.897,172.831,216.389,0,0,6.5,58.835,15.445,8.5,0,25.344,13.302,148.527,201.294,13.805,216.328,1.288,4924.76
38015010200,1460.8,77.39,864.604,306.96,77.126,99.162,0,59.025,10.165,204.4,144.664,231.134,118.333,143.074,127.932,2.889,462.775,78.394,37.097,13.803,0,3.9,39.787,0,0,0,86.705,10.35,80.555,8.492,0,20.758,0,4770.274
38015010300,2116.63,0,301.844,260.916,275.45,143.234,267.58,0,145.734,108.6,147.339,22.801,30.334,50.806,97.638,10.272,0,12.726,62.649,2.461,0,5.7,1.99,4.045,0,0,25.553,14.995,82.908,20.116,0,154.681,0,4367.002
38015010400,1804.97,0,122.784,86.972,126.707,143.234,53.516,59.025,28.783,0,0,88.533,102.369,51.528,112.931,9.897,0,15.515,86.872,0,0,4.1,4.101,0,0,0,15.302,13.048,68.984,1150.05,12.411,63.739,14.441,4239.812
38015010500,2080.77,0,33.254,0,55.09,176.288,347.854,0,15.622,103.6,0,54.078,65.541,64.489,142.897,0,0,25.355,140.737,18.576,0,4,9.274,0,277.309,0,35.376,9.197,207.871,35.472,0,65.45,56.603,4024.703
38015010600,2055.49,87.2,53.718,25.58,66.108,209.342,214.064,0,3.21,8.6,0,59.463,56.818,57.238,125.042,9.844,0,22.176,46.13,0,0,1.8,12.374,1.6,2.4,0,37.102,11.927,92.432,52.25,0,75.334,0,3387.242
38015010700,1787.17,39.24,48.602,51.16,159.761,110.18,133.79,0,77.467,24.7,15.729,383.273,29.053,76.275,102.36,19.213,1.071,26.706,114.992,0,0,0,12.3,0,9.6,0,29.017,28.933,52.421,8.608,16.264,17.762,3.317,3378.964
38015010800,779.16,1127.06,120.226,10.232,16.527,22.036,26.758,0,32.956,15.5,0,381.958,371.375,199.223,193.382,0.802,0,15.701,29.038,0,0,87.801,93.9,0,3.877,0,213.132,22.151,56.699,33.564,0,54.784,0,3907.842
38015010900,1654.81,13.08,61.392,127.9,143.234,165.27,26.758,118.05,20.224,141.4,58.85,176.263,354.278,90.212,138.53,1.712,0,4.128,68.346,0,0,7.715,6.761,44.3,2.4,0,118.669,9.1,63.803,96.761,0,20.33,0,3734.276
38015011001,1407.13,445.81,0,117.668,5.509,55.09,374.612,118.05,49.538,17.5,4.815,164.132,99.673,68.921,335.297,1.07,0,23.134,50.197,14.766,0,21,25.573,7.1,3.4,0,118.148,15.176,56.027,114.387,10.807,43.024,0,3767.554
38015011002,2532.53,461.07,0,0,0,11.018,0,0,3.759,0,0,22.681,43.552,33.908,61.582,0,0,0.909,4.708,0,0,2,0,0,0,0,58.099,49.246,20.1,0,0,5.569,0,3310.731
38015011101,1901.98,13.08,30.696,163.712,176.288,319.522,267.58,118.05,71.581,34.3,0,143.484,27.702,70.316,77.208,5.457,0,29.406,98.924,18.083,0,0,12.186,11.1,1.1,0,30.196,8.5,55.641,15.915,0,6.786,0,3708.793
38015011103,1156.36,14.17,0,35.812,33.054,77.126,321.096,118.05,0,0.7,30.281,54.132,3.424,24.681,342.769,5.564,0,40.48,12.986,0,0,6.346,2.574,0,4.2,0,16.751,3.25,20.086,6.741,0,21.437,0,2352.07
38015011104,2482.82,0,0,0,0,0,0,0,1.88,0,0,4.845,7.918,23.907,52.236,0,0,2.692,7.249,0,0,3.3,6.453,0,0,0,7.481,15.499,24.289,1.498,0,25.608,0.802,2668.477
38015011105,1820.45,75.21,0,0,0,0,0,0,2.568,0,0,13.147,5.992,10.778,34.367,0,0,1.284,7.116,0,0,0,5.361,0,2.155,0,23.288,19.192,11.129,0,0,23.139,0,2055.176
38015011200,2264.72,467.61,12.79,81.856,22.036,0,53.516,118.05,5.458,300.7,0,15.99,10.433,24.867,32.812,0,0,10.506,2.996,0,0,8.847,6.827,1.3,1.8,0,43.201,12.699,178.656,0,0,14.873,107,3799.543
38015011300,2698.16,198.38,48.602,0,0,0,0,0,0,47.6,4.494,108.479,121.555,59.296,172.71,0,0,4.775,21.882,0,0,26.831,168.527,0,3.232,0,71.959,13.83,16.696,30.757,8.988,7.707,1.712,3836.172
38015011400,1339.02,163.5,0,5.116,0,0,0,0,7.062,4.2,0,18.643,63.722,11.363,31.642,0,0,8.947,11.89,0,0,11.2,8,2.702,0,0,23.699,84.98,11.021,9.113,0,5.992,0,1821.812
38015011500,996.912,131.89,0,0,11.018,0,0,0,5.35,0,0,4.545,22.256,20.491,13.774,1.177,0,0,12.198,0,0,1.7,0,3,0,0,19.31,94.806,17.227,11.487,0,20.222,0,1387.363
38017000100,3452.38,0,0,0,0,0,0,0,0,6.4,0,53.89,24.129,25.531,66.988,2.482,0,5.046,1.927,0,0,0,18.187,0,0,0,31.732,10.579,47.875,63.879,0,0,12.733,3823.757
38017000201,692.73,143.88,23.022,92.088,143.234,209.342,535.16,118.05,0,2.1,0,11.254,16.053,14.509,39.645,4.494,0,17.976,19.741,0,0,0,6,0,0,0,2.68,3.628,10.914,3.209,0,0,0,2109.709
38017000202,1069.41,154.78,0,230.22,44.072,55.09,187.306,59.025,0,0,0,145.141,41.302,30.27,77.208,8.346,0,17.869,80.388,0,0,0,10.6,0,0,0,26.941,1.1,23.478,0,0,13.589,0,2276.135
38017000300,829.126,4.36,5.116,30.696,88.144,66.108,53.516,59.025,3.639,1223.6,0,94.843,108.167,49.86,238.64,6.85,13.481,4.659,114.819,0,0,93,20.374,17.35,0,0,44.161,7.418,35.814,41.344,0,71.079,285.154,3610.343
38017000400,1569.07,0,74.182,240.452,121.198,66.108,53.516,59.025,97.156,125.3,5.029,31.132,7.704,56.314,40.903,0,1.177,8.142,4.093,0,0,1.9,4.087,0,0,0,26.189,6.697,75.328,0,0,129.15,0,2803.852
38017000501,1393.72,52.32,33.254,214.872,314.013,132.216,80.274,59.025,10.7,48.7,2.889,28.722,8.989,35.386,157.007,0,497.015,76.03,23.97,2.736,0,1.2,8.461,21.1,0,0,14.455,2.678,31.03,0,0,108.821,0,3359.583
38017000502,423.722,0,161.154,378.584,132.216,242.396,107.032,0,0,30.4,0,31.565,20.93,23.968,20.674,1.926,0,0.597,8.145,0,0,0,3.4,0,0,0,10.606,3.6,31.397,0,0,0,22.042,1654.354
38017000600,1448.07,116.63,168.828,102.32,99.162,165.27,214.064,177.075,198.701,121.1,0,673.183,1975.57,499.887,997.377,24.995,0,106.624,268.521,0,0,877.774,399.102,58.6,9.5,0,468.32,38.387,76.49,40.125,18.725,58.643,0,9403.042
38017000700,29.068,38.15,127.9,30.696,82.635,187.306,428.128,236.1,168.205,63,3.103,202.334,146.055,146.462,778.834,142.362,1.926,70.347,213.03,37.41,0,85.832,410.348,59.6,0,0,322.961,54.55,104.983,49.075,20.159,59.278,128.935,4428.772
38017000801,780.192,0,74.182,281.38,314.013,209.342,214.064,0,16.585,47.2,8.774,37.864,29.746,80.568,156.857,0,181.9,33.297,120.214,0,0,0,3.774,0,0,0,10.521,16.101,71.048,41.516,13.429,17.646,0,2760.213
38017000802,1704.52,173.31,166.27,173.944,137.725,297.486,133.79,118.05,0,136.2,229.622,62.873,6.582,60.264,58.573,0,0,7.608,27.257,0,0,2.7,3.787,0,0,0,26.389,3.749,20.972,0,0,18.511,0,3570.182
38017000901,2637.79,0,33.254,138.132,93.653,22.036,53.516,0,0,69.3,22.042,133.255,37.451,58.776,70.693,14.232,14.018,28.482,63.625,0,0,7.13,7.561,0,0,0,25.993,18.529,36.562,5.778,0,34.883,0,3626.691
38017000903,531.136,0,0,40.928,132.216,727.188,428.128,0,101.649,0,0,161.221,38.243,28.805,131.082,25.466,0,19.409,56.679,1.498,0,0,20.431,0,1.1,0,25.143,3.789,15.912,49.773,0,0,5.136,2544.932
38017000904,1589.8,14.17,0,15.348,176.288,165.27,321.096,0,3.638,0,0,21.186,24.182,24.814,88.296,4.601,0,16.847,10.433,0,0,5.315,7.3,13.747,0,0,29.177,21.628,23.295,21.079,0,21.974,0,2619.484
38017001001,2047.23,0,46.044,112.552,258.923,253.414,481.644,59.025,0,10.7,6.848,173.252,68.908,65.784,162.124,13.376,0,63.538,80.118,0,0,1.3,12.6,3,0,0,23.906,26.029,22.591,0,0,1.07,0,3993.976
38017001002,785.352,57.77,15.348,0,104.671,44.072,428.128,59.025,13.376,150.5,15.087,80.943,23.701,64.762,68.386,6.635,0,26.43,116.863,0,0,3.9,6.287,0,0,0,14.679,1.8,21.079,2.568,0,17.942,0,2129.304
38017010106,0,0,10.232,0,38.563,319.522,1070.32,472.2,554.581,0,0,495.27,88.961,47.638,209.734,116.31,0,13.824,112.458,2.676,0,7.047,0,61.011,0,0,15.322,1.1,23.111,1.722,0,9.309,0,3670.911
38017010107,55.212,304.11,17.906,15.348,0,363.594,214.064,413.175,43.228,33.6,0,420.337,1548.43,147.233,231.723,0,0,17.976,63.235,2.675,0,417.848,529.099,329.6,0,0,231.615,11.099,2.461,18.618,6.634,2.247,0,5441.067
38017010108,1322.25,9.81,33.254,51.16,38.563,187.306,990.046,59.025,0,0,0,143.403,76.677,16.788,211.873,33.5,0,11.4,28.515,0,0,0,0,0,0,0,13.568,2.86,5.984,0,0,0,0,3235.982
38017010109,1668.74,329.18,7.674,20.464,60.599,11.018,53.516,0,0,12.6,5.885,243.77,81.749,64.992,20.823,15.194,0,3.424,39.467,0,0,8.9,2.187,0,0,0,47.203,0,11.953,0,0,21.293,0,2730.631
38017010201,2640.89,42.51,102.32,148.364,38.563,154.252,0,0,35.967,16.8,0,177.162,162.052,91.272,81.809,2.996,0,3.33,81.558,0,0,183.291,39.987,38.501,14.401,0,126.973,63.756,8.849,3.745,0,0,0,4259.349
38017010203,936.54,93.74,69.066,66.508,44.072,209.342,107.032,0,36.38,0,0,42.047,25.818,34.953,44.108,10.7,0,8.128,26.321,0,0,138.277,9.662,28.071,0,0,34.852,2.2,33.292,8.664,0,67.838,0,2077.611
38017010204,2714.16,0,107.436,71.624,137.725,99.162,133.79,118.05,8.881,6.3,5.671,22.173,76.613,16.102,66.044,7.275,0,5.992,20.624,0,0,0,7.599,0,0,0,21.431,6.149,1.604,1.498,0,15.622,0,3671.525
38017010303,2294.14,0,20.464,61.392,27.545,77.126,615.434,236.1,10.059,4.2,0,134.712,78.431,43.927,168.544,0,0,12.455,26.254,0,0,2.83,34.6,63.4,0,50,52.738,16.808,17.945,0,0,23.325,0,4072.429
38017010305,2009.3,0,0,40.928,55.09,121.198,749.224,59.025,16.05,37.1,0,93.623,71.318,51.151,137.702,8.238,0,7.721,132.962,0,0,3.8,29.7,0,0,0,17.51,8.647,35.738,0,0,0,0,3686.025
38017010306,1487.63,0,0,0,0,154.252,321.096,177.075,1.879,85.4,40.231,113.546,36.595,50.335,99.843,0,0,39.991,58.379,0,0,10.931,24.348,0,0,0,53.135,18.274,51.512,0,0,5.457,0,2829.908
38017010307,1532.95,0,0,0,11.018,0,0,0,0,0,0,23.27,39.433,12.019,51.011,1.155,0,0,31.86,1.498,0,7.4,1.5,0,0,0,17.164,8.498,15.729,0,0,81.443,0,1835.948
38017040100,1167.19,123.17,2.558,35.812,11.018,0,0,0,12.306,0,0,50.323,74.798,40.757,68.726,8.025,0,0,16.274,0,0,13.6,5.2,1.045,0,0,13.101,173.242,30.816,10.24,10.494,33.62,0,1902.315
38017040200,1291.03,106.82,0,35.812,16.527,0,0,0,0,21.7,4.494,42.78,117.682,21.508,18.667,9.309,0,0,12.371,0,0,21,7.8,7.3,0,0,16.133,151.368,25.894,4.727,3.359,0.679,0,1936.96
38017040300,1648.62,59.95,48.602,61.392,44.072,33.054,0,0,19.474,0,5.671,68.936,127.705,40.717,126.401,13.696,0,6.688,41.369,0,0,23.3,12.448,3,1.077,0,30.736,186.513,54.088,6.696,13.433,20.972,0,2698.61
38017040400,1822,88.29,0,0,0,0,0,0,0,0,0,24.149,140.055,66.932,81.16,5.778,0,1.539,18.444,0,0,287.9,6,24.8,0,0,68.436,36.281,17.869,0.788,0,16.05,0,2706.471
38017040500,9583.67,154.78,184.176,143.248,121.198,121.198,1605.48,826.35,7.705,110.6,14.338,177.666,191.746,69.434,402.149,3.318,0,17.963,26.16,1.605,0,29.03,120.973,0,0,0,129.882,36.939,49.798,5.937,0,57.14,0,14192.48
38017040600,1725.68,81.75,2.558,107.436,11.018,0,0,0,2.461,0,0,46.584,53.659,34.007,66.931,6.859,0,0,37.956,0,0,54.362,2.5,10.9,0,0,29.762,123.399,48.984,44.898,6.297,18.45,0,2516.451
38019950900,1098.82,26.16,56.276,173.944,11.018,44.072,0,0,81.534,39.9,40.125,162.167,69.122,70.812,58.286,9.63,45.796,10.347,40.36,6.848,0,4.246,23.4,0,0,0,15.545,77.26,70.524,27.119,3.959,12.733,0,2280.003
38019951100,1724.47,115.54,2.558,20.464,22.036,0,0,0,3.21,18.2,12.198,39.487,91.412,20.854,47.805,12.626,0,0,28.154,0,0,19.099,0,4.2,0,1.1,21.176,279.234,16.34,3.545,22.249,13.482,0,2539.439
38021973200,956.406,112.27,112.552,112.552,33.054,77.126,0,0,19.26,64.4,23.219,137.289,125.887,68.946,138.437,11.984,23.219,9.091,57.284,1.498,0,74.3,6.787,0,0,0,29.36,69.328,53.179,8.385,0.42,68.801,0,2395.034
38021973300,1017.04,63.22,0,15.348,33.054,0,0,0,25.573,0,0,15.087,29.96,14.641,37.696,0,0,0,24.756,0,0,25.115,0,16.8,0,0,11.932,214.109,14.643,3.152,13.014,2.782,0,1577.922
38021973400,754.65,40.33,12.79,20.464,27.545,11.018,26.758,0,7.49,101.4,19.902,72.867,29.211,19.57,17.474,9.416,0,10.572,9.844,0,0,14.115,21.681,0,0,0,7.1,17.69,38.81,10.722,0,33.598,0,1335.017
38023954500,1697.12,26.16,0,61.392,38.563,0,0,0,12.58,46.2,35.31,168.418,44.867,46.296,59.709,11.021,28.89,7.792,28.462,6.848,0,4,3.787,2,5.232,0,21.07,72.205,33.078,33.246,9.236,34.882,0,2538.364
38025962200,2276.08,545,0,20.464,22.036,22.036,0,0,8.774,88.9,37.449,63.339,55.264,6.164,31.265,12.733,0,5.198,43.267,0,0,17.2,21.5,0,20.93,0,24.243,129.563,41.608,16.887,12.594,29.104,0,3551.597
38027959200,1453.83,63.22,38.37,25.58,22.036,22.036,0,0,0,58.8,44.298,39.579,36.905,48.824,25.51,12.773,0,11.104,30.455,0,0,9.1,7.5,21.199,1.199,0,34.769,131.695,28.401,32.961,9.235,31.992,0,2241.371
38029966500,2372.83,213.64,17.906,92.088,16.527,22.036,0,0,29.773,37.1,21.4,114.025,120.762,64.445,59.894,19.837,27.82,14.026,28.462,0,0,14.723,3.9,0,0,0,51.403,181.666,69.109,18.216,32.143,58.315,0,3702.045
38031959600,1971.89,112.27,17.906,158.596,60.599,44.072,0,0,14.98,42.7,20.865,194.202,103.779,69.942,77.606,19.771,8.774,12.926,88.594,7.382,0,40.4,41.886,197.2,2,0,47.804,142.046,69.993,23.831,0.42,31.672,0,3624.105
38033962900,1020.39,88.29,48.602,51.16,5.509,0,0,0,18.833,5.2,10.379,108.011,78.484,56.315,59.728,11.663,0,4.494,8.636,0,0,3.701,0,6.2,1.8,0,17.503,57.72,38.108,8.964,0.42,28.891,0,1739.001
38035010100,1145.78,0,145.806,296.728,77.126,132.216,160.548,0,89.038,11.9,0,156.157,124.235,155.227,157.57,3.103,0,11.466,101.69,7.811,0,5,61.7,0,2.154,0,64.541,6.649,72.056,14.124,1.284,31.993,0.601,3036.503
38035010200,2019.11,0,168.828,189.292,77.126,55.09,26.758,0,0,2.8,13.268,147.497,51.146,70.059,52.183,8.239,0,1.194,34.026,0,0,8.4,33,0,0,0,45.284,10.34,33.368,2.14,0,44.87,0,3094.019
38035010300,308.826,0,102.32,189.292,165.27,66.108,187.306,0,56.664,1229.6,0,21.293,0,13.763,195.856,0,16.478,13.668,25.68,0,0,5.662,2.787,0,0,0,0,1,61.491,31.726,0,57.78,440.519,3193.089
38035010400,1218.71,436,89.53,81.856,99.162,363.594,428.128,118.05,59.278,16.1,0,76.789,71.425,41.614,80.786,1.177,0,2.44,29.692,0,0,40,12.86,0,0,0,40.943,52.884,8.009,32.742,0,29.425,10.165,3441.359
38035010600,481.428,0,38.37,230.22,132.216,154.252,80.274,59.025,3.21,88.6,0,44.956,21.154,81.899,104.296,4.601,0,15.194,21.614,0,0,3.2,4.074,3.5,0,0,2.561,1.679,69.799,70.873,4.387,30.037,0,1751.419
38035010700,753.36,0,84.414,20.464,99.162,33.054,26.758,0,0,4.4,0,62.995,28.356,28.551,46.311,1.07,0,3.478,89.69,0,0,2.1,2.85,3.134,0,0,14.2,5.1,4.922,0,5.885,0,0,1320.254
38035010801,1575.86,0,92.088,0,99.162,132.216,240.822,177.075,5.458,118.3,107,62.219,188.159,68.645,137.492,7.746,480.155,105.418,28.409,0,0,193.499,163.2,44.5,0,0,100.137,16.752,21.4,12.733,0,19.581,0,4198.026
38035010803,934.476,208.19,20.464,143.248,93.653,572.936,588.676,354.15,46.866,11,20.972,303.473,33.974,97.166,238.38,14.445,0,10.176,108.204,20.116,0,0,3.11,6.2,0,0,26.35,6.619,50.525,18.939,0,27.713,0,3960.021
38035010804,788.19,0,0,0,0,264.432,508.402,472.2,87.74,81.2,26.215,353.796,18.832,44.265,135.25,71.048,0,10.817,81.503,15.836,0,2.83,8,7.6,0,0,16.207,85.839,6.711,2.012,0,0,0,3088.925
38035010900,888.552,14.17,35.812,0,0,22.036,26.758,0,0,0,0,3.154,1.177,7.199,16.002,0,0.729,0.942,61.761,0,0,2,0,0,0,0,9.858,1.1,2.461,0,0,16.157,0,1109.868
38035011000,915.9,9.81,184.176,173.944,5.509,22.036,0,0,8.239,4.2,0,58.305,19.367,17.07,52.739,20.33,0,0,26.536,0,0,1.1,1.4,0,0,0,14.346,2,34.744,1.182,0,13.161,0,1586.094
38035011100,2831.21,6.54,0,0,0,0,0,0,11.021,4.2,5.671,32.686,16.512,10.63,53.388,0,0,4.063,18.724,8.774,0,3.7,4.98,0,0,0,31.915,13.107,7.683,0,0,1.749,2.247,3068.8
38035011200,2426.23,137.34,161.154,235.336,143.234,253.414,454.886,59.025,0,0,32.849,453.383,50.524,81.102,118.745,10.419,0,21.772,120.374,4.815,0,0,4.278,0,0,0,17.21,6.898,84.102,0,0,29.703,0,4906.792
38035011400,1393.2,110.09,0,0,5.509,11.018,0,0,0,0,0,19.26,49.007,21.759,27.507,1.819,0,0,19.474,0,0,10.7,0,0,0,0,24.305,112.816,34.851,3.394,18.051,31.351,0,1894.111
38035011700,2831.29,406.57,10.232,0,11.018,33.054,26.758,0,125.67,17.5,0,563.618,838.778,171.322,270.625,3.531,0,21.079,186.952,0,0,224.3,58.2,102.399,1.077,0,311.202,240.874,76.582,37.718,0.42,120.589,0,6691.357
38035011800,1009.3,71.94,5.116,51.16,0,11.018,0,0,5.35,40.6,90.736,42.826,162.319,12.54,38.305,10.058,10.058,1.606,26.147,0,0,0,2.987,0,0,0,11.005,77.187,20.544,2.363,0,3.14,0,1706.305
38035011900,1095.98,0,97.204,25.58,0,0,0,0,0,292.8,0,70.407,1.713,7.05,12.969,9.737,0,2.388,14.82,0,0,1.6,2,0,0,0,3,0,1.605,62.071,0,20.687,3.96,1725.571
38035012000,1572.77,202.74,0,76.74,22.036,11.018,0,0,10.807,26.6,18.404,38.437,56.229,34.674,33.673,3.444,0,1.498,18.759,0,0,0,5.148,18,0,0,44.953,118.589,57.123,7.743,19.31,33.063,0,2431.758
38037965900,1939.13,178.76,5.116,51.16,49.581,11.018,0,0,8.239,17.5,56.175,85.944,112.342,64.025,29.812,11.983,0,17.052,33.064,0,0,17.4,6.66,5.7,0,0,18.703,171.026,49.006,10.85,8.396,41.623,0,3000.265
38039968600,1625.4,66.49,17.906,56.276,33.054,11.018,26.758,0,27.071,32.9,27.606,84.472,85.634,47.167,73.169,23.091,0,9.928,33.423,1.926,0,125.4,11,9.844,0,0,26.712,155.369,80.156,9.76,12.594,44.32,0,2758.444
38041964700,736.59,34.88,10.232,15.348,33.054,0,0,0,9.523,37.1,16.799,57.211,8.988,31.64,19.046,5.136,0,12.733,0,2.782,0,0,10.161,0,0,0,3.21,63.941,17.976,8.781,1.819,20.223,0,1157.173
38041964800,919.254,65.4,12.79,15.348,11.018,0,0,0,17.548,11.6,0,37.971,32.636,17.955,31.134,6.741,15.836,10.249,23.647,0,0,2.831,0,6.1,0,0,12.8,115.459,19.474,8.647,0,50.874,0,1445.312
38043966800,1848.83,271.41,7.674,25.58,38.563,0,26.758,0,5.671,0,22.881,86.784,70.782,23.993,22.193,5.564,0,3.21,30.875,0,0,7.6,9.287,1.9,0,0,17.745,168.558,38.442,8.658,24.348,44.299,0,2811.605
38045972100,894.486,73.03,15.348,40.928,27.545,0,0,0,13.268,27.3,23.54,56.361,100.687,25.405,47.294,14.766,0,7.49,17.655,0,0,2.5,8.6,0,0,0,8.91,112.878,41.561,36.389,12.594,58.208,0,1666.743
38045972200,1805.23,54.5,10.232,71.624,33.054,0,0,0,15.301,18.2,0,91.169,114.39,60.583,48.013,18.126,0,6.375,31.588,0,0,37.001,5.4,0,0,0,6.482,203.8,82.875,14.491,8.395,36.701,0,2773.53
38047972500,1314.51,66.49,7.674,10.232,33.054,0,0,0,7.062,50.4,13.268,40.66,58.69,46.332,28.058,13.46,0,6.954,34.827,0,0,10.277,6.3,0,0,0,17.352,186.288,48.211,6.297,8.396,47.722,0,2062.514
38049955600,1489.95,136.25,0,66.508,38.563,11.018,0,0,9.658,0,1.498,139.78,21.646,50.909,29.252,2.889,0,0,29.987,0,0,1.415,9.361,7.2,0,0,18.793,116.201,33.324,16.565,16.792,60.73,0,2308.289
38049955900,1872.31,134.07,5.116,30.696,33.054,33.054,0,0,0,33.6,23.861,41.032,88.705,27.973,31.743,8.774,0,5.243,18.296,0,0,6.531,1.7,24.6,0,0,32.303,138.85,63.788,11.723,23.088,43.339,0,2733.449
38051972900,2311.68,107.91,2.558,61.392,22.036,22.036,0,0,19.902,72.1,30.495,119.789,88.221,47.33,69.342,14.874,47.08,16.305,25.479,0,0,89.376,30.7,0,0,0,17.248,156.265,69.926,18.378,18.471,49.963,0,3528.856
38053940100,555.99,62.13,17.906,15.348,0,0,0,0,0,1.4,0,1.042,0.877,0,0.942,0,0,2.996,0,0,0,0,0,0,0,10,5.88,0,2.996,0.394,0,0,0,677.901
38053962300,1125.4,161.32,0,40.928,5.509,0,0,0,3.638,32.9,0,20.545,104.968,12.444,57.622,0,0,3.255,11.878,0,0,16.699,13.4,0,20.7,0,27.83,90.47,9.844,16.765,10.075,42.372,0,1828.562
38053962400,1221.37,30.52,0,0,11.018,88.144,26.758,0,3.76,40.5,20.331,61.541,35.632,26.443,68.984,4.835,18.51,11.14,21.774,0,0,4,10.509,0,1.8,0,11.24,6.927,39.59,16.483,0,27.964,0,1809.773
38053962500,883.908,117.72,0,5.116,0,0,0,0,0,27.4,0,5.373,8.881,2.343,2.782,0.577,0,0,0,0,0,0,0,0,2.7,0,2.8,53.5,9.523,1.575,10.495,5.53,0,1140.223
38055960800,2690.42,188.57,23.022,66.508,60.599,44.072,26.758,0,37.771,54.8,22.898,97.507,89.541,52.707,93.32,18.938,0,9.343,51.06,0,0,14.7,8.6,3.8,8.3,0,32.647,124.256,60.362,19.201,23.525,49.54,0,3972.766
38055961000,3806.53,524.29,17.906,153.48,66.108,11.018,0,0,97.945,77,18.404,71.082,93.561,49.396,141.588,14.98,49.969,29.158,56.362,2.675,0,18.915,32.487,3.9,0,0,61.852,248.117,105.684,14.648,23.928,99.938,0,5890.92
38057961600,1380.82,52.32,40.928,81.856,5.509,55.09,26.758,0,0,24.5,0,89.247,12.411,46.326,32.962,11.342,31.029,26.007,11.195,9.951,0,10.701,2.574,2.3,0,0,24.473,6.2,44.528,3.544,12.594,1.07,0,2046.235
38057961700,1547.23,87.2,40.928,66.508,22.036,165.27,80.274,0,13.375,59.5,36.38,91.828,7.383,45.75,45.871,12.091,0,14.588,47.312,0,0,4.6,3.9,0,4,0,13.13,20.299,76.443,6.099,12.595,45.903,0,2570.493
38057961800,1935,488.32,0,0,44.072,0,0,0,14.888,0.6,0,98.293,26.72,32.358,83.217,4.548,0,0,64.443,0,0,7.371,9.8,5,131.018,0,20.162,83.354,27.886,45.443,4.707,65.696,0,3192.897
38059020100,2466.22,0,248.126,163.712,165.27,44.072,80.274,0,7.185,43.4,7.383,233.176,138.587,90.549,154.814,11.551,8.774,17.289,141.128,0,0,31.1,11.7,0,0,0,55.982,25.506,134.115,106.549,13.482,70.804,0,4470.748
38059020200,3408.7,70.85,20.464,358.12,198.324,88.144,0,0,49.005,156.2,51.681,43.787,166.44,77.259,112.078,0,13.696,10.825,47.734,0,0,19.001,74.7,63.9,0,0,89.608,37.604,34.453,2.393,0,45.903,0,5240.869
38059020300,2844.97,1412.64,104.878,107.436,71.617,99.162,0,0,12.84,56.9,5.671,365.914,171.086,113.556,79.288,11.556,0,7.09,166.34,0,0,77.477,3.6,20.3,0.9,0,50.253,26.058,34.955,29.137,0,39.911,0,5913.535
38059020400,1645.52,235.44,0,0,16.527,0,0,0,1.177,0,0,59.465,104.637,35.565,84.885,9.309,0,0,25.819,0,0,9.3,8.9,4,2.3,0,72.114,215.598,22.699,15.836,0,29.96,0,2599.051
38059020500,2052.13,168.95,15.348,5.116,60.599,22.036,0,0,5.243,105,58.957,93.767,115.455,39.114,64.514,21.131,0,10.927,59.768,2.568,0,31.953,6.002,18.3,0,0,31.821,129.225,83.794,19.469,0,66.661,0,3287.848
38061940300,704.34,211.46,0,20.464,5.509,11.018,0,0,15.697,22.4,14.445,25.326,19.581,21.186,9.887,0,0,2.033,25.48,0,0,21.1,2.301,0,0,0,0.85,27.74,11.953,2.072,12.594,23.968,0,1211.404
38061940400,901.71,624.57,0,138.132,27.545,22.036,0,0,77.896,9.8,13.803,43.464,7.811,26.754,49.059,5.778,0,18.404,41.903,0,0,34.5,72.1,0,4.6,0,10.964,15.77,20.865,51.927,0,34.625,22.149,2276.165
38061955200,2481.44,331.36,0,25.58,22.036,22.036,0,0,25.573,360.8,24.717,86.665,59.739,45.028,53.678,9.737,18.618,10.402,33.597,0,0,3.8,8.8,0,5.5,0,18.193,161.468,29.118,15.902,3.424,32.751,0,3889.962
38063959000,2227.83,85.02,12.79,97.204,66.108,11.018,0,0,14.552,56,15.836,96.186,99.589,73.683,58.363,30.793,22.856,22.198,34.026,0,0,4.33,27.548,0,0,0,25.182,215.464,81.164,14.191,36.028,93.749,1.177,3522.885
38065961200,1174.93,127.53,7.674,10.232,0,0,0,0,0,1.4,0,26.188,25.359,4.851,17.165,4.601,0,14.017,6.473,0,0,16.316,0,5.1,0,0,20.807,105.026,20.116,20.332,2.939,0,0,1611.056
38067950100,910.224,45.78,0,15.348,5.509,22.036,0,0,3.424,11.9,0,44.287,45.177,16.042,58.408,5.885,0,1.194,14.67,0,0,185.399,67.162,0,0,0,47.656,92.365,15.408,9.742,8.396,23.221,0,1649.233
38067950200,968.532,25.07,10.232,86.972,5.509,33.054,0,0,12.305,18.9,21.4,68.182,99.767,41.038,31.779,9.844,0,2.14,23.861,0,0,35,14.396,29.2,0,0,15.592,115.527,25.359,6.72,0,6.527,0,1706.906
38067950300,866.88,56.68,10.232,81.856,27.545,22.036,0,0,5.457,32.2,0,65.591,29.373,19.552,46.26,11.556,10.486,14.873,19.808,0,0,0,12.4,0,0,0,18.58,19.693,36.594,29.798,0,20.972,0,1458.422
38067950400,958.986,42.51,0,5.116,0,0,0,0,5.243,37.8,14.017,59.301,49.413,45.948,52.63,1.819,0,3.103,15.889,0,0,22.7,0,0,2.5,0,20.441,132.226,20.009,21.58,7.556,10.486,0,1529.273
38067950500,1010.84,41.42,40.928,35.812,27.545,22.036,0,0,8.132,0,0,69.196,74.045,15.764,32.318,6.313,0,3.638,31.391,0,0,0,2.4,36,0,0,11.382,112.998,37.236,3.035,8.816,16.585,0,1647.83
38069956100,750.35,39.24,71.624,117.668,27.545,0,0,0,0,13,0,83.372,53.019,62.679,53.603,13.162,0,5.35,206.559,9.63,0,85,18.3,3.1,0,0,14.741,105.273,30.754,23.353,13.433,27.82,0,1828.575
38069956200,1431.64,185.3,20.464,5.116,55.09,33.054,26.758,0,28.248,91.7,14.017,81.046,69.093,31.887,63.87,0,201.16,16.244,38.783,0,0,10.4,1.287,1.7,0,0,31.783,105.101,22.592,1.576,0,13.803,0,2581.712
38071957600,1291.81,214.73,133.016,306.96,236.887,231.378,160.548,0,43.564,123.9,27.178,406.47,61.954,103.052,145.259,33.598,1.177,23.219,59.075,1.498,0,15.846,29.56,7.099,0,0,61.832,6.848,82.907,36.473,0,28.279,0,3874.117
38071957700,1999.76,199.47,2.558,15.348,11.018,0,0,0,81.641,9.1,0,105.173,112.675,64.068,43.396,2.46,0,0,95.762,8.239,0,21.786,8.087,93,0,0,70.956,218.087,51.039,14.147,16.273,39.752,0,3283.795
38071957800,1695.06,143.88,28.138,143.248,55.09,121.198,107.032,0,21.615,109.5,3.103,114.052,75.457,59.893,63.808,8.88,20.544,22.396,34.561,0,0,0,22.5,0,4.6,0,26.92,13.449,17.165,231.228,4.766,51.574,53.928,3253.585
38073968900,918.222,74.12,10.232,20.464,11.018,33.054,0,0,4.387,37.8,0,22.684,33.224,17.718,45.752,5.243,0,6.651,45.474,0,0,4.931,1.51,36.8,0,0,14.34,93.194,20.351,4.172,0,30.602,0,1491.943
38073969000,865.332,89.38,0,0,5.509,0,0,0,7.811,0,0,20.544,19.581,6.598,34.724,0,0,4.601,15.675,0,0,26.9,1.4,0,0,0,18.375,140.025,51.099,3.103,0,23.54,0,1334.197
38073969100,1119.98,70.85,15.348,56.276,44.072,143.234,0,0,19.688,91.7,25.787,105.927,27.446,47.469,41.542,10.807,0,12.519,50.204,1.498,0,85.4,3.787,0,0,0,14.441,10.8,50.611,83.374,0,0,0,2132.76
38075952900,1637.78,224.54,10.232,76.74,38.563,0,0,0,3.103,37.8,20.223,84.818,61.291,57.328,46.748,7.179,0,34.24,31.371,0,0,38.546,3.861,22.984,15.7,0,46.35,193.784,49.687,24.814,7.902,37.878,0,2813.462
38077970700,1161,120.99,0,25.58,11.018,0,0,0,0,0,0,30.863,17.806,8.916,42.301,0,0,0,16.104,0,0,13.9,0.9,9.945,0,0,28.089,82.002,30.464,2.364,10.915,18.404,0,1631.561
38077970800,1354.5,63.22,0,15.348,16.527,11.018,0,0,23.829,5.6,0,101.534,106.413,47.255,41.327,7.168,0,2.354,32.314,0,0,359.505,0,122.901,8.6,0,87.413,143.696,33.108,5.12,11.754,0,10.379,2610.883
38077970900,1107.85,137.34,135.574,0,27.545,220.36,107.032,59.025,46.438,375.8,34.454,46.866,54.303,35.314,40.519,2.461,32.528,0.706,28.275,0,0,257.599,119.761,80.599,0,0,11.645,7.22,226.218,7.415,0,75.435,121.338,3399.62
38077971000,1659.97,38.15,58.834,189.292,181.797,209.342,80.274,0,10.379,29.5,0,179.958,90.79,118.452,204.617,24.691,0,44.405,68.827,0,0,126.031,19.411,3.134,0,1.9,91.727,76.84,60.621,28.464,3.424,35.096,0,3635.926
38077971100,860.688,29.43,0,0,33.054,0,0,0,5.35,0,0,24.503,42.212,24.019,25.068,4.601,0,7.614,10.207,0,0,7.5,2.1,16.6,0,0,22.401,110.277,9.202,5.496,0,35.31,0,1275.632
38077971400,1816.06,110.09,23.022,76.74,55.09,0,0,0,16.004,42,51.36,108.166,159.997,48.684,82.659,27.82,0,18.796,47.869,0,0,7,15.369,0,0,0,48.181,205,65.652,6.798,36.522,97.37,0,3166.249
38079941800,1374.88,751.01,23.022,76.74,49.581,0,0,59.025,60.669,8.9,0,54.644,11.556,36.131,35.402,1.819,70.192,0.597,55.961,0,0,67,3.6,1.045,0,0,20.092,5.7,16.255,108.731,4.618,26.75,0,2923.92
38079951600,781.74,23.98,38.37,40.928,11.018,22.036,26.758,0,8.988,8.1,3.531,116.388,37.771,41.21,11.759,4.857,114.383,14.231,18.831,5.136,0,6.631,51,0,0,0,9.8,12.829,33.491,43.523,0,10.058,0,1497.347
38079951700,1777.62,379.32,0,25.58,11.018,22.036,0,0,3.317,20.3,18.19,56.176,19.678,12.947,15.169,6.313,0,5.029,20.233,0,0,0,0,0,0,32.8,14.82,17.055,17.12,8.881,8.396,47.294,0,2539.292
38079951900,826.89,62.13,7.674,40.928,11.018,0,26.758,0,4.173,25.9,14.338,24.88,35.096,6.449,17.567,5.992,0,1.605,7.303,2.675,0,0,10.296,1.045,3.4,0,11.708,49.019,18.266,1.016,8.396,18.404,0,1242.926
38081974000,854.496,87.2,0,51.16,33.054,11.018,0,0,8.347,0,0,19.283,179.152,16.469,26.827,2.996,0,4.762,18.952,0,0,209.6,12.5,0,0,0,3.652,78.843,24.273,0.394,16.792,10.379,0,1670.149
38081974200,1630.04,124.26,2.558,81.856,27.545,11.018,0,0,9.217,25.9,0,65.155,88.017,41.69,50.814,16.585,0,9.095,32.928,0,0,22.9,12,0,0.32,0,24.647,153.515,45.658,14.113,22.669,49.541,0,2562.041
38083960200,1006.2,81.75,10.232,10.232,11.018,0,0,0,12.091,0,7.49,26.936,33.117,13.571,36.722,4.494,0,3.886,29.759,0,0,3.9,0,0,0,0,9.935,135.957,32.114,8.864,16.792,28.89,0,1523.95
38085940800,595.98,65.4,12.79,0,0,0,0,0,0,0,0,2.568,14.081,0.706,0.888,0,0,0,0,0,0,0,1.288,0,0,0,1.649,23.042,6.969,3.638,0,15.836,0,744.835
38085940900,730.14,80.66,35.812,56.276,16.527,22.036,0,0,71.048,4.4,0,23.755,1.069,33.17,21.077,0,20.544,0.791,0.515,0,0,0,6.077,0,0,0,9.04,8,10.058,23.113,0,44.512,0,1218.62
38087965000,597.528,39.24,0,5.116,0,0,0,0,1.284,0,0,3.796,5.778,0,4.965,0,0,0,6.313,0,0,0,0,0,0,0,7.64,19.9,1.07,3.253,0,8.239,0,704.1221
38089963300,793.092,70.85,0,0,16.527,11.018,0,0,12.412,32.2,0,36.082,32.316,20.009,15.99,8.667,16.05,7.293,2.996,0,0,48.361,0,15.281,1.1,0,6.101,66.884,32.925,7.406,18.891,20.972,0,1293.423
38089963400,1478.34,104.64,0,148.364,49.581,0,26.758,0,25.038,82.6,59.92,147.081,157.078,100.787,79.843,5.029,0,13.33,47.293,0,0,56,18.135,1.6,24.355,0,55.27,10.099,34.283,75.509,17.351,0,0,2818.284
38089963500,2122.31,0,56.276,40.928,49.581,110.18,374.612,59.025,72.866,109.2,9.951,278.403,31.887,69.389,116.488,9.523,0,47.631,86.361,0,0,9.5,1.5,3.6,1.1,0,16.77,17.926,57.749,23.15,0,21.217,0,3797.123
38089963600,1043.7,44.69,10.232,102.32,44.072,33.054,0,0,37.771,145.1,0,92.899,13.268,67.28,73.398,0,0,12.903,46.25,3.593,0,2,1.7,0,0,0,9.112,2.1,31.637,71.339,0,57.505,11.877,1957.8
38089963700,1810.3,0,222.546,138.132,22.036,88.144,133.79,0,0,119.7,0,160.781,230.214,108.66,284.184,41.601,26.001,68.743,59.733,2.736,0,14.8,171.2,4,5.8,0,46.625,12.297,44.759,50.627,0,23.219,0,3890.628
38089963800,1803.68,233.26,12.79,194.408,88.144,22.036,0,0,1.07,0,0,84.343,59.707,64.872,49.226,0,0,1.819,17.12,0,0,12.899,16.4,0,2.9,0,104.382,20.155,31.736,0,0.42,43.733,0,2865.1
38089963900,1495.37,185.3,5.116,0,11.018,0,0,0,1.926,0.7,0,130.541,210.281,52.52,83.668,0,0,4.275,41.687,0,0,216.4,2.7,24.389,35.255,0,95.638,82.151,14.231,3.151,0,0,0,2696.316
38089964000,866.88,129.71,0,25.58,27.545,0,0,0,14.873,0.7,0,52.856,56.87,48.898,24.86,7.918,0,0.984,24.021,1.605,0,3.5,0,0,33.108,0,26.131,54.509,36.563,9.327,0,32.742,0,1479.18
38091968700,1414.61,119.9,10.232,30.696,11.018,22.036,0,0,8.881,0,0,42.907,51.578,23.718,32.869,12.708,0,0,24.355,0,0,62.9,8.435,28.9,0,0,15.11,98.919,42.586,4.708,0,60.99,0,2128.056
38093967000,1893.2,111.18,2.558,5.116,5.509,11.018,0,0,16.585,0,0,21.729,28.302,23.278,40.177,1.177,0,16.478,20.343,0,0,271.417,6.5,2.7,0,0,20.48,204.013,20.848,13.573,0,31.672,0,2767.853
38093967200,1796.2,99.19,2.558,20.464,27.545,0,0,0,29.852,0,0,105.14,168.419,49.873,92.295,7.147,62.06,3.082,39.402,5.35,0,44.692,43.8,22.6,0,0,25.958,270.573,39.497,11.027,13.014,44.484,0,3024.222
38093967300,884.94,20.71,0,46.044,16.527,77.126,53.516,0,28.141,325.2,0,37.161,70.569,12.506,98.064,0,0,2.354,0.845,0,0,0,0,30,0,0,27.642,22.245,17.41,4.494,0,28.74,0,1804.234
38093967400,2152.49,37.06,81.856,194.408,148.743,253.414,214.064,0,14.98,341.1,6.42,36.12,52.595,74.63,74.298,0,2.461,33.043,75.858,0,0,12.307,24.4,3.2,0,0,33.418,25.586,67.378,13.054,6.206,57.817,32.1,4069.005
38093967500,1554.45,244.16,46.044,86.972,93.653,66.108,0,0,58.972,58.8,4.739,157.947,64.365,79.785,213.608,1.926,0,1.926,74.779,0,0,7.7,9.9,2.9,0,0,53.772,38.545,35.279,26.215,0,25.894,0,3008.439
38093967800,1851.67,56.68,89.53,409.28,104.671,132.216,26.758,59.025,0,13.7,0,238.877,118.247,115.5,171.716,66.529,0,45.433,132.008,1.498,0,33.631,11.035,33,0,0,49.82,38.632,225.919,40.786,7.693,38.841,0,4112.695
38095951500,1766.27,54.5,17.906,35.812,104.671,22.036,26.758,0,6.969,30.1,17.548,61.682,71.262,51.929,55.555,9.501,32.1,7.096,31.109,0,0,2,7.887,37.9,40,0,11.68,196.293,39.055,25.008,0,49.052,0,2811.679
38097970100,1324.06,89.38,28.138,51.16,27.545,11.018,0,0,0,23.8,25.68,51.241,85.386,22.716,83.172,6.955,0,1.194,22.925,0,0,1.416,1.9,4.5,0,0,10.521,118.03,21.614,3.545,12.594,23.754,0,2052.244
38097970200,1178.8,42.51,43.486,122.784,49.581,99.162,26.758,0,13.696,143.4,61.311,133.201,94.845,59.41,81.233,26.964,10.272,16.423,61.07,4.066,0,2.4,20.87,0,0,0,31.82,102.056,47.37,31.114,0,249.235,30.816,2784.654
38097970300,1001.56,16.35,0,0,5.509,11.018,0,0,5.564,0,0,7.597,760.431,13.889,18.396,0,0,1.926,8.84,0,0,10.4,0,81.7,0,0,7.68,79.47,10.639,30.326,0,0,0,2071.295
38097970400,804.444,62.13,15.348,35.812,5.509,66.108,26.758,0,0,26.2,21.4,40.831,25.68,10.582,36.526,10.593,0,9.63,24.233,0,0,1.416,2.901,10.9,0,0,8.67,10.895,20.865,7.889,4.618,30.174,0,1320.112
38099957800,821.472,153.69,2.558,35.812,33.054,0,0,0,0,5.6,0,22.898,67.41,21.56,22.33,5.778,0,1.07,13.803,0,0,16.131,0,0,0,0,14.684,125.417,17.945,1.182,5.35,15.622,0,1403.366
38099957900,674.928,114.45,71.624,81.856,0,22.036,26.758,0,0,78.8,48.15,37.344,354.599,32.111,22.598,0,0,0,0.974,0,0,4.6,1.5,0,0,0,30.521,13.1,6.42,3.957,16.792,9.095,0,1652.213
38099958000,1197.12,0,109.994,56.276,60.599,55.09,53.516,0,32.528,88.2,0.527,183.573,61.082,75.925,100.165,21.186,38.306,24.363,55.425,16.05,0,120.5,2.387,1.8,0,0,30.663,26.87,52.399,14.578,0,202.353,0,2681.475
38099958100,1569.67,112.27,15.348,0,5.509,0,0,0,5.457,0,0,124.713,143.168,69.492,48.96,6.719,0,1.194,38.025,0,0,23,10.448,15.5,1.4,0,29.456,379.625,82.694,0.788,6.297,13.054,0,2702.787
38099958200,851.142,30.52,43.486,66.508,77.126,22.036,0,0,0,49,24.396,60.455,75.756,29.971,30.617,12.84,38.521,9.771,15.06,0,0,5,0,0,0,0,19.053,10.946,19.596,15.202,0,11.77,0,1518.772
38099958300,1078.96,38.15,0,20.464,0,0,0,0,0,0,0,27.165,40.339,19.046,18.244,8.772,0,3.424,12.541,0,0,0,0,0,3.6,0,4.35,121.931,14.766,7.877,15.952,17.949,0,1453.53
38101010100,940.41,39.24,51.16,107.436,77.126,264.432,107.032,177.075,3.759,105.4,21.4,390.986,85.246,132.355,314.483,97.049,128.4,185.2,144.291,1.238,0,29.6,35.1,1.3,0,0,35.931,14.649,116.995,290.644,26.537,80.464,0,4004.938
38101010200,1879.01,40.33,189.292,194.408,66.108,99.162,26.758,0,0,189.7,184.468,125.001,272.654,168.2,114.56,0,4.815,3.659,79.981,0,0,84.102,19.7,6.499,20.4,0,50.122,75.7,48.771,13.942,0,29.471,0,3986.813
38101010301,1347.79,170.04,58.834,235.336,93.653,99.162,133.79,0,92.555,0,0,42.893,21.722,44.408,335.698,1.284,0,9.001,80.25,0,0,0,2.387,0,5.386,0,9.442,8.346,54.326,1.926,0,43.934,0,2892.163
38101010302,2787.95,0,79.298,383.7,16.527,33.054,53.516,0,0,8.4,0,37.191,12.895,31.939,55.878,0,0,4.275,62.951,0,0,16.7,4.6,14.5,0,0,34.979,14.18,36.487,1.497,0,4.238,0,3694.755
38101010400,2525.56,34.88,243.01,199.524,104.671,77.126,53.516,0,13.267,445.1,0,106.364,12.947,63.985,65.76,1.284,1.926,10.026,61.042,5.136,0,14.154,7.335,0,0,0,21.475,18.449,62.396,19.017,0,71.797,43.228,4282.975
38101010500,3013.96,235.44,122.784,66.508,38.563,121.198,0,0,37.235,11.1,5.35,261.522,187.361,118.093,149.988,16.691,18.214,23.022,69.228,1.499,0,10.7,36.709,11.8,1.1,0,40.86,32.3,30.637,9.202,0,44.727,0,4715.791
38101010600,1795.68,810.96,209.756,255.8,60.599,176.288,267.58,236.1,45.904,60.9,38.413,805.91,125.409,135.198,199.752,13.696,0,9.095,121.206,15.837,0,6.3,22.2,15,0,0,87.346,33.543,66.249,0.46,2.247,1.027,0,5618.456
38101010700,2106.66,901.43,40.928,578.108,110.18,143.234,53.516,59.025,146.693,41.4,17.12,245.959,304.984,182.311,212.914,8.28,0,35.15,83.057,1.238,0,18.6,31.574,61.7,1.8,0,74.937,33.808,40.854,27.285,3.852,25.786,0,5592.383
38101010800,1738.4,207.1,12.79,15.348,11.018,0,0,0,3.424,5.3,0,79.852,145.618,25.262,101.662,0,0,0.706,27.808,0,0,21,38.899,12.2,1,0,35.247,70.314,30.172,4.751,9.655,33.387,0,2630.913
38101010900,1437.83,0,396.49,168.828,0,0,0,0,0,839.3,0,99.8,4.386,26.887,9.617,4.386,41.302,7.553,38.559,0,0,0,2.387,0,0,0,2,3.7,1.605,34.359,5.778,16.485,4.707,3145.959
38101011000,1385.46,66.49,5.116,35.812,49.581,11.018,0,0,9.309,35,13.161,68.476,82.337,13.847,28.882,8.667,20.758,10.058,21.72,2.675,0,32.645,3.2,0,13.199,0,31.906,97.507,38.643,10.634,4.618,21.416,0,2122.135
38101011200,1718.28,238.71,2.558,0,0,0,0,0,4.829,0,0,31.802,92.292,61.188,66.054,0,459.886,11.669,29.962,0,0,42.4,47.8,0,3.6,0,59.556,77.339,9.416,10.405,0.84,38.685,0,3007.271
38101011300,2761.63,305.2,5.116,40.928,22.036,11.018,0,0,20.972,0,0,68.42,132.415,57.206,66.188,4.719,0,4.421,44.505,0,0,1.8,5.361,0,3.3,0,102.222,152.102,34.743,28.64,16.529,70.335,0,3959.805
38103959800,1050.06,11.99,28.138,56.276,71.617,22.036,0,0,11.128,79.8,113.527,107.215,66.447,39.945,50.406,16.906,17.762,12.259,19.54,5.03,0,7.7,3.4,2.4,0.2,0,28.409,30.848,75.221,10.041,0,28.569,0,1966.87
38103960000,1658.94,132.98,7.674,35.812,16.527,0,0,0,10.593,0.5,0,40.707,91.894,39.845,64.817,7.318,1.457,2.675,25.532,0,0,4.246,4.7,10.645,0,0,35.083,271.155,36.089,27.301,49.954,23.219,0,2599.663
38105953400,1395.78,97.01,0,5.116,5.509,0,53.516,0,5.564,55.3,0,45.098,42.64,27.301,23.296,6.099,26.75,8.881,959.255,0,0,17.5,1.3,0,89.001,0,20.12,54.549,39.559,4.332,14.816,45.09,0,3043.383
38105953500,1095.98,180.94,10.232,10.232,11.018,0,0,0,15.943,1.4,0,19.718,112.942,18.597,57.446,2.887,0,13.589,17.923,0,0,7.2,24.6,9.7,37.154,0,26.441,58.087,25.359,8.064,6.297,16.585,0,1788.334
38105953600,1532.52,196.2,5.116,30.696,0,0,0,0,5.671,18.2,0,24.982,17.924,13.118,17.417,4.28,0,9.46,25.545,0,0,0,1.3,5.8,3,0,17.216,35.667,23.753,6.357,12.594,14.552,0,2021.368
38105953700,2212.09,529.74,53.718,0,27.545,99.162,267.58,0,135.356,15.4,14.125,123.726,246.527,90.667,107.896,14.659,0.873,4.935,17.334,0,0,65.798,31.286,3.501,75.141,0,65.147,29.608,17.977,2.782,3.21,33.748,15.029,4304.56
38105953800,967.5,163.5,7.674,46.044,66.108,55.09,80.274,0,53.499,126.7,106.358,109.611,56.283,56.086,39.499,3.852,67.5,57.208,64.361,0,0,18.2,0,0,29.234,0,30.548,10.37,21.186,3.72,0,35.588,0,2275.993
38105953900,1663.84,17.44,28.138,76.74,88.144,77.126,53.516,0,1.819,50.1,0,142.87,20.653,69.852,57.335,0,0,32.269,111.341,1.712,0,17.3,6.6,12.334,15.454,0,13.974,25.789,39.787,10.807,0,15.622,20.329,2670.892
38105954100,2414.88,0,35.812,173.944,165.27,154.252,0,0,0,72.7,4.494,214.152,181.306,206.267,189.687,29.078,0,28.243,97.062,5.778,0,9.2,23.8,0,156.132,0,125.571,11.961,94.069,52.247,6.944,43.976,0,4496.824

