Tract,RES1F,RES2F,RES3AF,RES3BF,RES3CF,RES3DF,RES3EF,RES3FF,RES4F,RES5F,RES6F,COM1F,COM2F,COM3F,COM4F,COM5F,COM6F,COM7F,COM8F,COM9F,COM10F,IND1F,IND2F,IND3F,IND4F,IND5F,IND6F,AGR1F,REL1F,GOV1F,GOV2F,EDU1F,EDU2F,TotalSqft
44001030100,2544.87,15.45,59.55,0,5.943,0,0,191.025,0,1.4,0,36.159,43.066,32.351,105.738,0,0,9.705,7.299,0,0,4.8,20.364,41.9,0,0,43.622,4.934,38.04,2.675,0,26.301,17.655,3252.847
44001030200,1634.51,0,164.358,42.876,0,11.886,0,0,1.07,0,11.449,107.464,17.756,59.598,103.129,13.161,0,58.625,36.842,2.782,0,2.2,22.9,9.182,0,0,49.012,15.72,23.638,20.763,11.77,69.229,0,2489.919
44001030300,2606.53,0,33.348,14.292,11.886,0,0,0,0,7,8.881,98.915,16.834,45.128,106.656,0,0,9.133,14.791,1.498,0,0,1.828,0,0,0,21.75,32.284,134.899,0,0,27.713,0,3193.366
44001030400,2467.87,0,64.314,0,0,0,0,0,0,9.8,0,67.153,27.285,17.297,99.757,6.955,0,27.844,47.826,0,0,1.3,5.608,15.178,0,0,20.09,3.8,54.356,0,0,0,0,2936.433
44001030500,621.888,0,743.184,581.208,65.373,59.43,0,0,0,4.7,8.881,188.845,229.276,128.098,141.304,11.663,0,19.265,97.834,0,0,594.1,252.899,82.9,0,0,32.991,11.044,56.357,19.574,13.161,17.068,0,3981.042
44001030601,1723.31,0,54.786,185.796,29.715,23.772,28.866,0,5.457,49,17.655,40.738,35.949,39.014,154.997,2.498,0,0.749,12.912,0,0,118.2,78.3,5.643,0,0,35.751,30.797,0,4.601,0,30.816,0,2709.322
44001030602,1718.56,0,314.424,80.988,47.544,71.316,173.196,0,5.136,122.5,29.319,103.953,40.26,56.088,57.775,0,0,35.577,51.251,1.279,0,34.334,62.325,2.1,0,0,40.729,6.884,17.706,0,9.522,1.585,0,3084.351
44001030700,701.346,0,526.422,924.216,101.031,106.974,115.464,63.675,28.141,16.8,8.774,140.49,49.266,71.946,163.93,11.414,0,31.008,91.864,3.959,0,216.7,35.349,0,0,0,30.13,6.37,71.129,13.996,0,39.521,0,3569.916
44001030800,1552.75,0,438.288,238.2,59.43,23.772,28.866,0,8.384,901.2,6.206,28.569,27.97,55.896,47.013,0,0,6.741,36.736,0,0,94.296,14.149,5,8.7,0,20.55,5.47,13.466,5.564,9.416,8.539,185.324,3830.495
44001030901,3474.34,0,16.674,28.584,0,35.658,0,0,0,162.4,6.527,65.005,16.689,54.991,141.771,7.383,0,6.153,35.175,1.391,0,1.648,53.7,0,0,0,54.623,19.353,22.117,30.495,0,5.904,0,4240.582
44001030902,3240.48,0,273.93,252.492,279.321,83.202,0,0,0,261.7,65.804,171.735,100.445,108.464,221.755,8.881,0,78.825,81.17,1.498,0,347.281,188.872,35,17,0,91.076,32.243,51.883,8.774,15.622,23.905,10.7,6052.058
44003020101,2486.4,0,33.348,190.56,101.031,511.098,230.928,63.675,50.825,0,0,157.452,70.555,85.881,248.265,0,0,5.067,73.219,1.498,0,519.3,189.382,37.3,0,0,53.97,13.474,20.704,0,0,71.885,0,5215.816
44003020102,1815.48,18.54,228.672,390.648,83.202,166.404,86.598,0,21.097,77,0,80.143,51.349,51.029,73.949,0,15.408,23.266,62.903,1.605,0,13.9,1.2,52.7,0,0,26.932,12.09,35.044,0,0,36.604,0,3425.763
44003020200,1722.49,0,335.862,323.952,190.176,154.518,57.732,127.35,0,11.2,0,117.507,82.437,45.799,91.661,0,2.386,14.777,28.819,0,0,190.091,153.316,2.5,0,0,23.32,4.368,19.26,0,0,18.725,0,3718.246
44003020300,1078.38,0,616.938,533.568,433.839,297.15,28.866,127.35,21.507,8.4,0,121.534,32.421,49.826,101.856,43.373,48.15,17.157,33.416,1.498,0,80.901,73.898,0,5.5,0,33.45,3.726,34.026,36.819,17.441,64.949,0,3945.939
44003020400,1195.72,0,245.346,214.38,118.86,0,0,0,0,0,0,40.282,8.82,19.22,49.048,0,0,0,0,0,0,1.648,2.2,4.6,0,0,17.23,1.58,15.729,0,5.457,0,0,1940.12
44003020500,1611.14,0,340.626,404.94,83.202,23.772,0,191.025,2.033,10.5,6.527,33.448,28.138,83.998,65.178,0,0,1.102,20.402,0,0,27.5,7.4,350.4,0,0,35.482,2.594,23.709,0,0,27.285,0,3380.401
44003020601,3017.76,15.45,164.358,57.168,11.886,23.772,0,0,0,125.3,32.1,48.642,79.234,44.435,49.153,1.391,0,7.383,36.38,0,0,243.2,50.107,3.501,0,0,61.916,24.925,9.264,0,11.021,40.128,0,4158.474
44003020602,1386.95,384.19,28.584,157.212,89.145,11.886,0,0,0,3.5,5.564,179.036,144.121,121.395,81.373,18.551,32.1,21.656,87.818,13.91,0,27.336,87.358,9.2,1.7,0,51.78,14.604,24.517,0,22.189,39.986,0,3045.661
44003020603,3211.2,207.03,40.494,123.864,106.974,130.746,0,0,0,0.8,0,164.456,68.409,133.589,403.886,4.815,0,21.998,50.233,0,0,81.281,43.767,40.005,2,0,67.985,22.788,21.09,0.706,26.15,13.376,0,4987.642
44003020604,2012.03,11.33,354.918,219.144,225.834,106.974,0,0,0,3.5,22.791,70.271,29.205,74.315,53.594,0,0,4.901,41.645,0,0,7.5,6.233,138.1,1.933,0,30.791,15.038,28.141,3.852,5.778,18.938,0,3486.756
44003020701,1082.81,0,0,14.292,0,0,0,0,0,27.3,10.7,16.021,13.439,7.236,25.497,0,0,0,0.653,0,0,0,0,0,0,0,24.841,8.01,8.56,0,0,3.959,0,1243.318
44003020702,2492.88,161.71,38.112,9.528,0,0,0,0,5.734,45.5,26.643,30.574,26.041,14.755,49.306,0,0,9.823,11.021,0,0,20.3,12.217,2.5,0,0,57.183,18.512,9.095,0.588,20.456,15.696,0,3078.174
44003020703,3207.76,219.39,9.528,38.112,89.145,35.658,57.732,127.35,6.42,123.2,20.543,80.465,359.52,62.352,97.83,10.914,0,11.182,40.661,0,0,54.099,443.316,0.5,4.5,0,59.21,19.425,22.534,54.55,0,4.074,0,5259.97
44003020800,2944.21,188.49,85.752,14.292,17.829,35.658,28.866,0,42.372,12.1,3.393,524.963,383.807,59.435,74.09,4.922,0,4.826,40.572,0,0,188.663,21.506,34.42,3.78,0,92.605,24.873,28.236,8.075,11.021,66.523,16.478,4961.757
44003020901,1467.23,0,276.312,185.796,142.632,35.658,28.866,127.35,14.785,5.6,49.541,130.222,40.092,119.68,283.167,22.508,0,49.017,149.051,1.712,0,30.501,56.181,6.5,0,0,41.113,21.099,97.488,29.784,24.396,81.468,0,3517.749
44003020903,3723.46,0,73.842,38.112,0,0,0,0,0,12.6,19.568,106.557,53.978,64.973,248.595,17.439,0,100.637,98.715,1.712,0,21.9,102.89,9.186,22.6,0,70.743,33.296,10.592,3.274,5.244,30.349,0,4870.262
44003020904,2088.62,0,0,0,0,0,57.732,63.675,0,136.5,2.461,170.086,97.529,68.319,131.182,5.457,0,13.225,65.492,2.567,0,155.3,14.098,56.935,0,0,22.429,21.987,57.422,0,0,49.077,0,3280.093
44003021001,1280.43,0,52.404,19.056,0,11.886,28.866,0,0,0,0,22.479,43.794,41.763,55.965,0,0,4.908,26.881,1.391,0,1.5,5.141,1.252,0,0,26.124,9.135,3.21,0,4.922,29.425,0,1670.532
44003021002,2626.13,0,204.852,95.28,35.658,83.202,86.598,0,0,81.2,4.922,313.638,48.685,98.623,95.525,0,0,11.652,44.393,1.391,0,40,101.108,24,0,0,42.044,10.702,36.865,0,0,24.13,0,4110.598
44003021100,2527.81,0,123.864,38.112,53.487,106.974,115.464,63.675,44.512,0,0,583.75,1046.28,436.26,1005.24,6.206,8.239,119.587,275.407,3.21,0,434.138,436.887,58.148,58.2,18,231.943,48.744,128.306,10.007,0,80.704,0,8063.155
44003021200,1671.32,0,23.82,71.46,71.316,118.86,86.598,0,0,2.8,0,98.576,15.483,63.81,80.893,9.133,0,39.312,32.135,0,0,1,10.035,3.9,0,0,95.665,1.1,0,1.001,0,29.318,0,2527.535
44003021300,3213.42,0,16.674,14.292,17.829,0,57.732,0,0,7,4.28,81.542,9.23,62.067,72.94,6.313,0,24.61,20.805,0,0,3.5,22.316,0,0,0,41.377,11.895,12.069,0,0,7.116,0,3707.007
44003021401,2152.01,0,30.966,0,5.943,35.658,28.866,0,0,14,0,108.45,23.397,51.493,101.175,8.667,0,9.672,33.416,0,0,4.6,5.408,0,1.8,0,21.41,7.19,4.708,4.532,0,29.96,0,2683.321
44003021402,1881.9,0,88.134,42.876,11.886,106.974,28.866,0,0,32.2,0,32.578,23.378,36.84,38.554,8.667,0,15.52,16.471,3.103,0,2.9,13.8,5.6,0,1.3,25.2,12.484,43.977,0,0,0,0,2473.208
44003021501,1726.18,0,159.594,71.46,17.829,11.886,0,0,0,25.2,5.35,34.004,10.587,37.997,44.423,0,0,14.552,13.066,2.354,0,2.1,20.72,1.148,0,0,16.111,5.14,18.618,0.667,0,2.354,0,2241.34
44003021502,2343.48,0,181.032,90.516,0,0,0,0,47.829,0,0,27.578,10.642,39.395,32.274,1.819,0,2.889,80.326,0,0,0,4.3,0,0,0,33.012,8.94,27.114,0,0,43.87,0,2975.016
44003021600,1031.56,0,33.348,14.292,0,0,0,0,1.819,2.1,0,10.506,7.169,22.59,19.984,0,0,1.391,121.242,0,0,0,10.2,0,0,0,8.7,4.8,5.992,0,0,0,0,1295.693
44003021700,2478.94,0,159.594,104.808,0,0,0,0,0,0.7,0,64.57,28.079,56.576,58.476,0,0,1.391,53.174,1.279,0,13.7,13.3,2.296,0,0,49.886,5.567,19.581,0,0,32.853,0,3144.77
44003021800,1847.95,0,54.786,14.292,89.145,178.29,144.33,0,0,4.2,0,244.074,35.414,93.016,67.293,0,0,4.847,27.875,0,0,7.343,0.908,1.699,0,0,32.843,10.135,35.311,0,0,59.068,0,2952.819
44003021901,1840.08,0,33.348,14.292,0,11.886,86.598,127.35,0,0,0,39.612,37.021,16.296,144.979,0.781,0,12.711,44.976,0,0,77.4,1.2,0,0,0,70.545,18.014,14.662,3.336,0,27.921,107,2730.008
44003021902,1314.62,0,42.876,28.584,29.715,59.43,28.866,0,1.1,3.5,0,27.445,38.919,39.63,84.376,5.957,0,0,9.755,4.494,0,220.8,99.141,19,0,0,14.971,0.044,12.557,66.727,0,22.575,0,2175.082
44003021903,2321.83,0,9.528,38.112,23.772,83.202,0,0,0,2.1,0,62.701,14.598,20.831,29.784,3.745,0,1.391,26.667,0,0,2.9,6.023,6.791,0,0,24.243,5.494,13.91,0,0,31.458,0,2729.08
44003022000,1584.81,0,161.976,47.64,77.259,154.518,144.33,0,5.136,72.8,38.52,108.535,107.902,136.072,206.116,2.997,0,20.437,36.189,1.279,0,35.844,46.925,3.648,9.667,0,110.091,20.213,56.765,16.05,24.396,5.885,0,3236
44003022100,3015.14,0,80.988,333.48,124.803,23.772,0,0,162.961,116.2,36.701,389.423,146.195,167.806,399.938,40.874,356.095,149.543,105.676,5.029,0,70.895,625.345,64.352,1.933,0,74.063,8.3,66.678,16.192,0,26.624,162.318,6771.323
44003022201,3547.16,0,50.022,47.64,95.088,320.922,144.33,127.35,2.461,0.7,1.712,87.222,45.15,138.02,299.152,13.161,0,132.305,24.134,0,0,9.295,138.1,31.051,0,0,57.704,16.761,26.535,0,0,38.595,0,5394.57
44003022202,813.44,42.23,57.168,61.932,53.487,618.072,230.928,445.725,25.699,88.9,21.4,411.409,119.934,80.619,490.392,20.438,0,127.042,71.369,41.195,0,16.082,7.409,10,0,0,5.39,7.454,21.646,4.708,0,72.301,0,3966.369
44003022300,987.116,105.06,359.682,142.92,106.974,71.316,115.464,573.075,25.787,4.2,69.55,920.938,193.883,201.758,637.899,39.923,26.321,78.734,119.95,0,0,132.7,51.14,15.858,0,0,173.451,21.62,57.195,23.688,5.564,1.819,0,5263.585
44003022400,1512.82,15.45,23.82,0,11.886,0,0,0,0,0,0,25.002,4.173,16.907,46.725,0,0,11.363,14.5,0,0,4.943,1.4,1,0,0,12.91,7.924,1.027,0,0,39.583,0,1751.433
44003980000,0,0,0,0,0,0,0,0,62.564,0,0,76.6,220.128,47.882,174.331,0,0,5.885,27.16,0,0,44,25.359,0,0,0,5.03,1.456,1.247,17.984,0,3.532,0,713.158
44005040101,2703.29,190.55,178.65,66.696,0,0,0,0,16.692,83.1,0,74.162,41.808,21,105.659,0,0,8.57,44.76,6.843,0,5.148,18.001,0,3.7,0,60.76,4.1,1.049,10.007,0,1.391,0,3645.937
44005040102,3622.51,29.87,128.628,157.212,41.601,0,0,0,0.535,2.8,0,102.805,71.149,62.4,171.848,0,0,25.577,38.752,3.852,0,14.9,22.608,2.296,0,0,50.92,37.957,69.418,0,0,95.971,0,4753.609
44005040103,3662.37,93.73,400.176,33.348,106.974,0,28.866,191.025,8.025,72.6,0,215.626,71.044,110.51,191.318,5.125,0,46.759,97.988,1.28,0,168.099,411.237,3.2,0,11.5,110.811,49.829,28.558,21.009,20.53,66.724,0,6228.26
44005040200,218.448,0,185.796,290.604,17.829,11.886,0,0,0,8.4,0,2.873,0,1.391,11.963,0,0,5.432,5.066,0,0,0,0,0,0,0,0,3.3,0,0,0,23.968,0,786.956
44005040302,1259.03,100.94,216.762,57.168,0,0,0,63.675,17.655,3.5,0,240.578,34.454,40.607,127.948,8.025,0,37.84,30.368,0,0,0,1.2,7.9,0,0,21.65,8.663,24.931,3.337,0,1.039,0,2307.27
44005040303,1251.81,0,152.448,47.64,77.259,178.29,28.866,0,37.878,10.3,0,118.625,27.606,38.104,79.348,15.194,0,4.519,19.743,11.021,0,14.3,0,0,0,19.6,18.1,1.5,36.648,11.669,0,0.59,0,2201.058
44005040304,1217.13,76.22,95.28,38.112,11.886,71.316,144.33,63.675,44.494,43.4,48.044,268.11,37.394,98.333,198.856,11.342,0,27.049,91.961,0,0,105,92.81,5.5,0,0,40.01,21.6,34.614,12.626,0,25.038,0,2924.13
44005040400,3727.15,60.77,440.67,80.988,35.658,0,0,63.675,142.416,150.5,112.457,173.993,156.041,164.828,449.008,2.997,0,73.571,180.91,7.895,0,14.501,47.824,26.316,10.5,10.3,104.631,94.322,44.033,6.527,5.136,403.04,1.177,6791.833
44005040500,1009.09,0,402.558,476.4,47.544,154.518,173.196,63.675,17.869,2.1,0,201.973,24.181,129.335,66.965,0,2.995,1.872,200.196,2.354,0,24.001,55.801,0,0,0,43.181,2.887,17.227,8.126,0,0,0,3128.044
44005040600,1335.04,22.66,721.746,504.984,184.233,11.886,28.866,63.675,17.227,3.8,1.605,72.102,20.755,65.055,136.164,2.14,0,63.034,54.546,0,0,8.196,12.45,1.9,3,0,24.781,11.9,73.889,6.338,16.478,64.708,5.675,3538.833
44005040700,1571.94,53.56,381.12,366.828,142.632,35.658,0,0,397.133,70,5.885,80.884,80.461,53.929,153.566,0,0,22.961,50.749,0.749,0,66.7,7.9,1.148,0,0,38.515,3.17,60.669,21.4,0,70.807,0,3738.363
44005040800,881.418,0,250.11,585.972,178.29,11.886,86.598,63.675,163.281,102.5,0,147.935,17.762,63.634,198.806,11.878,0,28.472,129.124,0,0,11.243,10.919,4.65,0,0,26.662,11.05,41.089,2.247,0,21.272,0,3050.473
44005040900,2058.12,54.59,438.288,262.02,130.746,130.746,0,0,91.485,476.8,17.12,170.022,14.279,51.009,146.889,0,0,7.598,220.647,2.354,0,7.65,6.1,9.4,0,0,24.14,16.983,67.305,18.611,0,58.346,53.393,4534.642
44005041000,743.904,0,292.986,347.772,166.404,35.658,57.732,127.35,248.453,47.6,21.4,343.415,59.386,103.041,370.842,23.647,0,27.232,230.441,16.264,0,54.343,47.374,8,0,0,18.691,9.23,57.675,21.166,2.381,0,24.182,3506.569
44005041100,992.2,0,109.572,171.504,17.829,47.544,0,63.675,75.152,0,7.276,116.117,13.907,15.318,139.274,5.243,0,5.457,76.325,0,0,86.8,5.325,2,0,0,15.241,1.6,8.456,0,6.42,1.038,0,1983.273
44005041200,131.364,0,19.056,19.056,11.886,71.316,0,0,3.53,1108,0,12.734,8.601,2.995,21.741,0,0,8.699,4.601,0,0,0,0,0,0,0,0,0.984,23.346,62.187,0,8.507,42.479,1561.082
44005041300,4137.64,0,109.572,52.404,0,47.544,86.598,0,6.634,7.7,0.963,94.531,57.286,58.341,218.353,4.601,74.9,33.695,72.829,1.498,0,156.248,24.632,3,0,0,67.022,24.15,40.683,9.793,10.807,55.235,0,5456.658
44005041400,3597.42,51.5,9.528,0,0,0,0,0,13.803,0,0,38.373,35.839,46.49,90.935,4.994,0,16.274,65.897,0,0,15.496,16.232,9.8,0,0,69.913,65.081,40.74,16.321,9.416,23.508,0,4237.56
44005041601,1307.49,9.27,316.806,109.572,59.43,11.886,0,0,0,0.7,0,54.419,9.041,180.634,33.457,0,0,3.863,33.919,0,0,32.3,14.7,0,0,0,33.286,4.64,27.654,2.247,5.243,9.202,0,2259.759
44005041602,2722.56,0,154.83,33.348,11.886,0,28.866,127.35,0,30.1,8.989,123.009,64.093,53.502,76.229,13.448,4.28,30.153,60.105,0,0,7.043,18.2,2.5,0,0,31.901,13.874,13.589,18.567,0,19.153,0,3667.575
44005041701,1812.53,92.7,0,109.572,11.886,0,86.598,0,0,4.2,0,58.766,72.273,31.152,58.4,0,0,16.124,35.461,1.39,0,12.943,6.299,0,0,0,53.683,16.704,19.26,7.389,13.886,22.684,1.135,2545.035
44005041702,2803.25,272.95,71.46,57.168,0,0,0,0,3.21,5.6,12.412,122.177,61.191,109.915,107.411,0,0,16.312,70.702,6.206,0,157.501,3.008,0,1.8,0,55.87,39.141,59.691,0,4.922,16.906,0,4058.803
44007000101,805.65,0,302.514,524.04,5.943,0,0,0,14.766,483.3,0,33.862,227.86,32.113,136.251,2.247,0,6.238,34.263,0,0,267.396,641.348,21.729,25,0,71.06,1.8,25.842,55.948,2.675,0,8.667,3730.513
44007000102,910.2,0,581.208,585.972,47.544,35.658,0,127.35,14.338,0.8,5.885,105.363,38.941,51.085,72.657,5.35,0,7.169,35.234,0,0,14,18.86,3.443,25,0,43.232,7.71,29.209,7.849,0,4.205,0,2778.262
44007000200,523.242,0,493.074,1171.94,101.031,95.088,57.732,191.025,8.132,41.4,0,281.927,66.979,97.471,238.033,8.025,2.996,2.675,13.486,0,0,10.86,1.818,1.8,0,0,27.992,0,38.319,38.361,0,14.393,0,3527.799
44007000300,617.542,7.21,550.242,1281.52,380.352,23.772,0,63.675,5.243,86.2,20.116,98.995,64.049,101.514,125.986,7.704,21.935,61.311,30.233,0,0,62.434,85.316,0,0,0,13.632,8.787,99.052,19.046,0,42.748,0,3878.615
44007000400,324.884,13.39,378.738,776.532,0,0,0,0,8.346,46.2,0,36.573,14.649,98.596,45.523,0,0,7.758,7.747,0,0,3.5,6.2,0,0,0,9.661,0,47.939,1.498,0,37.24,25.359,1890.333
44007000500,263.302,23.69,333.48,500.22,101.031,0,0,63.675,0,0,0,45.767,13.375,40.985,69.056,2.604,0,0,20.864,0,0,17.2,9.28,89.7,0,0,8.721,2.15,22.045,5.671,0,29.746,0,1662.562
44007000600,139.646,0,283.458,214.38,0,23.772,0,0,1.926,119.5,67.41,84.168,256.248,201.735,964.774,4.695,1758.12,685.065,149.379,0,0,284.578,171.747,12.3,4.1,0,48.445,8.51,110.312,23.09,0,35.687,14.659,5667.704
44007000700,157.768,0,152.448,338.244,77.259,95.088,57.732,191.025,34.133,213.8,30.602,28.148,52.644,77.82,36.223,0,0,8.077,24.61,0,0,8.996,11.5,2.3,0,0,26.901,7,41.209,19.046,0,54.11,0,1746.683
44007000800,12.3,0,19.056,19.056,29.715,71.316,173.196,1400.85,461.911,817.4,2.817,712.227,118.05,210.166,1691.69,447.564,2.568,51.445,384.782,22.676,0,635.048,155.418,104.893,36.746,3.9,76.235,5.754,219.941,481.011,11.022,156.629,94.481,8629.863
44007000900,24.518,0,128.628,757.476,154.518,47.544,28.866,191.025,21.372,99.9,6.848,79.448,37.123,57.961,323.441,6.848,0,30.199,92.672,1.712,0,153.7,29.84,36,0.021,0,8.919,31,42.421,3.853,0,2.033,0,2397.886
44007001000,85.28,0,121.482,576.444,136.689,202.062,28.866,191.025,0,0,0,50.054,13.268,26.053,87.612,0,0,6.254,5.932,0,0,0,17.613,0,0,0,10.359,0.984,56.437,0,0,43.675,0,1660.089
44007001100,239.85,0,319.188,705.072,172.347,11.886,0,63.675,5.671,2.8,0,106.138,218.225,105.917,158.149,5.885,2.889,29.933,31.837,12.84,0,43.83,49.228,0,0,0,74.239,1.27,67.923,23.968,13.161,131.824,0,2597.745
44007001200,72.488,0,154.83,433.524,106.974,130.746,144.33,191.025,0,83.3,85.657,49.135,185.694,99.26,80.349,0,0,11.706,6.709,0,0,16.1,109.7,0,10,0,3.591,1.1,79.02,0,0,26.215,0,2081.453
44007001300,208.854,0,333.48,1167.18,160.461,47.544,115.464,0,0,42,21.404,28.401,9.554,9.012,45.258,0,73.83,0,4.082,0,0,0,5.9,0,0,0,8.661,0,15.943,0,0,13.161,0,2310.189
44007001400,344.482,0,616.938,1319.63,101.031,23.772,0,191.025,0,98.7,0,103.742,159.737,61.794,52.528,3.497,0,8.346,24.681,0,0,41.5,123,0,4.2,0,94.401,0.984,82.604,0,0,10.807,0,3467.399
44007001500,642.306,0,440.67,233.436,11.886,0,28.866,0,4.192,2.8,1.127,135.893,208.219,99.51,166.567,9.561,0,19.688,49.756,0,0,134.5,375.966,0,0,0,32.05,0,21.141,11.675,0,9.309,0,2639.118
44007001600,629.022,0,1100.48,1476.84,29.715,35.658,0,63.675,9.649,8.4,4.812,167.984,143.086,86.298,79.324,0,0,1.605,34.605,0,0,47.8,191.719,0,6.767,0,45.851,1.94,26.753,0.567,0,30.923,0,4223.473
44007001700,466.744,0,774.15,471.636,53.487,11.886,0,0,0,4.2,0,37.796,55.128,41.693,53.532,4.601,0,5.585,53.452,0,0,31.9,14.02,4,0,0,8.372,1.5,33.922,0,0,9.523,0,2137.127
44007001800,860.098,0,774.15,619.32,273.378,71.316,28.866,63.675,0,0,0,94.504,22.572,59.69,26.805,0,0,3.761,42.871,0,0,2.1,7.724,0,0,1.825,16.291,27.555,15.408,3.531,0,62.167,0,3077.607
44007001900,253.954,0,402.558,1519.72,249.606,23.772,28.866,127.35,4.192,14.7,0,297.157,247.907,82.461,433.983,11.593,3.638,7.757,53.415,0,0,357.071,223.141,6.887,7.4,0,31.393,8.878,52.878,0,0,17.409,0,4467.686
44007002000,882.074,0,566.916,328.716,112.917,225.834,28.866,191.025,0,421.4,0,45.152,21.555,26.552,31.52,4.387,26.215,0.91,29.156,0,0,26.6,49.263,0,0,0,15.607,1.84,28.91,0,0,9.095,0,3074.51
44007002101,737.262,0,457.344,66.696,41.601,0,0,0,0,2.1,0,18.186,4.916,2.515,25.754,0,0,0,5.932,0,0,3.4,0,0,0,0,2.861,0,8.239,0,0,0,0,1376.806
44007002102,1109.46,0,728.892,695.544,47.544,0,28.866,0,10.914,2.1,0,53.011,7.857,31.953,26.666,5.778,0,1.177,38.46,0,0,3.296,0.908,0,0,0,10.57,3.562,19.581,0,0,17.924,8.667,2852.73
44007002200,375.642,15.45,371.592,1238.64,65.373,59.43,28.866,0,7.383,0,0,84.352,130.517,47.222,34.507,1.605,25.252,3.638,29.686,0,0,109.596,42.564,20,13.5,0,26.163,0.984,21.777,12.626,0,0,0,2766.365
44007002300,1298.31,0,707.454,643.14,11.886,35.658,28.866,63.675,0,121.8,154.294,51.763,8.077,37.48,164.721,0,15.408,81.212,25.19,4.066,0,1.648,0,0,0,1.825,5.041,2.5,1.605,0,0,46.117,0,3511.735
44007002400,2467.38,0,476.4,114.336,17.829,11.886,0,0,8.346,817.9,0,59.625,26.53,36.862,102.152,5.136,0,29.43,42.516,0,0,4.943,10.79,3.1,0,0,19.314,1.88,39.911,217.69,0,113.634,231.548,4859.138
44007002500,82.41,0,211.998,767.004,77.259,11.886,57.732,445.725,7.937,62.3,0,302.829,301.075,252.993,532.282,4.066,0,99.723,81.638,0,0,191.1,374.387,25.848,23.5,0,71.12,9.02,51.992,18.404,5.029,28.751,0,4098.008
44007002600,215.906,0,393.03,924.216,0,83.202,0,127.35,0,0,0,66.065,86.991,71.02,173.169,1.998,0,8.025,45.433,0,0,13.24,62.305,3.5,0,0,16.872,0,53.779,5.521,0,24.61,0,2376.232
44007002700,491.836,22.66,474.018,533.568,130.746,106.974,86.598,63.675,0,535.2,36.38,56.881,39.91,26.068,55.698,0,0,1.712,11.128,0,0,1.648,0.908,0,0,19.599,27.581,0.984,2.996,1.926,0,0,0,2728.694
44007002800,1076.99,0,676.488,895.632,106.974,142.632,115.464,63.675,25.252,10.5,10.165,107.591,17.367,36.591,73.584,0,0,9.288,66.541,10.486,0,32.5,13.838,17.6,2.9,0,23.623,3,36.38,0,0,63.293,0,3638.354
44007002900,1323.4,0,1064.75,800.352,166.404,59.43,0,254.7,0,1.4,0,254.744,312.107,137.351,191.457,11.986,0,18.435,53.323,0,0,24.7,116.773,0,22.933,3.65,56.382,9.663,217.658,22.256,0,110.74,0,5234.594
44007003100,473.468,0,564.534,690.78,338.751,130.746,115.464,318.375,28.783,144.2,134.071,153.45,68.824,85.465,293.847,5.457,0,151.565,59.637,2.568,0,11.534,67.933,23.5,0,0,21.03,3.274,56.281,25.466,0,15.301,0,3984.304
44007003200,1015.73,0,635.994,404.94,29.715,11.886,0,0,14.552,0,0,25.672,17.224,35.527,82.354,0,0,87.259,27.355,0,0,4.596,47.762,0,0,0,40.975,1.1,39.966,0,0,31.779,0,2554.387
44007003300,1264.19,0,597.882,633.612,29.715,0,57.732,127.35,28.034,114.1,26.75,203.337,112.29,101.312,200.15,9.202,547.091,75.103,62.282,0,0,22.348,54.533,0,0,0,7.74,6.333,32.031,18.019,0,2.678,0,4333.815
44007003400,2718.79,0,195.324,138.156,118.86,71.316,0,127.35,14.672,66.5,29.425,35.953,28.176,62.55,215.245,0,406.6,106.165,31.577,0,0,14.9,11.108,0,0,0,18.021,5.407,50.464,50.036,0,33.598,6.206,4556.4
44007003500,1092.73,0,204.852,771.768,320.922,249.606,173.196,191.025,37.753,82.6,34.775,125.938,77.754,199.836,375.541,12.093,3.21,150.312,94.314,0,0,3.65,25.449,38.633,0,0,33.444,10.684,107.578,0,0,32.421,5.243,4455.327
44007003601,450.426,0,207.234,290.604,166.404,142.632,57.732,0,11.487,391.1,0,73.152,7.055,66.591,164.478,5.778,0,141.208,74.953,0,0,2,14.508,3.443,0,0,13.39,9.1,43.293,0,0,641.08,218.387,3196.035
44007003602,406.72,0,157.212,195.324,130.746,35.658,28.866,0,0,1737,0,88.418,6.579,27.393,113.471,4.066,0,17.559,83.661,12.198,0,0,11.2,2.296,0,0,4.51,8.584,136.811,86.77,0,89.107,614.715,3998.864
44007003700,400.242,0,466.872,1052.84,172.347,59.43,57.732,127.35,29.016,41.3,0,121.833,27.605,108.269,267.537,0,0,28.291,139.559,7.276,0,33.099,18.515,3.443,1.6,0,59.487,5.084,58.645,3.959,0,31.533,0,3322.864
44007010101,1422.37,0,216.762,228.672,106.974,59.43,86.598,0,0,7,0,62.566,69.165,44.609,50.645,15.698,0,6.088,76.575,1.498,0,39.7,271.724,74.4,0,0,21.68,3.61,47.079,9.761,0,13.482,0,2936.086
44007010102,1572.35,93.73,95.28,52.404,0,47.544,28.866,318.375,0,0,5.35,115.606,225.822,94.998,171.435,4.28,0,12.722,30.569,2.567,0,692.8,190.572,17.2,2.9,0,74.371,15.151,64.236,0,0,36.16,0,3965.288
44007010200,1501.01,0,950.418,533.568,160.461,106.974,28.866,127.35,0,105.7,175.159,121.046,270.92,140.777,215.157,12.771,0,57.08,48.722,1.498,0,191.547,313.751,214.3,12,0,143.346,79.464,72.28,88.193,6.848,60.222,0,5739.428
44007010300,1468.78,0,502.602,52.404,5.943,11.886,28.866,254.7,0,6.3,23.373,372.923,581.055,187.328,290.938,6.208,1.07,21.005,103.195,1.391,0,241,285.85,17.3,0,0,103.691,15.685,58.047,80.089,0,59.461,0,4781.09
44007010400,1458.29,24.72,788.442,652.668,190.176,202.062,57.732,127.35,9.202,85.4,59.599,187.832,19.581,64.368,185.162,17.441,0,100.174,80.415,0,0,0,56.457,18,0,0,63.685,9.002,33.546,1.391,0,18.19,0,4510.885
44007010501,1633.6,0,147.684,166.74,11.886,237.72,115.464,63.675,23.024,179.9,107.428,140.647,136.511,88.301,302.178,7.491,0,51.188,102.72,0,0,61.818,157.8,1.899,1,5.475,38.939,8.481,28.568,9.63,0,80.999,0,3910.766
44007010502,1585.39,0,219.144,357.3,202.062,59.43,115.464,127.35,0,164.5,92.135,77.062,94.502,62.228,225.883,23.861,56.71,44.369,33.798,0,0,68.7,79.145,3.499,14,0,121.619,8.995,24.937,0.001,0,85.289,0,3947.373
44007010600,2195.3,17.51,571.68,171.504,106.974,59.43,173.196,318.375,0,4.9,6.313,47.325,20.255,50.356,59.795,5.35,0,14.529,20.08,2.354,0,23.048,17.075,0,0,0,66.222,6.477,31.886,5.671,0,47.219,0,4042.823
44007010701,1191.13,0,71.46,19.056,0,0,57.732,63.675,0,6.3,31.936,42.041,31.076,35.232,152.252,0,0,26.111,82.726,0,0,0,0,0,0,0,17.093,4.019,7.271,2.07,0,24.6,0,1865.78
44007010702,2360.45,0,114.336,9.528,29.715,23.772,0,63.675,0,0,5.885,56.845,13.738,62.473,51.704,5.495,0,8.046,24.958,0,0,0,0,0,0,0,23.882,24.48,20.33,6.206,0,13.696,0,2919.214
44007010800,147.19,0,490.692,938.508,303.093,35.658,28.866,191.025,0,74.8,22.47,100.45,71.622,113.637,59.494,19.583,2.996,9.523,31.979,0,0,30.795,70.625,1.4,0,0,101.7,4.2,33.922,47.829,0,30.602,0,2962.659
44007010900,157.85,0,566.916,1105.25,118.86,0,0,127.35,0,64.4,13.325,107.685,11.819,53.864,50.358,0.999,0,16.74,29.781,0,0,464.847,97.024,2.296,0,0,8.66,6.1,11.128,0,0,9.63,0,3024.882
44007011000,307.992,0,378.738,1519.72,190.176,11.886,0,63.675,0,0,0,37.435,43.063,24.668,42.638,3.782,0,2.14,15.123,0,0,12,17.741,0,3.867,0,10.89,1,11.235,6.313,5.136,72.867,0,2782.085
44007011100,335.462,0,335.862,847.992,142.632,0,0,63.675,10.48,0,0,72.316,79.546,24.589,25.723,10.379,0,4.494,48.064,0,0,88.1,7.8,74,0,0,12.145,5.598,39.4,0,0,22.47,0,2250.727
44007011200,1453.37,0,476.4,819.408,118.86,0,28.866,191.025,0,49,0,489.61,87.893,109.708,359.724,3.996,0,18.725,42.013,2.777,0,593.1,44.216,0,0,0,47.953,1.5,58.16,0,5.564,29.96,0,5031.829
44007011301,1726.84,0,188.178,266.784,59.43,47.544,28.866,63.675,37.557,2.8,6.099,87.622,539.277,107.135,89.166,4.922,39.483,15.729,123.172,1.391,0,113.8,22.21,0,32.5,0,60.782,24.942,38.093,0,11.128,30.313,0,3769.438
44007011302,2234.34,0,40.494,28.584,0,0,0,0,0,0,0,17.855,33.008,10.64,49.978,4.496,0,3.959,15.93,0,0,0,2.808,0,0,0,32.26,6.79,5.885,16.679,0,2.141,0,2505.847
44007011401,3917.3,0,57.168,119.1,106.974,225.834,28.866,254.7,0,26.6,25.252,48.035,79.978,57.251,187.991,6.314,0,22.737,24.55,0,0,40.178,61.742,37.481,10.2,0,46.812,26.457,18.88,0,5.778,40.403,0,5476.582
44007011402,2304.28,21.63,57.168,0,5.943,0,0,0,5.671,70,33.169,44.142,35.322,36.68,78.08,2.498,0,74.498,3.115,0,0,54.181,2.578,5.8,70,0,62.894,19.699,80.698,8.453,0,64.84,0,3141.339
44007011403,3432.44,0,252.492,47.64,136.689,130.746,57.732,63.675,16.05,13.3,8.56,96.068,78.687,71.21,101.219,6.099,0,24.289,50.995,3.103,0,75.6,27.536,22.343,0,0,74.466,8.129,16.352,0,11.074,32.528,0,4859.021
44007011500,1816.63,0,400.176,338.244,404.124,213.948,57.732,254.7,10.914,119.7,8.239,118.091,22.791,32.319,111.69,6.494,0,5.965,25.486,0,0,41.896,306.15,30.802,13,2.701,66.267,4.18,37.736,3.002,5.778,14.445,0,4473.2
44007011600,3156.26,54.59,59.55,19.056,53.487,59.43,86.598,0,8.384,5,5.564,169.914,353.844,147.44,632.991,42.266,0,122.159,191.581,7.169,0,327.386,350.765,121,375.901,0,110.526,28.397,33.122,10.914,14.535,61.78,875.367,7484.977
44007011701,1669.36,0,590.736,333.48,77.259,23.772,28.866,0,17.441,0,8.453,72.585,232.346,46.93,84.034,2.782,0,14.862,26.81,0,0,93.877,32.216,6.8,6,0,28.411,5.2,62.809,5.004,10.058,84.409,0,3564.5
44007011702,1846.23,0,352.536,61.932,59.43,11.886,0,0,15.729,3.5,0,94.778,711.07,48.147,104.628,3.497,0,21.829,39.051,5.136,0,38.3,303.412,10,0,0,54.258,0.983,29.998,2.461,0,22.954,0,3841.745
44007011800,2313.63,0,686.016,343.008,112.917,130.746,57.732,63.675,22.999,18.2,5.564,162.606,41.194,126.551,119.648,4.28,0,22.785,84.38,0,0,32.786,71.568,3.3,0,0,98.372,19.667,48.677,3.002,0,0.995,0,4594.298
44007011901,1157.43,0,76.224,57.168,59.43,95.088,28.866,63.675,4.601,0,0,178.039,27.444,57.341,74.467,2.498,0,23.716,59.063,4.822,0,31.566,44.57,1.727,2.7,0,27.129,12.686,0,5.004,0,40.187,0,2135.441
44007011902,2206.21,0,59.55,195.324,142.632,178.29,173.196,191.025,0,2.8,0,128.965,10.269,36.127,117.189,10.272,0,43.797,47.293,1.491,0,0.351,11.159,9.912,3.813,0,33.665,11.709,47.187,4.28,0,11.462,0,3677.968
44007012000,2923.71,0,238.2,52.404,77.259,166.404,86.598,0,0,62.1,24.216,110.37,124.212,95.323,108.195,5.457,308.695,84.305,54.178,0,0,1.5,11.173,0,0,0,37.814,17.3,36.867,3.002,9.124,57.03,0,4695.436
44007012102,1394.08,0,421.614,266.784,101.031,190.176,57.732,63.675,0,0,0,53.174,29.96,41.848,70.237,0,0,1.102,25.037,0,0,32.296,100.42,0,20.3,0,34.412,6.063,27.831,0,0,14.179,0,2951.951
44007012103,595.074,0,11.91,109.572,11.886,320.922,317.526,191.025,1.926,221.9,94.78,22.737,1.229,18.43,33.759,0,0,3.21,9.705,0,0,0,0,0,0,0,9.891,0.61,0.865,0,12.198,0,0,1989.155
44007012104,1225.74,0,197.706,419.232,11.886,213.948,57.732,254.7,0,4.9,0,78.267,16.066,54.927,91.611,0,0,3.456,62.245,0,0,77.466,18.134,12,0,0,18.96,1.578,45.358,44.106,0,48.685,0,2958.703
44007012200,3539.69,0,23.82,19.056,29.715,118.86,28.866,254.7,83.674,100.8,69.499,365.712,162.901,124.968,203.009,0,0,22.431,64.199,0,0,46.791,131.065,5.196,8.6,0,115.2,74.063,45.909,33.598,0,62.488,0,5734.81
44007012300,3055.32,0,495.456,252.492,41.601,47.544,0,63.675,26.643,8.4,19.795,198.992,86.57,140.947,97.216,0.248,0,11.149,70.161,1.279,0,66.219,28.471,11.433,13.2,1.4,82.246,36.167,31.458,5.885,13.696,25.894,0,4933.557
44007012401,3418.66,13.39,238.2,66.696,178.29,59.43,28.866,0,1.819,112.7,25.343,302.561,145.093,174.272,241.952,14.162,0,172.763,147.661,10.914,0,80.634,69.792,10,6.301,0,120.191,39.468,16.643,33.459,6.313,25.53,0,5761.102
44007012402,1304.78,0,183.414,33.348,35.658,23.772,0,0,0,2.8,0,46.813,3.424,76.209,422.615,48.043,0,0,17.974,1.391,0,20.001,73.3,0,0,0,27.032,3.987,4.494,0,0,23.54,0,2352.595
44007012500,1851.31,0,204.852,104.808,118.86,190.176,317.526,191.025,0,86.1,77.04,79.606,164.979,80.896,119.296,0,0,2.354,53.726,4.708,0,125.892,125.54,9.796,0,1.825,73.491,1784.16,132.376,0,0,24.947,0,5925.289
44007012601,876.088,0,0,33.348,65.373,35.658,0,0,11.448,1108.7,0,269.755,361.929,100.112,210.041,11.629,1.819,42.768,96.089,0,0,220.27,123.65,106.999,0,0,106.54,22.332,51.018,7.918,0,25.68,48.792,3937.956
44007012602,2918.79,0,404.94,381.12,95.088,59.43,144.33,63.675,0,67.9,21.4,518.68,629.262,95.33,172.049,0,0,11.856,53.148,1.498,0,143.334,39.511,140.194,0.053,0,104.815,8.739,47.349,32.002,5.35,42.855,0,6202.698
44007012701,2485.99,0,0,28.584,29.715,35.658,0,318.375,0,336,92.769,129.106,82.387,242.829,125.348,9.844,0,13.851,52.676,1.498,0,11.648,40.34,13.4,0,0,75.242,22.783,12.771,5.603,14.98,46.106,0,4227.503
44007012702,2541.1,0,11.91,52.404,101.031,118.86,28.866,0,5.457,13.9,0,130.016,98.482,108.048,135.484,14.231,0,61.08,95.502,13.696,0,22.192,75.91,32,3.767,0,69.253,17.61,38.63,2.335,0,15.538,0,3807.302
44007012801,2072.06,0,278.694,119.1,77.259,95.088,0,254.7,5.458,181.3,117.7,126.914,75.016,69.006,104.047,3.959,0,28.6,16.692,0,0,128.231,92.317,2.296,0,0,47.831,4.855,31.244,6.338,4.761,48.9,0,3992.366
44007012802,1111.43,0,142.92,142.92,0,0,0,63.675,0,7,4.921,82.562,117.699,27.672,44.297,8.24,0,14.947,29.085,1.392,0,24.194,20.701,3.499,0,0,20.439,22.69,10.165,7.277,9.918,0,0,1917.643
44007012803,2522.4,6.18,223.908,14.292,0,0,0,0,3.531,39.2,10.272,85.414,84.508,70.108,94.978,1.038,112.242,59.385,31.373,0,0,15,27.533,0,3.9,0,93.684,20.985,13.267,0,3.967,30.389,0,3567.554
44007012900,1620.73,0,447.816,462.108,47.544,11.886,0,127.35,5.35,61.4,9.951,68.545,130.109,44.303,52.987,3.103,0,6.634,43.895,4.387,0,4.7,38.437,0,0,0,38.136,3.2,60.582,12.689,17.548,56.817,0,3380.207
44007013001,1944.38,0,38.112,76.224,0,11.886,0,0,18.511,107.4,4.602,9.467,16.559,13.419,39.528,4.066,3.531,4.28,5.457,0,0,63.3,1.816,0,0,0,17.132,8.093,3.317,0,0,17.195,0,2408.275
44007013002,3288.53,313.12,176.268,266.784,53.487,0,0,0,0,138.6,69.443,679.252,37.863,60.817,78.439,1.284,0,7.148,132.021,3.424,0,164.839,18.008,0,0,0,148.908,20.521,53.563,3.343,37.678,48.363,0,5801.702
44007013101,2793.49,15.45,33.348,33.348,41.601,0,0,0,36.059,0,0,86.291,24.439,24.574,67.751,0,0,15.959,52.771,0,0,11.948,8.2,3.8,0,0,68.724,6.667,37.65,0.667,12.259,44.651,0,3419.647
44007013102,3063.03,52.53,30.966,28.584,11.886,0,28.866,0,13.375,4.9,18.404,109.654,33.423,58.546,80.66,0,0,14.037,36.259,1.498,0,77.273,9.768,0,0,0,58.627,23.51,3.108,23.321,9.844,53.499,0,3845.568
44007013201,2195.14,0,262.02,66.696,0,0,57.732,0,10.397,2.1,6.955,66.231,40.49,58.027,74.145,7.597,0,17.898,30.359,0,0,9.9,8.9,0,0,0,61.822,31.171,37.562,18.612,5.457,28.814,0,3098.025
44007013202,3133.06,73.13,64.314,47.64,5.943,0,28.866,0,13.394,4.2,0,53.789,59.434,49.322,85.619,74.929,0,16.097,13.831,0,0,60.79,5.499,0,0,0,67.841,27.594,40.429,15.767,26.987,30.955,0,3999.43
44007013300,2543.23,52.53,9.528,9.528,17.829,0,0,0,16.797,16.1,9.844,83.51,39.577,34.697,60.888,0,0,7.569,43.225,0,0,19.5,20.149,0,0,0,25.811,33.364,25.913,10.007,3.286,14.338,0,3097.22
44007013400,1536.43,10.3,254.874,381.12,77.259,35.658,57.732,63.675,3.852,49.7,84.53,63.919,18.825,113.47,70.551,3.997,0,14.38,39.627,0,0,6.591,10.9,6.7,0,0,25.134,9.335,46.01,0,0,17.869,0,3002.438
44007013500,1596.05,0,328.716,471.636,71.316,35.658,28.866,63.675,4.192,147.3,0,53.142,14.766,131.543,75.744,57.673,0,26.472,21.507,2.782,0,3.4,1.816,0,0,0,22.1,0.984,66.393,3.092,0,74.978,0,3303.801
44007013600,1269.69,0,102.426,161.976,65.373,47.544,0,0,5.243,6.3,8.667,87.732,473.817,61.114,272.158,0,0,12.947,58.37,0,0,295.67,341.641,3,140,0,190.032,8.9,32.742,0,0,49.99,0,3695.332
44007013701,1318.81,0,674.106,242.964,29.715,11.886,0,0,13.161,0.8,6.634,106.662,113.827,92.457,107.2,11.989,1.07,22.256,39.943,3.531,0,31.801,76.2,0,3.2,0,44.961,15.537,53.821,2.335,0,44.362,0,3069.229
44007013702,1120.04,0,393.03,171.504,0,0,0,0,0,7,4.28,57.295,31.573,43.572,125.247,0,0,71.209,35.631,0,0,19.182,6.132,0,0,0,15.79,15.384,12.412,0,0,23.534,0,2152.815
44007013800,2339.21,0,176.268,90.516,35.658,213.948,28.866,63.675,0,2.1,0,37.87,47.803,48.351,116.461,5.992,0,5.136,24.867,9.095,0,45,21.27,0,0,0,33.561,7.74,16.585,0,0,16.579,0,3386.551
44007013900,1295.44,0,183.414,85.752,11.886,47.544,86.598,127.35,23.968,7,0,296.954,153.254,101.397,234.244,23.689,12.519,73.791,60.858,1.498,0,66.762,52.476,59.548,6.55,0,60.669,12.963,36.181,12.027,0,38.783,0,3173.115
44007014000,2257.05,19.57,443.052,209.616,0,0,28.866,63.675,13.375,1.4,0,204.356,74.602,146.101,270.661,45.261,0,85.321,90.513,0,0,13.6,20.578,5.6,8.5,0,52.563,16.44,26.543,5.072,8.667,134.592,0,4245.574
44007014100,854.276,0,840.846,528.804,29.715,11.886,0,191.025,0,0,0,197.107,332.567,101.074,116.994,0,0,20.041,57.459,0,0,193.696,37.262,101.478,0,0,73.171,4.691,37.45,0.781,0,22.428,21.4,3774.15
44007014200,1104.05,0,0,80.988,17.829,23.772,0,0,4.815,513.7,42.8,266.48,627.406,117.157,154.257,3.959,1441.06,65.337,110.209,0,0,132.238,370.1,15.152,50.55,0,44.141,1.5,26.311,48.107,0,38.873,0,5300.791
44007014300,2360.62,0,85.752,14.292,11.886,23.772,86.598,318.375,0,0,4.815,89.994,89.155,92.253,98.754,0,0,49.551,42.815,0,0,32.396,89.666,0,3.5,0,46.861,7.775,57.993,3.852,0,13.578,0.567,3624.819
44007014400,1792.77,0,0,66.696,59.43,118.86,259.794,0,19.254,13.5,12.84,102.144,15.03,54.562,107.094,5.243,0,27.922,36.499,13.161,0,0,10.584,5,0,0,18.279,18.859,46.082,0,0,4.676,0,2808.279
44007014501,2760.2,6.18,0,0,0,0,0,0,0,11.9,16.893,83.499,29.694,33.933,59.611,8.029,0,4.495,14.906,0,0,14.839,3.49,0.068,0,1.867,39.358,15.451,50.614,0,0,6.49,0,3161.517
44007014502,1460.42,0,457.344,176.268,11.886,71.316,57.732,127.35,0,4.2,0.013,52.859,16.688,44.347,69.109,4.995,0,12.08,39.523,1.498,0,1.5,40.532,1,0,0.87,129.904,4.004,12.846,0,9.919,197.354,0,3005.557
44007014600,3563.72,0,119.1,66.696,29.715,0,0,0,0,39.2,9.951,85.269,399.911,75.412,223.061,1.387,0,11.583,130.836,0,0,175.605,388.081,34.032,0,0,91.927,46.179,42.954,0,0,88.684,0,5623.304
44007014700,1351.36,17.51,1410.14,338.244,23.772,237.72,57.732,127.35,3.424,11.9,0,160.905,181.518,170.948,161.174,5.778,2.386,52.515,79.911,0,0,449.943,64.561,11.9,19.5,0,95.552,30.405,84.053,0,0,99.18,10.914,5260.295
44007014800,2290.42,11.33,223.908,276.312,136.689,47.544,144.33,63.675,0,81.2,20.973,174.32,41.92,103.036,77.767,5.885,0,5.029,95.471,0,0,3.296,26.573,0,0,0,28.879,62.644,1.605,0,0,24.655,0,3947.461
44007015000,1174.65,0,354.918,504.984,83.202,35.658,0,0,0,0,2.675,150.755,55.296,40.403,46.397,9.844,0,20.244,13.802,1.498,0,125.087,26.4,34.955,0,0,22.03,5.42,35.631,0,0,0,0,2743.849
44007015100,280.276,0,397.794,809.88,237.72,118.86,57.732,63.675,0,0,0,133.415,67.514,32.128,359.683,6.993,0,0,28.937,0,0,711.3,311.132,17.5,0,0,12.581,2.61,21.016,0,0,52.329,0,3723.075
44007015200,26.65,0,126.246,214.38,130.746,142.632,202.062,636.75,33.919,10.5,0,95.083,36.104,114.252,184.519,8.774,0,88.114,94.414,0,0,13,115.7,5.1,0,0,3.62,0.984,90.863,32.483,1.819,20.437,0,2429.151
44007015300,160.474,0,316.806,552.624,65.373,59.43,0,63.675,8.239,0.6,0,80.407,9.627,27.732,22.543,3.21,0,7.597,14.98,0,0,3.8,0,0,0,0,0,0,14.552,0,0,0,0,1411.669
44007015400,123.246,0,169.122,557.388,112.917,0,86.598,0,0,0,0,28.462,19.966,14.445,28.059,0,0,2.943,9.463,0,0,15.7,180.908,0,8.8,0,12.53,0,7.814,0,0,18.892,0,1397.253
44007015500,834.268,13.39,571.68,547.86,101.031,23.772,57.732,0,0,0,0,62.598,55.368,32.279,27.956,0,0,10.058,20.651,0,0,30.8,106.8,15.9,0,0,29.99,1.7,10.917,0,0,15.836,0,2570.586
44007015600,518.814,0,321.57,385.884,77.259,23.772,0,0,0,0,0,80.414,24.98,35.011,49.678,4.922,0,20.254,8.424,0,0,12.9,17.61,10.696,1.6,0,12.472,13.704,12.412,0,0,0,0,1632.376
44007015700,1617.53,8.24,214.38,204.852,41.601,11.886,0,0,9.523,2.8,0,20.18,11.767,26.532,51.821,56.175,0,3.317,30.071,0,0,3.1,30.6,0,0,0,29.725,5.34,12.791,0,0,12.797,0,2405.029
44007015800,1324.63,0,469.254,309.66,17.829,11.886,0,0,0,4.2,5.564,46.032,4.973,22.461,600.128,1.391,0,1.391,10.417,9.844,0,0,343,0,0,0,28.402,1.56,18.415,0,0,15.622,0,3246.659
44007015900,772.932,0,359.682,376.356,83.202,11.886,0,0,0,1.4,2.461,63.568,25.512,118.708,59.66,3.852,0,12.808,46.272,0,0,18.5,513.2,34.9,0,0,12.072,8.214,24.396,2.335,0,14.873,0,2566.789
44007016000,301.678,0,257.256,733.656,261.492,130.746,0,127.35,0,3.6,0,49.712,45.794,110.784,204.454,0,0,11.662,23.789,1.28,0,53.396,58.433,12.7,0,0,42.241,1.2,50.935,0,0,14.873,0,2497.031
44007016100,372.772,18.54,350.154,1095.72,386.295,59.43,0,63.675,0,18.2,0,77.111,199.749,111.774,33.102,14.873,0,8.881,25.68,1.498,0,38.448,14.765,16,0,0,11.49,11.437,30.287,2.461,0,14.338,0,2976.68
44007016300,1312.16,10.3,121.482,109.572,29.715,0,0,0,0,0,5.029,110.68,61.311,39.023,48.514,0,0,37.461,21.34,0,0,98.4,42.69,160,0,0,36.553,5.167,9.309,0,0,21.507,0,2280.213
44007016400,367.278,9.27,602.646,1138.6,166.404,23.772,28.866,0,0,58.8,0,136.417,241.635,100.882,174.432,0,0,5.35,34.927,0,0,688.808,127.374,12.4,0.967,0,39.351,1.2,21.086,8.774,0,17.227,0,4006.466
44007016500,1304.87,0,316.806,457.344,101.031,11.886,57.732,63.675,0,0,0,107.456,36.581,71.65,73.581,1.284,0,23.176,32.787,0,0,7.591,11.806,0,0,0,13.022,9.335,2.525,0,0,16.66,0,2720.798
44007016600,364.08,0,123.864,257.256,89.145,47.544,0,0,0,101.5,26.108,12.077,5.457,15.903,29.722,4.387,0,37.589,7.458,1.391,0,5,1.2,20,0,0,20.32,0,2.889,0,0,30.495,0,1203.385
44007016700,346.86,0,250.11,628.848,213.948,59.43,57.732,63.675,0,15.4,4.494,376.622,24.976,14.459,605.095,1.998,413.02,106.048,13.155,0,0,0,0,0,0,0,10.71,0,26.86,0,0,33.384,0,3266.824
44007016800,1267.88,0,245.346,80.988,112.917,11.886,0,0,0,0,0,42.157,21.221,68.715,41.813,5.243,58.85,11.984,23.326,1.498,0,126.048,0,0,0,0,19.14,0.85,11.242,0,4.173,0,0,2155.277
44007016900,979.49,0,104.808,61.932,35.658,0,0,0,0,0.8,0,29.731,21.96,20.761,21.435,0,0,8.747,32.219,0,0,4,0,0,0,0,2.9,6.083,17.762,0,0,0,0,1348.286
44007017000,1705.27,181.28,97.662,95.28,41.601,130.746,86.598,0,2.996,98.7,91.592,72.824,42.207,39.102,118.364,4.496,34.133,15.409,515.74,0,0,170.799,172.876,2.296,0,0,20.219,13.764,14.552,17.497,0,32.849,0,3818.852
44007017100,1007.12,122.57,423.996,466.872,184.233,95.088,0,0,11.877,37.1,6.955,104.533,307.501,153.624,130.325,1.284,62.954,25.958,54.496,0,0,413.4,591.388,102.296,77,0,73.364,16.3,34.989,0,3.531,50.051,0,4558.804
44007017300,527.178,0,319.188,619.32,231.777,11.886,0,0,5.136,0,12.394,29.375,333.892,33.44,273.073,0,0,0.92,20.611,0,0,281.6,26.825,0,0,21,33.253,3.488,61.58,0,0,8.675,0,2854.611
44007017400,588.268,0,245.346,666.96,225.834,35.658,28.866,63.675,0,93.8,49.22,25.423,26.001,30.048,49.096,0,0,0,6.23,0,0,0,6.908,96,30,0,9.021,0.95,13.161,0,0,22.363,0,2312.828
44007017500,836.236,0,569.298,371.592,71.316,0,0,0,0,10.5,0,57.922,23.005,60.89,25.679,0,0,4.922,7.329,0,0,14,13.2,6.1,0,0,14.872,1.1,26.059,0,0,19.474,0,2133.494
44007017600,120.868,0,419.232,562.152,83.202,0,0,63.675,0,46.9,0,33.876,10.379,37.506,34.261,15.088,0,0,13.161,2.568,0,22,58.146,11.478,0,0,8.33,3.2,11.663,0,0,0.995,0,1558.68
44007017700,1328.4,0,385.884,328.716,101.031,0,0,0,0,10.5,14.338,69.29,8.586,18.126,67.664,8.025,0,2.91,4.237,0,0,5.3,1,0,0,0,20.502,6.61,7.918,0,0,0,0,2389.037
44007017800,358.996,0,231.054,590.736,77.259,47.544,28.866,63.675,0,97.3,53.5,6.912,4.28,6.741,22.218,0,0,2.675,9.415,0,0,0,1.3,0,0,0,4.08,0,8.346,0,0,3.21,0,1618.107
44007017900,255.184,0,185.796,633.612,314.979,47.544,0,191.025,0,14.7,7.169,59.46,47.294,55.941,27.899,0,0,16.211,11.556,9.63,0,196.671,56.4,23,59.4,0,4.291,7.1,15.035,0,0,0,0,2239.897
44007018000,90.61,0,142.92,457.344,303.093,71.316,115.464,509.4,0,50.4,10.593,152.082,84.254,141.539,155.044,22.756,0,58.545,120.41,1.498,0,104.2,40.6,19,0,0,42.745,9.551,117.348,58.85,0,663.203,0,3542.765
44007018100,156.21,0,216.762,466.872,362.523,11.886,57.732,63.675,0,5.6,0,91.307,166.645,33.129,26.687,0,0,3.959,17.817,0,0,19.648,158.8,225,12,0,21.975,0.61,20.865,0,0,0.59,0,2140.292
44007018200,219.924,0,85.752,657.432,332.808,106.974,0,0,0,0,0,16.235,10.058,3.705,95.047,0,0,0,11.77,0,0,0,0,0,0,0,17.73,0,0,0,0,0,0,1557.435
44007018300,51.168,0,57.168,438.288,213.948,23.772,28.866,0,0,0,0,15.515,5.402,34.638,18.216,0,0,3.745,2.033,0,0,0,3.5,26,0,0,0.73,0,12.425,0,0,0,0,935.414
44007018400,2073.53,0,188.178,257.256,291.207,309.036,28.866,0,0,133.7,116.095,334.756,80.357,84.197,111.479,10.058,25.787,42.532,91.378,0,0,5.5,12.719,0,0,0,32.36,13.58,51.146,0.334,0,18.907,0,4312.958
44007018500,830.496,38.11,362.064,171.504,77.259,0,0,0,17.762,98,31.886,781.503,101.017,36.433,340.797,6.421,230.05,40.916,42.415,1.498,0,115.601,102.857,22.199,30.201,0,24.988,1.5,6.236,0,7.009,35.31,0,3554.032
44009041500,2492.88,0,111.954,71.46,17.829,11.886,0,0,228.974,0,0,87.847,20.33,18.821,141.048,2.996,0,3.531,69.467,0,0,2,7.024,0,0,0,27.121,19.131,24.503,19.631,2.247,5.136,0,3385.816
44009050102,1237.05,0,78.606,47.64,41.601,47.544,0,0,0,7,20.009,67.552,14.412,53.905,76.424,5.457,0,33.832,71.63,0,0,12.5,13.605,0,3.399,0,33.563,24.419,21.079,20.682,0,0,0,1931.909
44009050103,1517,309,321.57,304.896,83.202,202.062,115.464,0,153.061,3.5,0,1131.14,714.353,89.959,220.189,10.7,0,15.6,101.342,1.498,0,537.122,952.668,8.7,9,0,84.577,19.505,28.529,87.396,5.564,29.853,10.806,7068.256
44009050104,2341.67,28.84,7.146,0,0,0,0,0,21.4,0,15.943,70.269,60.854,27.23,64.476,5.029,0,7.083,25.239,0,0,27.996,9.332,4.591,0,0,31.522,5.934,17.817,0,0,1.038,0,2773.409
44009050301,2247.78,0,211.998,128.628,53.487,35.658,0,0,18.422,111.3,37.451,259.327,111.569,80.28,373.485,2.675,20.651,47.375,54.676,0,0,7.198,61.818,8.899,4.5,0,36.381,30.92,52.28,0,13.886,1.712,0,4012.356
44009050302,1438.12,0,109.572,214.38,77.259,11.886,0,0,8.239,1.4,0,283.107,35.877,50.134,217.274,6.42,0,52.799,42.595,0,0,15.596,11.817,41,0,0,25,14.7,108.667,44.833,15.836,17.698,0,2844.209
44009050401,2739.21,0,40.494,71.46,0,0,0,0,0,0,0,36.729,72.502,21.352,53.671,0,0,14.476,30.221,0,0,7.6,76.033,3.2,0,0,56.599,26.023,1.605,8.195,0,4.58,0,3263.95
44009050402,1793.26,0,147.684,109.572,0,11.886,28.866,0,6.206,11.9,6.421,45.363,12.904,27.479,69.865,0,32.528,25.926,25.489,0,0,12.8,10.725,1.9,0,0,28.445,21.731,19.455,0.667,0,17.068,0,2468.14
44009050500,3368.4,147.29,19.056,90.516,95.088,0,0,0,19.046,203,34.882,108.832,59.082,73.778,118.991,0,9.542,8.336,40.735,0,0,27.039,6.628,2.296,0,0,82.092,47.735,31.468,22.086,26.645,50.815,0,4693.377
44009050600,4097.79,124.63,183.414,0,0,0,28.866,0,49.667,25.3,6.099,201.362,69.557,68.961,124.532,6.313,0,15.575,158.869,0,0,455.2,15.4,32.137,0.9,0,80.632,59.727,46.675,60.958,0,70.802,0,5983.366
44009050700,4519.35,89.61,88.134,133.392,17.829,11.886,57.732,63.675,15.729,7,5.35,150.336,43.811,58.539,155.379,0,0,15.654,87.35,0,0,128.791,136.406,31.1,0,0,106.955,48.188,76.822,19.066,25.989,39.376,0,6133.449
44009050801,1464.68,0,957.564,747.948,219.891,106.974,0,63.675,6.527,69.3,18.511,230.454,74.907,154.624,186.064,57.138,0,28.603,67.886,5.778,0,25.348,25.226,3.9,0,0,86.345,9.01,84.059,21.551,23.112,47.936,0,4787.011
44009050802,1951.27,29.87,266.784,247.728,11.886,23.772,0,63.675,12.306,46.2,27.606,195.301,38.888,71.73,226.675,8.668,165.208,161.719,86.335,0,0,225,37.108,12.4,0,0,34.57,5.73,3.106,15.288,0,11.844,0,3980.667
44009050901,2828.34,13.39,231.054,171.504,71.316,35.658,0,191.025,20.544,13.3,0,263.584,61.793,84.855,86.605,31.137,0,5.767,69.788,0,0,50,17.918,0,0,0,77.171,19.501,18.898,14.413,0,11.808,0,4389.369
44009050902,3183.98,14.42,316.806,14.292,0,0,0,0,50.291,49,5.35,160.054,17.649,41.072,96.842,15.515,0,14.985,79.858,4.387,0,718,4.1,5.6,0.08,0.912,57.92,16.295,44.726,37.026,20.898,12.594,0,4982.652
44009051000,3292.46,0,52.404,85.752,35.658,0,0,0,176.656,34.3,0,60.044,25.459,16.199,73.356,0,0,2.706,101.71,0,0,18.349,6.358,0,0,1.3,24.281,12.479,17.389,0,13.911,5.136,0,4055.907
44009051101,3934.93,94.76,121.482,38.112,35.658,11.886,0,0,39.672,24.5,1.498,87.839,18.829,72.282,68.408,0,0,44.618,21.899,0,0,0,2.12,0,1.52,0,75.618,26.406,43.916,12.84,11.02,31.223,1.177,4822.213
44009051102,2865.82,0,159.594,247.728,29.715,23.772,0,0,20.545,2.8,1.127,68.24,15.025,30.374,83.46,6.313,25.252,4.203,16.322,0,0,0,5.108,0,0,0,54.205,12.407,18.938,15.276,6.313,13.589,0,3726.126
44009051201,2046.56,0,152.448,100.044,148.575,23.772,0,0,18.864,68.6,135.89,88.218,78.269,78.847,358.143,0,0,4.75,45.771,0,0,249.5,2.04,3.9,7.1,0,45.006,16.838,21.4,0,4.387,31.062,0,3729.984
44009051202,1734.05,0,128.628,185.796,285.264,178.29,86.598,127.35,23.433,5.6,8.025,491.21,54.777,232.137,384.316,22.149,137.174,188.217,195.251,2.559,0,33.976,39.467,52.557,3.867,0,72.596,43.369,128.343,72.19,0,39.142,0,4956.332
44009051302,5490.06,89.61,35.73,0,0,23.772,0,0,31.132,0,0,135.549,40.445,41.454,169.434,0,0,36.701,48.854,11.533,0,112.4,6.922,0,0,0,40.626,18.856,14.238,0,0,21.121,0,6368.437
44009051304,1243.28,142.14,0,0,0,0,0,0,15.087,3.5,0,11.937,12.252,17.039,29.241,0,0,0.976,16.072,0,0,3.401,3.402,0,0,0,32.829,17.681,12.841,0,0,5.136,0,1566.814
44009051305,2014.74,28.84,0,19.056,71.316,47.544,28.866,191.025,30.174,117.6,0,44.348,10.952,55.229,145.856,0,0,15.73,41.039,0,0,0,7.46,0,0,0,50.099,17.317,51.039,16.478,3.531,46.734,4.955,3059.927
44009051306,3542.89,0,0,0,0,0,28.866,0,13.437,84,0,218.481,84.735,50.926,138.405,0,0,23.379,70.689,2.354,0,72.399,262.5,9.7,0,2.8,57.59,45.656,55.534,61.311,11.556,30.816,64.736,4932.759
44009051400,88.56,0,61.932,80.988,35.658,23.772,0,0,5.564,2072.4,11.556,32.1,2.62,20.404,39.872,2.14,0,3.745,26.987,0,0,0,3.8,0,0,0,4.739,0.83,20.865,6.25,7.49,33.491,3562.03,6147.793
44009051502,4772.81,21.63,161.976,0,0,11.886,57.732,0,43.782,0,0,66.358,88.359,30.603,180.842,6.527,0,14.669,72.546,0,0,131.844,126.7,0,0,0,60.82,27.929,17.495,24.717,0,3.86,0,5923.084
44009051503,2448.93,0,126.246,366.828,208.005,59.43,115.464,63.675,34.687,28.1,6.42,70.099,61.097,83.376,132.486,6.634,0,50.836,123.265,8.774,0,3,11.441,6.5,0,0,23.113,18.272,56.025,18.146,13.803,48.313,0,4192.965
44009051504,3984.54,28.84,200.088,171.504,0,35.658,0,0,20.543,4.9,0,147.735,174.278,37.231,134.46,4.708,0,33.142,100.523,0,0,38.667,3.701,4,0,0,38.461,21.731,13.913,18.479,0,0.373,0,5217.475

