Tract,W1F,W2F,S1LF,S1MF,S1HF,S2LF,S2MF,S2HF,S3F,S4LF,S4MF,S4HF,S5LF,S5MF,S5HF,C1LF,C1MF,C1HF,C2LF,C2MF,C2HF,C3LF,C3MF,C3HF,PC1F,PC2LF,PC2MF,PC2HF,RM1LF,RM1MF,RM2LF,RM2MF,RM2HF,URMLF,URMMF,MHF,TotalSqft
44001030100,2666.80615234375,64.9169998168945,66.5263519287109,0,0,55.9030151367188,0,0,22.4155769348145,0.871595978736877,0,0,51.7433929443359,0,0,22.4492568969727,0,0,14.4349365234375,0,0,0.397899985313416,0,0,10.2741765975952,3.46782159805298,0,0,32.189094543457,0,26.8178939819336,0,0,198.182830810547,0,15.4499988555908,3252.84716796875
44001030200,1749.21630859375,108.337928771973,94.6813659667969,0,0,74.3130264282227,0,0,40.7181663513184,0.991922378540039,0,0,73.8490219116211,0,0,29.148754119873,0,0,18.158260345459,0,0,0.464380025863647,0,0,14.6502618789673,4.60521078109741,0,0,38.5553665161133,0,31.9108734130859,0,0,210.319183349609,0,0,2489.919921875
44001030300,2642.31298828125,81.0779800415039,61.2739028930664,0,0,48.1401901245117,0,0,23.6432685852051,0.429249554872513,0,0,47.9266319274902,0,0,19.0190143585205,0,0,11.6242771148682,0,0,0.401619970798492,0,0,11.675853729248,1.76465630531311,0,0,29.496545791626,0,23.6529159545898,0,0,190.92692565918,0,0,3193.36572265625
44001030400,2478.6416015625,64.5858993530273,56.2558784484863,0,0,43.1635475158691,0,0,22.3007659912109,0.385019987821579,0,0,44.5074310302734,0,0,16.1381587982178,0,0,9.70547008514404,0,0,0.31360000371933,0,0,9.90572452545166,1.58514726161957,0,0,21.1717433929443,0,17.6470241546631,0,0,150.126159667969,0,0,2936.43334960938
44001030500,1530.52258300781,216.897720336914,343.103668212891,0,0,282.444488525391,0,0,125.308685302734,11.287636756897,0,0,263.238220214844,0,0,119.280548095703,0,0,76.2421569824219,0,0,0.591239988803864,0,0,46.7466316223145,27.4596824645996,0,0,147.515853881836,0,126.197273254395,0,0,664.206726074219,0,0,3981.04321289063
44001030601,1898.9970703125,99.1295394897461,99.3735427856445,0,0,79.7997360229492,0,0,39.588752746582,2.77111792564392,0,0,77.2094268798828,0,0,43.2072906494141,0,0,23.6490421295166,0,0,1.92110013961792,0,0,18.8150043487549,10.4214296340942,0,0,43.7760467529297,0,37.8127632141113,0,0,232.850234985352,0,0,2709.322265625
44001030602,2134.28369140625,82.4042739868164,93.7947006225586,0,0,88.5935897827148,0,0,40.0802993774414,1.3833646774292,0,0,73.646125793457,0,0,57.0770454406738,0,0,33.4104270935059,0,0,4.69682025909424,0,0,22.9996662139893,11.9067134857178,0,0,64.3126525878906,0,53.8670196533203,0,0,321.894714355469,0,0,3084.35131835938
44001030700,1868.96435546875,138.339294433594,160.569763183594,0,0,169.658676147461,0,0,55.0614356994629,4.54270696640015,0,0,124.955932617188,0,0,83.9577255249023,0,0,61.5905113220215,0,0,0.713079988956451,0,0,26.3019180297852,11.4810705184937,0,0,139.245712280273,0,110.880416870117,0,0,613.652404785156,0,0,3569.9150390625
44001030800,2083.92114257813,63.0268096923828,160.215774536133,0,0,148.763732910156,0,0,23.8715934753418,2.06722784042358,0,0,131.189117431641,0,0,200.274795532227,0,0,84.8457412719727,0,0,32.8573226928711,0,0,89.412841796875,64.3067626953125,0,0,109.453178405762,0,99.4467163085938,0,0,536.84228515625,0,0,3830.4951171875
44001030901,3475.78759765625,93.6734313964844,86.6884918212891,0,0,65.6528091430664,0,0,35.6042556762695,1.04793119430542,0,0,69.2459945678711,0,0,49.1351737976074,0,0,22.3729248046875,0,0,5.32733964920044,0,0,24.7394008636475,13.1018075942993,0,0,33.9825553894043,0,30.5275192260742,0,0,233.69416809082,0,0,4240.58154296875
44001030902,3778.2900390625,224.304504394531,289.903839111328,0,0,232.579971313477,0,0,110.169769287109,7.92817497253418,0,0,225.347869873047,0,0,137.951751708984,0,0,72.5637283325195,0,0,10.2169208526611,0,0,62.1570510864258,36.2721786499023,0,0,123.962745666504,0,109.051826477051,0,0,631.357604980469,0,0,6052.05810546875
44003020101,3169.51806640625,199.044281005859,274.815826416016,0,0,225.39453125,0,0,94.2035140991211,10.3566093444824,0,0,211.357009887695,0,0,102.101341247559,0,0,63.1041870117188,0,0,0,0,0,40.327075958252,24.5313587188721,0,0,120.28247833252,0,101.535209655762,0,0,579.245300292969,0,0,5215.81689453125
44003020102,2399.7275390625,84.0216445922852,93.3462600708008,0,0,97.4842681884766,0,0,28.8672924041748,0.775421917438507,0,0,73.7618713378906,0,0,53.704532623291,0,0,35.7725524902344,0,0,2.77216005325317,0,0,18.9846820831299,8.71105289459229,0,0,76.6780624389648,0,61.4095153808594,0,0,371.205993652344,0,18.5400009155273,3425.7626953125
44003020200,2433.30346679688,100.920143127441,137.030288696289,0,0,131.104125976563,0,0,57.7157402038574,3.84139776229858,0,0,105.159706115723,0,0,61.6407432556152,0,0,43.8723411560059,0,0,0.406120002269745,0,0,19.9419479370117,10.5675792694092,0,0,93.755615234375,0,77.7059783935547,0,0,441.280670166016,0,0,3718.24560546875
44003020300,2343.35375976563,105.708335876465,133.820999145508,0,0,155.313491821289,0,0,47.8626289367676,2.09606766700745,0,0,104.381980895996,0,0,80.9405136108398,0,0,62.0579452514648,0,0,1.5806200504303,0,0,21.2174491882324,11.2463798522949,0,0,141.332046508789,0,111.664695739746,0,0,623.361877441406,0,0,3945.9384765625
44003020400,1536.19128417969,27.6213188171387,23.6853523254395,0,0,34.7742462158203,0,0,8.90161323547363,0.339803993701935,0,0,18.5647163391113,0,0,17.6811485290527,0,0,14.906379699707,0,0,0.109139993786812,0,0,3.90150952339172,0.691843152046204,0,0,37.8772277832031,0,29.2632808685303,0,0,185.611053466797,0,0,1940.11999511719
44003020500,2237.60961914063,84.5665283203125,140.094604492188,0,0,132.437133789063,0,0,28.9018497467041,1.13367593288422,0,0,108.169593811035,0,0,50.9332962036133,0,0,36.3991546630859,0,0,0.466540038585663,0,0,16.2256488800049,10.1421375274658,0,0,82.6209411621094,0,63.3737945556641,0,0,387.326599121094,0,0,3380.4013671875
44003020601,3136.02685546875,89.1564483642578,140.801177978516,0,0,107.805519104004,0,0,43.8386917114258,5.49208784103394,0,0,109.018249511719,0,0,63.3411331176758,0,0,30.7820796966553,0,0,4.87202024459839,0,0,28.4113903045654,19.3700370788574,0,0,46.4221076965332,0,42.8172988891602,0,0,274.868835449219,0,15.4499988555908,4158.47412109375
44003020602,1547.3388671875,146.641677856445,159.963302612305,0,0,123.056686401367,0,0,69.32373046875,1.77461993694305,0,0,124.705368041992,0,0,45.6039352416992,0,0,27.7316722869873,0,0,1.30905997753143,0,0,22.8311138153076,7.76040649414063,0,0,54.5764350891113,0,46.420726776123,0,0,282.433288574219,0,384.190002441406,3045.66088867188
44003020603,3403.91259765625,216.720230102539,171.386123657227,0,0,135.472793579102,0,0,70.989860534668,2.68678784370422,0,0,134.71501159668,0,0,54.4979972839355,0,0,32.4142761230469,0,0,0.548600018024445,0,0,28.5865726470947,6.72799110412598,0,0,70.9219589233398,0,57.6155776977539,0,0,393.415435791016,0,207.029998779297,4987.6416015625
44003020604,2549.43872070313,78.6521911621094,94.0835342407227,0,0,95.5400161743164,0,0,27.5360050201416,0.689237952232361,0,0,73.0516128540039,0,0,39.7740669250488,0,0,29.6477069854736,0,0,0.683380007743835,0,0,12.325005531311,5.25880098342896,0,0,70.3586273193359,0,54.4048194885254,0,0,343.982421875,0,11.3299999237061,3486.755859375
44003020701,1077.36145019531,18.9927005767822,19.3450355529785,0,0,14.8327798843384,0,0,6.25921058654785,0.447137981653214,0,0,15.2444448471069,0,0,9.67163467407227,0,0,4.26183080673218,0,0,1.08759999275208,0,0,4.86954879760742,2.53161549568176,0,0,6.83694934844971,0,6.21574449539185,0,0,55.3603248596191,0,0,1243.31787109375
44003020702,2487.63232421875,48.5781593322754,54.2688980102539,0,0,40.6390686035156,0,0,18.849437713623,1.39469397068024,0,0,42.4736022949219,0,0,23.9424610137939,0,0,10.9370145797729,0,0,2.3979799747467,0,0,11.6958103179932,6.69919395446777,0,0,17.244686126709,0,16.1822052001953,0,0,133.528610229492,0,161.710006713867,3078.173828125
44003020703,3389.607421875,167.04866027832,235.086181640625,0,0,173.975326538086,0,0,122.895988464355,2.03956174850464,0,0,180.883895874023,0,0,83.6003875732422,0,0,46.9544715881348,0,0,4.3532600402832,0,0,38.9692268371582,21.4939308166504,0,0,74.5575180053711,0,75.9320449829102,0,0,423.181945800781,0,219.389999389648,5259.970703125
44003020800,3030.5087890625,201.715789794922,304.676330566406,0,0,227.814270019531,0,0,88.8633041381836,5.06282377243042,0,0,235.850143432617,0,0,70.2198638916016,0,0,40.2315788269043,0,0,1.00504004955292,0,0,37.2796936035156,13.2676086425781,0,0,69.3277740478516,0,60.0108528137207,0,0,387.433074951172,0,188.490005493164,4961.75634765625
44003020901,1985.26940917969,205.343475341797,172.276458740234,0,0,148.056930541992,0,0,70.9197769165039,1.33219432830811,0,0,135.390411376953,0,0,66.4479598999023,0,0,43.7581367492676,0,0,1.65793991088867,0,0,30.3983764648438,8.803955078125,0,0,97.9556198120117,0,79.8341674804688,0,0,470.304016113281,0,0,3517.74853515625
44003020903,3727.40234375,187.714599609375,151.808654785156,0,0,110.594383239746,0,0,76.6009292602539,1.71071624755859,0,0,118.992736816406,0,0,43.9385604858398,0,0,24.503438949585,0,0,0.899440050125122,0,0,25.1355171203613,6.94253206253052,0,0,47.5058670043945,0,42.4442405700684,0,0,304.068023681641,0,0,4870.26220703125
44003020904,2152.88842773438,133.544174194336,165.982223510742,0,0,125.137283325195,0,0,49.273983001709,3.26381063461304,0,0,129.925231933594,0,0,62.6206169128418,0,0,30.9611301422119,0,0,4.41722011566162,0,0,32.3835067749023,16.0448474884033,0,0,50.6466255187988,0,43.5896911621094,0,0,279.414398193359,0,0,3280.09326171875
44003021001,1325.54858398438,50.7659187316895,41.8805770874023,0,0,33.8007392883301,0,0,17.6033916473389,0.532285213470459,0,0,32.8097457885742,0,0,12.6368379592896,0,0,7.9541711807251,0,0,9.84399989247322E-02,0,0,6.14538860321045,1.48243153095245,0,0,17.384916305542,0,14.834527015686,0,0,107.054183959961,0,0,1670.53198242188
44003021002,2907.11157226563,135.839828491211,151.622665405273,0,0,125.539733886719,0,0,60.1600914001465,1.51184523105621,0,0,118.04271697998,0,0,56.6461334228516,0,0,34.1938819885254,0,0,2.69683980941772,0,0,25.99755859375,10.1447162628174,0,0,67.8047561645508,0,54.4177474975586,0,0,358.868072509766,0,0,4110.59814453125
44003021100,2855.78686523438,771.1640625,811.82666015625,0,0,596.771484375,0,0,338.375457763672,12.6733493804932,0,0,630.999145507813,0,0,206.216445922852,0,0,119.479164123535,0,0,0.164780005812645,0,0,117.009788513184,32.1779556274414,0,0,223.058563232422,0,205.57731628418,0,0,1141.87292480469,0,0,8063.15283203125
44003021200,1868.76306152344,84.3638534545898,75.7732543945313,0,0,65.3950576782227,0,0,33.7159461975098,1.73996996879578,0,0,59.1675338745117,0,0,26.2260608673096,0,0,17.5688076019287,0,0,0.089599996805191,0,0,11.0967903137207,3.18010187149048,0,0,38.7084732055664,0,31.4142951965332,0,0,210.332168579102,0,0,2527.53515625
44003021300,3220.97485351563,70.6790542602539,54.1569137573242,0,0,42.1421508789063,0,0,28.1649150848389,0.807785987854004,0,0,42.3469429016113,0,0,17.1550750732422,0,0,10.2360668182373,0,0,0.309599995613098,0,0,9.06446361541748,2.20326256752014,0,0,22.1677932739258,0,17.8832130432129,0,0,168.714981079102,0,0,3707.00708007813
44003021401,2174.53295898438,77.1995162963867,64.2837371826172,0,0,50.1411323547363,0,0,25.1211471557617,0.468179970979691,0,0,50.6157073974609,0,0,19.3799781799316,0,0,11.4553117752075,0,0,0.447999984025955,0,0,10.5033559799194,2.39452481269836,0,0,23.8884887695313,0,18.8324890136719,0,0,154.056274414063,0,0,2683.32080078125
44003021402,2035.1640625,44.7632293701172,39.2616081237793,0,0,37.1063575744629,0,0,19.3309307098389,0.627545595169067,0,0,30.8636779785156,0,0,20.5655307769775,0,0,13.0536098480225,0,0,1.0304000377655,0,0,8.57178401947021,3.22205686569214,0,0,28.6704196929932,0,23.5655155181885,0,0,167.41130065918,0,0,2473.20825195313
44003021501,1862.97668457031,39.6495780944824,32.1521835327148,0,0,31.1404552459717,0,0,16.735668182373,0.38711878657341,0,0,25.214771270752,0,0,17.8199157714844,0,0,11.4542398452759,0,0,0.913400053977966,0,0,7.26289081573486,2.63323426246643,0,0,25.1618881225586,0,20.4515819549561,0,0,147.386413574219,0,0,2241.34033203125
44003021502,2497.68896484375,53.0823783874512,48.6813621520996,0,0,43.8319778442383,0,0,17.1436004638672,0.594215989112854,0,0,38.4947624206543,0,0,20.2297554016113,0,0,13.8052911758423,0,0,0,0,0,7.9264030456543,3.13698053359985,0,0,29.1184749603271,0,23.895845413208,0,0,177.385818481445,0,0,2975.015625
44003021600,1043.64282226563,40.594898223877,34.1561431884766,0,0,25.9024639129639,0,0,14.35276222229,0.15659998357296,0,0,27.7076282501221,0,0,8.32296085357666,0,0,5.3356614112854,0,0,6.71999976038933E-02,0,0,4.63704586029053,0.562001407146454,0,0,10.633957862854,0,9.14277458190918,0,0,70.4780578613281,0,0,1295.69311523438
44003021700,2600.38842773438,65.8036804199219,62.2953262329102,0,0,53.0677452087402,0,0,24.045015335083,1.17677879333496,0,0,48.7158050537109,0,0,20.3387355804443,0,0,13.7289695739746,0,0,2.23999992012978E-02,0,0,8.76146125793457,2.47203397750854,0,0,30.5433559417725,0,24.9239082336426,0,0,188.486175537109,0,0,3144.76953125
44003021800,2122.11962890625,101.326286315918,97.579704284668,0,0,86.9341278076172,0,0,34.2370910644531,0.723347961902618,0,0,75.913459777832,0,0,31.3554611206055,0,0,22.5476894378662,0,0,0.134399995207787,0,0,13.439811706543,2.38300895690918,0,0,52.828685760498,0,39.9812850952148,0,0,271.315002441406,0,0,2952.81860351563
44003021901,1978.11047363281,90.5484008789063,101.395538330078,0,0,80.7413330078125,0,0,27.4601516723633,2.66300988197327,0,0,79.3473815917969,0,0,35.6278762817383,0,0,19.534252166748,0,0,2.14000010490417,0,0,16.489875793457,7.63780641555786,0,0,39.2640151977539,0,33.1684608459473,0,0,215.879302978516,0,0,2730.00805664063
44003021902,1411.09313964844,73.8399810791016,121.580955505371,0,0,88.5878982543945,0,0,41.5484313964844,4.35712671279907,0,0,93.3847503662109,0,0,38.2127342224121,0,0,21.5393123626709,0,0,0.111999996006489,0,0,16.9072856903076,11.732985496521,0,0,35.218807220459,0,31.8990631103516,0,0,185.067535400391,0,0,2175.08203125
44003021903,2376.40893554688,39.4505805969238,40.8090705871582,0,0,34.5003128051758,0,0,13.4309949874878,0.488573968410492,0,0,31.854076385498,0,0,12.5698270797729,0,0,8.49692153930664,0,0,6.71999976038933E-02,0,0,5.44866991043091,1.67100179195404,0,0,18.6780605316162,0,14.9248123168945,0,0,130.281219482422,0,0,2729.07983398438
44003022000,1952.73327636719,157.795928955078,148.990036010742,0,0,125.491912841797,0,0,62.8668594360352,2.65906095504761,0,0,116.570838928223,0,0,63.7150726318359,0,0,37.1017837524414,0,0,3.58792018890381,0,0,29.2981605529785,11.2593145370483,0,0,75.8893508911133,0,64.3268432617188,0,0,383.713775634766,0,0,3236.00048828125
44003022100,3422.357421875,376.926605224609,486.408813476563,0,0,355.757904052734,0,0,204.712768554688,2.73597478866577,0,0,380.379669189453,0,0,188.340225219727,0,0,99.1847610473633,0,0,14.8206796646118,0,0,93.7804565429688,51.6968536376953,0,0,158.310913085938,0,139.019424438477,0,0,796.891479492188,0,0,6771.32421875
44003022201,3974.29418945313,202.341537475586,140.912033081055,0,0,122.442909240723,0,0,86.2410125732422,1.20598196983337,0,0,109.644714355469,0,0,56.178279876709,0,0,38.4012298583984,0,0,5.66399991512299E-02,0,0,25.5301322937012,6.08785629272461,0,0,87.7333602905273,0,72.9018478393555,0,0,470.597930908203,0,0,5394.5703125
44003022202,1737.96362304688,282.104827880859,237.039901733398,0,0,217.647918701172,0,0,93.0943908691406,1.42461013793945,0,0,187.200576782227,0,0,102.75301361084,0,0,67.0553665161133,0,0,3.27279996871948,0,0,45.6518440246582,10.9329166412354,0,0,148.043838500977,0,116.455490112305,0,0,673.497802734375,0,42.2299995422363,3966.369140625
44003022300,1864.98388671875,454.937408447266,447.968017578125,0,0,366.891662597656,0,0,161.99528503418,5.51071786880493,0,0,350.802429199219,0,0,136.120834350586,0,0,86.6812362670898,0,0,2.16310000419617,0,0,67.2424011230469,14.5109405517578,0,0,186.935501098633,0,145.005630493164,0,0,866.77587890625,0,105.059997558594,5263.58544921875
44003022400,1505.07104492188,36.4724082946777,27.7692108154297,0,0,21.2562675476074,0,0,10.1959562301636,0.32135397195816,0,0,21.7181205749512,0,0,8.00455474853516,0,0,4.72056150436401,0,0,0,0,0,4.24525547027588,1.26193845272064,0,0,9.99970245361328,0,8.30089092254639,0,0,76.6457366943359,0,15.4499988555908,1751.43298339844
44003980000,30.4796390533447,104.261978149414,111.579818725586,0,0,81.1916046142578,0,0,41.2529106140137,0.882539987564087,0,0,87.3236389160156,0,0,29.0271816253662,0,0,16.1971073150635,0,0,0,0,0,17.2360591888428,4.30790233612061,0,0,27.1648330688477,0,25.858959197998,0,0,136.393829345703,0,0,713.158081054688
44005040101,2815.54565429688,69.4299850463867,74.1723175048828,0,0,61.4265213012695,0,0,26.0260639190674,1.35878753662109,0,0,59.0180168151855,0,0,35.771785736084,0,0,18.840669631958,0,0,2.6592001914978,0,0,16.506950378418,7.66135168075562,0,0,32.6009864807129,0,28.2209701538086,0,0,206.146865844727,0,190.550018310547,3645.93627929688
44005040102,3778.51635742188,134.436157226563,109.589126586914,0,0,90.0270538330078,0,0,42.8962135314941,1.28183031082153,0,0,85.5564651489258,0,0,35.0541000366211,0,0,22.5378093719482,0,0,0.089599996805191,0,0,17.1225929260254,4.22603845596313,0,0,51.341178894043,0,42.7157783508301,0,0,308.348571777344,0,29.8700008392334,4753.609375
44005040103,4079.77880859375,242.346160888672,266.728851318359,0,0,207.404998779297,0,0,133.779632568359,5.43788576126099,0,0,205.963073730469,0,0,98.3192901611328,0,0,58.3197555541992,0,0,2.73379993438721,0,0,42.6355476379395,23.2572708129883,0,0,107.279975891113,0,96.0192718505859,0,0,564.526794433594,0,93.7299957275391,6228.26123046875
44005040200,528.458374023438,10.8264102935791,8.44822406768799,0,0,21.4624996185303,0,0,2.31130385398865,0,0,0,6.63696336746216,0,0,13.7091932296753,0,0,11.8693695068359,0,0,0.268799990415573,0,0,1.8707799911499,0.992947161197662,0,0,29.5455093383789,0,23.0029392242432,0,0,127.552719116211,0,0,786.9560546875
44005040302,1460.85913085938,103.804214477539,93.4363861083984,0,0,78.9436874389648,0,0,35.9000511169434,0.389699965715408,0,0,73.467529296875,0,0,28.2479286193848,0,0,19.1912078857422,0,0,0.111999996006489,0,0,14.1523408889771,1.61437332630157,0,0,43.3039741516113,0,32.8142547607422,0,0,220.093276977539,0,100.940002441406,2307.27001953125
44005040303,1559.26135253906,62.0051116943359,68.0945434570313,0,0,64.1794204711914,0,0,23.5020847320557,1.51752912998199,0,0,53.5393562316895,0,0,30.0675849914551,0,0,20.6188831329346,0,0,0.329600036144257,0,0,11.6251049041748,4.05667781829834,0,0,44.5556831359863,0,34.8798408508301,0,0,222.8251953125,0,0,2201.05810546875
44005040304,1503.46472167969,176.42317199707,179.431518554688,0,0,141.792037963867,0,0,70.4357452392578,2.61017990112305,0,0,140.020645141602,0,0,64.5340805053711,0,0,37.5076293945313,0,0,2.34967994689941,0,0,31.220890045166,12.3940811157227,0,0,72.5156097412109,0,58.9318962097168,0,0,354.278198242188,0,76.2200012207031,2924.13012695313
44005040400,4157.1083984375,368.373779296875,326.002655029297,0,0,258.160003662109,0,0,107.490669250488,2.68837976455688,0,0,255.379257202148,0,0,133.608612060547,0,0,72.5958557128906,0,0,7.19140005111694,0,0,64.5047302246094,29.9317588806152,0,0,134.538818359375,0,115.79801940918,0,0,697.691528320313,0,60.7699966430664,6791.83349609375
44005040500,1820.92651367188,132.155914306641,126.849685668945,0,0,130.848556518555,0,0,54.2234802246094,1.26859676837921,0,0,100.161109924316,0,0,55.4770164489746,0,0,43.453929901123,0,0,0.127099990844727,0,0,17.4911556243896,3.75193619728088,0,0,101.609451293945,0,79.012092590332,0,0,460.6875,0,0,3128.04418945313
44005040600,2283.369140625,110.195106506348,86.6805267333984,0,0,108.570129394531,0,0,37.4160041809082,0.593585968017578,0,0,67.9917984008789,0,0,55.979808807373,0,0,44.8699111938477,0,0,0.596760034561157,0,0,16.1033668518066,3.99268269538879,0,0,110.178352355957,0,87.3384628295898,0,0,502.29736328125,0,22.6599998474121,3538.83227539063
44005040700,2333.42797851563,108.251037597656,134.719787597656,0,0,127.901069641113,0,0,36.330753326416,1.91274464130402,0,0,106.260429382324,0,0,89.9960784912109,0,0,54.355583190918,0,0,2.35770010948181,0,0,34.7259979248047,21.4067096710205,0,0,95.4750442504883,0,79.911018371582,0,0,457.771911621094,0,53.560001373291,3738.3642578125
44005040800,1693.58081054688,135.868545532227,120.636238098145,0,0,124.989616394043,0,0,42.8593826293945,0.682290017604828,0,0,96.6895599365234,0,0,79.0357437133789,0,0,50.8210220336914,0,0,3.27999997138977,0,0,29.964225769043,13.0539398193359,0,0,103.500862121582,0,82.5968246459961,0,0,472.913970947266,0,0,3050.47314453125
44005040900,2718.55859375,143.278335571289,176.209228515625,0,0,163.09196472168,0,0,41.3114051818848,0.631540715694427,0,0,143.002777099609,0,0,140.218185424805,0,0,70.3420181274414,0,0,16.6678600311279,0,0,61.6096229553223,36.1863441467285,0,0,114.48713684082,0,96.6743087768555,0,0,557.781677246094,0,54.5900001525879,4534.64111328125
44005041000,1514.38562011719,247.356079101563,236.68977355957,0,0,203.812545776367,0,0,83.7225189208984,1.72446477413177,0,0,187.943725585938,0,0,102.126373291016,0,0,63.3951759338379,0,0,2.48246002197266,0,0,45.8101959228516,16.4481945037842,0,0,125.348449707031,0,99.4906768798828,0,0,575.832763671875,0,0,3506.5693359375
44005041100,1267.35070800781,82.1339797973633,87.8389358520508,0,0,75.7644119262695,0,0,26.2715663909912,1.83673810958862,0,0,69.3245162963867,0,0,35.3274154663086,0,0,22.292552947998,0,0,0.273919999599457,0,0,15.0343446731567,5.92778539657593,0,0,44.1139717102051,0,35.0901260375977,0,0,214.692001342773,0,0,1983.27307128906
44005041200,291.6103515625,19.6366996765137,109.807327270508,0,0,94.7122955322266,0,0,6.12579250335693,0,0,0,94.1146545410156,0,0,198.238052368164,0,0,74.0680465698242,0,0,36.3055801391602,0,0,93.8490447998047,69.3045425415039,0,0,67.8173141479492,0,69.0521926879883,0,0,336.440093994141,0,0,1561.08190917969
44005041300,4257.0615234375,151.925720214844,164.365173339844,0,0,125.426345825195,0,0,52.9724769592285,4.05660963058472,0,0,129.1298828125,0,0,54.8758659362793,0,0,30.3125839233398,0,0,1.97979998588562,0,0,27.1992111206055,12.1189403533936,0,0,56.2138938903809,0,47.5592651367188,0,0,341.461791992188,0,0,5456.65966796875
44005041400,3552.6708984375,107.563102722168,82.9541168212891,0,0,59.6730880737305,0,0,36.9712066650391,1.53736186027527,0,0,65.4370956420898,0,0,21.9636096954346,0,0,11.4796113967896,0,0,0.188320010900497,0,0,11.8860006332397,4.0017294883728,0,0,23.3510971069336,0,20.6915683746338,0,0,185.691299438477,0,51.5,4237.5595703125
44005041601,1599.91491699219,80.1656036376953,56.1887054443359,0,0,55.5544052124023,0,0,34.1803512573242,1.18054795265198,0,0,43.5063285827637,0,0,26.1815395355225,0,0,19.3118457794189,0,0,0.127259999513626,0,0,9.74246311187744,2.37371230125427,0,0,47.3803405761719,0,36.5832099914551,0,0,238.097763061523,0,9.27000045776367,2259.75903320313
44005041602,2897.97875976563,93.3024597167969,91.0667419433594,0,0,76.6053771972656,0,0,37.1469612121582,0.700991988182068,0,0,71.6224899291992,0,0,32.5511360168457,0,0,20.6004867553711,0,0,1.22857999801636,0,0,14.8465213775635,4.55772399902344,0,0,42.6390533447266,0,34.8213577270508,0,0,247.90608215332,0,0,3667.57446289063
44005041701,1912.50170898438,68.3890914916992,69.3870849609375,0,0,56.3575897216797,0,0,26.5378189086914,1.23429596424103,0,0,54.3150177001953,0,0,21.0944137573242,0,0,13.1596336364746,0,0,0.434819996356964,0,0,9.79525279998779,2.94270920753479,0,0,27.5660839080811,0,23.9596290588379,0,0,164.65983581543,0,92.6999969482422,2545.03515625
44005041702,2853.08666992188,131.556121826172,131.278137207031,0,0,98.2153549194336,0,0,50.2944107055664,3.9970691204071,0,0,102.150993347168,0,0,38.0913696289063,0,0,20.9595851898193,0,0,0.525879979133606,0,0,20.0195770263672,7.44092798233032,0,0,41.691520690918,0,34.7511901855469,0,0,251.794326782227,0,272.950012207031,4058.802734375
44007000101,1355.90698242188,172.502059936523,311.113983154297,0,0,240.683578491211,0,0,145.805206298828,6.09220743179321,0,0,240.757293701172,0,0,174.099548339844,0,0,87.7795562744141,0,0,15.6924390792847,0,0,75.726448059082,54.0311813354492,0,0,125.21354675293,0,124.252235412598,0,0,600.855712890625,0,0,3730.51220703125
44007000102,1764.93811035156,73.1146011352539,76.8091888427734,0,0,97.0946578979492,0,0,29.0000915527344,1.03017592430115,0,0,59.92333984375,0,0,45.9729194641113,0,0,37.9501495361328,0,0,0.143299996852875,0,0,10.9717178344727,2.75353193283081,0,0,92.2703323364258,0,72.3028717041016,0,0,413.987091064453,0,0,2778.26196289063
44007000200,1841.50512695313,144.937881469727,133.164520263672,0,0,161.558944702148,0,0,45.8108367919922,0.699335992336273,0,0,104.900123596191,0,0,79.7572326660156,0,0,62.4584045410156,0,0,1.38472008705139,0,0,23.1528396606445,5.05004358291626,0,0,150.617294311523,0,115.588233947754,0,0,657.213439941406,0,0,3527.79858398438
44007000300,2079.55395507813,124.422912597656,126.144882202148,0,0,159.820220947266,0,0,56.1754913330078,1.36918795108795,0,0,98.2956390380859,0,0,95.3288269042969,0,0,71.0748748779297,0,0,3.59942007064819,0,0,27.8350639343262,12.1394281387329,0,0,164.264663696289,0,131.33430480957,0,0,720.045227050781,0,7.21000003814697,3878.61376953125
44007000400,1059.15185546875,54.1254692077637,44.8120040893555,0,0,68.4325332641602,0,0,19.2088661193848,0.236897990107536,0,0,34.9613151550293,0,0,44.2975044250488,0,0,33.7022743225098,0,0,1.98558008670807,0,0,11.9158086776733,5.0025806427002,0,0,81.0149459838867,0,63.3105163574219,0,0,354.784851074219,0,13.3900003433228,1890.33288574219
44007000500,884.98388671875,54.4834175109863,63.8090705871582,0,0,76.2144775390625,0,0,17.1432056427002,0.466577976942062,0,0,49.5819091796875,0,0,34.4392852783203,0,0,28.051929473877,0,0,0,0,0,8.39806747436523,3.45449614524841,0,0,68.5706100463867,0,52.8135108947754,0,0,296.461547851563,0,23.6900005340576,1662.56176757813
44007000600,524.083251953125,615.576538085938,813.335388183594,0,0,576.063537597656,0,0,241.582443237305,5.99441432952881,0,0,653.308776855469,0,0,330.391662597656,0,0,155.452590942383,0,0,40.6277809143066,0,0,181.247772216797,94.670654296875,0,0,218.847564697266,0,185.530197143555,0,0,1030.99145507813,0,0,5667.7041015625
44007000700,772.843688964844,60.8708992004395,76.9404067993164,0,0,85.7932739257813,0,0,23.3762111663818,0.64614599943161,0,0,61.0995864868164,0,0,73.751220703125,0,0,42.0048294067383,0,0,7.45364046096802,0,0,27.8083591461182,17.3696308135986,0,0,78.7444076538086,0,65.7679443359375,0,0,352.212768554688,0,0,1746.68298339844
44007000800,1432.96496582031,875.204406738281,974.235046386719,0,0,751.761596679688,0,0,304.036315917969,13.5051784515381,0,0,773.566162109375,0,0,450.427398681641,0,0,233.136611938477,0,0,28.3745613098145,0,0,218.847946166992,115.551094055176,0,0,383.297180175781,0,319.541778564453,0,0,1755.41259765625,0,0,8629.86328125
44007000900,869.052673339844,168.747573852539,148.152328491211,0,0,146.210006713867,0,0,53.6958923339844,2.97028398513794,0,0,117.366142272949,0,0,83.4123153686523,0,0,53.1480903625488,0,0,3.33376026153564,0,0,32.1977005004883,13.3423690795898,0,0,114.060508728027,0,91.7775115966797,0,0,500.418884277344,0,0,2397.88623046875
44007001000,882.9638671875,49.2020416259766,40.5720825195313,0,0,67.8130874633789,0,0,14.7636785507202,0.186462000012398,0,0,31.5312671661377,0,0,36.4490356445313,0,0,32.0153694152832,0,0,0,0,0,7.29976654052734,1.45538341999054,0,0,82.0071716308594,0,63.9314765930176,0,0,349.898284912109,0,0,1660.08911132813
44007001100,1051.16748046875,153.993148803711,170.395477294922,0,0,161.390548706055,0,0,63.5500411987305,2.44881010055542,0,0,131.958419799805,0,0,68.394172668457,0,0,49.8346481323242,0,0,0.410600006580353,0,0,24.8912887573242,8.34194850921631,0,0,112.341384887695,0,93.8086929321289,0,0,504.818298339844,0,0,2597.74487304688
44007001200,844.246948242188,92.0082397460938,112.488716125488,0,0,117.114517211914,0,0,50.0925102233887,0.354437977075577,0,0,86.3570327758789,0,0,67.8549652099609,0,0,45.6901817321777,0,0,4.37874031066895,0,0,24.8515110015869,10.900918006897,0,0,99.2631378173828,0,83.4808883666992,0,0,442.370239257813,0,0,2081.453125
44007001300,1349.02526855469,24.3708305358887,41.0866355895996,0,0,84.4577713012695,0,0,6.69451713562012,0.155898004770279,0,0,32.9649925231934,0,0,57.7047080993652,0,0,45.5535583496094,0,0,3.24868011474609,0,0,11.1641206741333,6.67565202713013,0,0,107.940505981445,0,83.3957290649414,0,0,455.750152587891,0,0,2310.18896484375
44007001400,1770.72436523438,92.7367248535156,130.295883178711,0,0,161.59440612793,0,0,55.4910850524902,2.44621801376343,0,0,100.896659851074,0,0,90.7627029418945,0,0,67.9970550537109,0,0,3.15840005874634,0,0,24.4664268493652,11.853741645813,0,0,153.990478515625,0,126.246269226074,0,0,674.738586425781,0,0,3467.39892578125
44007001500,1082.73876953125,173.007553100586,206.52018737793,0,0,163.849655151367,0,0,111.32740020752,2.99790000915527,0,0,158.273574829102,0,0,68.6918334960938,0,0,45.3485298156738,0,0,0.112139999866486,0,0,29.39328956604,13.3462991714478,0,0,88.049201965332,0,79.6868438720703,0,0,415.77490234375,0,0,2639.11791992188
44007001600,2310.298828125,118.596817016602,143.464065551758,0,0,182.779479980469,0,0,68.0933074951172,1.68571794033051,0,0,110.22274017334,0,0,90.3303527832031,0,0,74.9455032348633,0,0,0.365040004253387,0,0,19.915018081665,7.8580527305603,0,0,178.029602050781,0,142.854888916016,0,0,774.033447265625,0,0,4223.47314453125
44007001700,1282.83361816406,53.3124122619629,54.1128044128418,0,0,78.619873046875,0,0,21.5216808319092,0.72489595413208,0,0,42.3775978088379,0,0,39.8125228881836,0,0,34.060001373291,0,0,0.134399995207787,0,0,8.37480354309082,2.04166316986084,0,0,84.3623962402344,0,66.3850479125977,0,0,368.453277587891,0,0,2137.126953125
44007001800,1983.48010253906,70.5807189941406,58.929630279541,0,0,98.2221069335938,0,0,22.9864273071289,0.392175495624542,0,0,45.9757614135742,0,0,49.9972610473633,0,0,44.4715576171875,0,0,0,0,0,7.61384248733521,1.93969058990479,0,0,113.114807128906,0,87.0557022094727,0,0,492.847290039063,0,0,3077.60693359375
44007001900,1729.11279296875,264.265533447266,306.969787597656,0,0,288.251403808594,0,0,117.604568481445,6.99235200881958,0,0,237.732879638672,0,0,128.826171875,0,0,90.6897811889648,0,0,0.543160021305084,0,0,46.3895683288574,17.9137916564941,0,0,198.078018188477,0,162.370239257813,0,0,871.945983886719,0,0,4467.68603515625
44007002000,1805.98791503906,40.0451812744141,78.8989639282227,0,0,104.530570983887,0,0,20.2527332305908,0.759725987911224,0,0,64.6386871337891,0,0,113.824508666992,0,0,62.0314064025879,0,0,14.0090990066528,0,0,41.4416542053223,28.7302551269531,0,0,109.812324523926,0,91.7723922729492,0,0,497.774475097656,0,0,3074.509765625
44007002101,1076.32727050781,11.9456100463867,10.5874586105347,0,0,24.8220615386963,0,0,3.2951352596283,0.112698003649712,0,0,8.38780689239502,0,0,14.2050447463989,0,0,12.8902502059937,0,0,6.71999976038933E-02,0,0,1.89647841453552,0.286007791757584,0,0,33.1130447387695,0,25.4680519104004,0,0,153.401931762695,0,0,1376.80603027344
44007002102,2030.23010253906,37.168830871582,34.8729591369629,0,0,70.750862121582,0,0,12.4866399765015,0.24958798289299,0,0,27.4500408172607,0,0,39.4378929138184,0,0,35.3943061828613,0,0,0.240539997816086,0,0,5.54064607620239,1.53150677680969,0,0,89.7971801757813,0,68.9574813842773,0,0,398.621337890625,0,0,2852.72973632813
44007002200,1473.13134765625,68.9190902709961,111.687538146973,0,0,132.309707641602,0,0,36.7811164855957,2.44366192817688,0,0,86.4266967773438,0,0,62.0072174072266,0,0,49.7017669677734,0,0,0.505039989948273,0,0,14.66064453125,6.64436340332031,0,0,115.036560058594,0,92.016716003418,0,0,498.643585205078,0,15.4499988555908,2766.36474609375
44007002300,2239.61328125,92.9133758544922,85.3639297485352,0,0,107.531463623047,0,0,29.2781925201416,0.284002691507339,0,0,66.9614791870117,0,0,80.1202697753906,0,0,51.288631439209,0,0,7.29164028167725,0,0,27.8341083526611,13.8212985992432,0,0,111.710716247559,0,89.0590057373047,0,0,508.664642333984,0,0,3511.73608398438
44007002400,2878.3388671875,106.234031677246,222.2626953125,0,0,185.117080688477,0,0,31.0167961120605,0.436625987291336,0,0,179.937530517578,0,0,198.393295288086,0,0,86.3944931030273,0,0,30.8037605285645,0,0,90.7070388793945,63.9544105529785,0,0,112.755722045898,0,102.658836364746,0,0,570.126647949219,0,0,4859.1376953125
44007002500,1082.04418945313,381.436340332031,368.029174804688,0,0,307.598022460938,0,0,179.549423217773,4.71996021270752,0,0,285.482727050781,0,0,136.436889648438,0,0,88.4772644042969,0,0,2.0941801071167,0,0,61.2441177368164,20.5487213134766,0,0,183.750076293945,0,156.817153930664,0,0,839.77978515625,0,0,4098.0078125
44007002600,1178.18310546875,103.955619812012,88.8909378051758,0,0,110.124725341797,0,0,40.0307731628418,0.542015969753265,0,0,69.4705505371094,0,0,53.5733642578125,0,0,44.1255683898926,0,0,0,0,0,14.655951499939,2.7330150604248,0,0,108.753456115723,0,86.6779403686523,0,0,474.514984130859,0,0,2376.23217773438
44007002700,1393.80444335938,39.996410369873,82.2190551757813,0,0,107.489646911621,0,0,14.5656900405884,1.18268847465515,0,0,67.9973220825195,0,0,130.154037475586,0,0,66.2131729125977,0,0,17.8540000915527,0,0,50.0065612792969,34.4532279968262,0,0,109.844032287598,0,93.0504913330078,0,0,497.203277587891,0,22.6599998474121,2728.6943359375
44007002800,2324.17553710938,76.9494323730469,86.3327407836914,0,0,122.961616516113,0,0,26.1557655334473,1.27446115016937,0,0,67.4142227172852,0,0,64.2813491821289,0,0,53.1613922119141,0,0,0.53930002450943,0,0,13.5923204421997,5.40344905853271,0,0,129.017303466797,0,100.335960388184,0,0,566.759155273438,0,0,3638.35400390625
44007002900,2829.68115234375,208.036056518555,235.090530395508,0,0,242.597473144531,0,0,90.7492218017578,1.58175086975098,0,0,181.793014526367,0,0,101.269378662109,0,0,80.5789794921875,0,0,4.47999984025955E-02,0,0,33.8296279907227,7.40200567245483,0,0,192.151763916016,0,156.983139038086,0,0,872.805053710938,0,0,5234.59375
44007003100,1876.0283203125,191.137573242188,171.517807006836,0,0,189.006851196289,0,0,75.6359786987305,0.650865614414215,0,0,134.51301574707,0,0,117.77912902832,0,0,78.7419052124023,0,0,7.29582023620605,0,0,43.3293952941895,17.1977596282959,0,0,173.346984863281,0,139.854919433594,0,0,768.267700195313,0,0,3984.30419921875
44007003200,1687.95983886719,75.5126495361328,58.9206352233887,0,0,73.8101272583008,0,0,34.968807220459,0.820277988910675,0,0,45.7368698120117,0,0,39.1154098510742,0,0,31.734769821167,0,0,0,0,0,11.0561590194702,3.01895093917847,0,0,76.5227279663086,0,62.2200012207031,0,0,352.988800048828,0,0,2554.38598632813
44007003300,2174.46606445313,171.053573608398,267.250915527344,0,0,231.956985473633,0,0,65.0594100952148,0.541584014892578,0,0,215.00846862793,0,0,138.841110229492,0,0,78.365592956543,0,0,15.1280202865601,0,0,59.555419921875,32.9450225830078,0,0,139.038055419922,0,109.284637451172,0,0,635.319091796875,0,0,4333.8134765625
44007003400,3104.37622070313,133.435211181641,185.822937011719,0,0,149.086013793945,0,0,43.4195556640625,0.592577934265137,0,0,149.982055664063,0,0,93.3088607788086,0,0,48.9773216247559,0,0,10.972620010376,0,0,44.0986938476563,24.5144062042236,0,0,81.8240509033203,0,65.730712890625,0,0,420.257965087891,0,0,4556.3994140625
44007003500,2326.20629882813,246.966079711914,175.733963012695,0,0,185.859176635742,0,0,87.9810180664063,0.667692005634308,0,0,138.688293457031,0,0,102.719757080078,0,0,71.8614883422852,0,0,3.50776028633118,0,0,40.4568061828613,10.4132375717163,0,0,167.232467651367,0,133.624099731445,0,0,763.408935546875,0,0,4455.3271484375
44007003601,1025.94946289063,218.815628051758,253.629653930664,0,0,215.914108276367,0,0,49.3663940429688,0.27701997756958,0,0,198.19743347168,0,0,153.563674926758,0,0,79.1717529296875,0,0,16.8829402923584,0,0,68.798095703125,44.2557601928711,0,0,135.514343261719,0,118.069633483887,0,0,617.629089355469,0,0,3196.03540039063
44007003602,909.067260742188,118.733810424805,328.957489013672,0,0,274.140930175781,0,0,27.9796676635742,0.388569623231888,0,0,269.667846679688,0,0,376.827697753906,0,0,149.056259155273,0,0,67.8782958984375,0,0,178.744659423828,127.06192779541,0,0,174.505462646484,0,162.853302001953,0,0,833.000854492188,0,0,3998.86376953125
44007003700,1630.84204101563,166.738739013672,134.292266845703,0,0,155.9462890625,0,0,53.599739074707,1.84990310668945,0,0,106.612655639648,0,0,81.5621643066406,0,0,61.1928215026855,0,0,1.32160007953644,0,0,25.8288707733154,6.93882465362549,0,0,144.907806396484,0,114.18106842041,0,0,637.049194335938,0,0,3322.86376953125
44007010101,1844.39135742188,98.8238296508789,132.949234008789,0,0,112.21898651123,0,0,68.8099822998047,1.1425895690918,0,0,102.000381469727,0,0,48.2209663391113,0,0,33.8709831237793,0,0,0.223999992012978,0,0,17.8222198486328,9.92665004730225,0,0,69.2062454223633,0,60.3387413024902,0,0,336.139831542969,0,0,2936.08666992188
44007010102,1901.53564453125,191.150360107422,316.835083007813,0,0,236.456649780273,0,0,108.993766784668,13.8737649917603,0,0,242.181060791016,0,0,98.027099609375,0,0,54.988452911377,0,0,0.10700000077486,0,0,44.1704292297363,27.8278198242188,0,0,93.158073425293,0,85.1818389892578,0,0,457.070861816406,0,93.7299957275391,3965.28759765625
44007010200,2725.67944335938,283.686004638672,376.16015625,0,0,322.075164794922,0,0,144.992919921875,6.06582307815552,0,0,289.581176757813,0,0,154.323333740234,0,0,95.5986557006836,0,0,7.0225396156311,0,0,60.0210914611816,34.4831428527832,0,0,191.394607543945,0,163.702072143555,0,0,884.641784667969,0,0,5739.42724609375
44007010300,1996.85302734375,331.416900634766,420.872589111328,0,0,325.358276367188,0,0,167.730026245117,6.23949098587036,0,0,325.333679199219,0,0,115.394882202148,0,0,72.6562728881836,0,0,0.690459966659546,0,0,55.7565460205078,19.6940040588379,0,0,139.038055419922,0,124.723388671875,0,0,679.332397460938,0,0,4781.09033203125
44007010400,2716.13427734375,154.133865356445,138.864654541016,0,0,160.914962768555,0,0,62.0910339355469,1.14632999897003,0,0,109.085838317871,0,0,90.7639770507813,0,0,65.2271041870117,0,0,3.92477989196777,0,0,29.3838672637939,10.7214860916138,0,0,149.274932861328,0,118.330665588379,0,0,676.167419433594,0,24.7199993133545,4510.88525390625
44007010501,2119.255859375,205.275283813477,211.835861206055,0,0,175.332244873047,0,0,84.3207931518555,1.9970383644104,0,0,165.679794311523,0,0,103.440635681152,0,0,57.0517387390137,0,0,7.90535974502563,0,0,48.0898818969727,22.7968215942383,0,0,104.545822143555,0,90.7856140136719,0,0,512.453186035156,0,0,3910.76611328125
44007010502,2264.50903320313,155.973342895508,185.327972412109,0,0,165.789596557617,0,0,63.1661758422852,3.42574191093445,0,0,144.994812011719,0,0,102.238952636719,0,0,58.0701293945313,0,0,8.24090003967285,0,0,42.3562278747559,23.3102035522461,0,0,109.923324584961,0,93.2956085205078,0,0,526.750793457031,0,0,3947.373046875
44007010600,3033.32348632813,64.0285568237305,63.9651565551758,0,0,87.9203186035156,0,0,25.150785446167,1.66618072986603,0,0,49.5634460449219,0,0,45.9570846557617,0,0,37.6231307983398,0,0,0.283060014247894,0,0,9.91408157348633,4.10229063034058,0,0,91.9730529785156,0,72.6469192504883,0,0,437.196533203125,0,17.5100002288818,4042.82421875
44007010701,1308.78405761719,86.3527603149414,64.8014755249023,0,0,53.521656036377,0,0,25.0602760314941,0.307674020528793,0,0,51.4821853637695,0,0,22.9688568115234,0,0,14.1180381774902,0,0,0.8403200507164,0,0,12.0023965835571,2.21858930587769,0,0,31.080545425415,0,25.5370006561279,0,0,166.704086303711,0,0,1865.78002929688
44007010702,2471.29052734375,62.1342964172363,42.6740646362305,0,0,38.413402557373,0,0,21.0574626922607,0.42987596988678,0,0,33.5210571289063,0,0,15.7484455108643,0,0,10.9096746444702,0,0,0.117700003087521,0,0,6.61678791046143,1.1675124168396,0,0,26.8052921295166,0,20.7426834106445,0,0,167.58512878418,0,0,2919.21362304688
44007010800,1399.09948730469,104.282669067383,124.588829040527,0,0,148.459838867188,0,0,51.8115653991699,2.38490986824036,0,0,96.9024276733398,0,0,83.0756225585938,0,0,61.3349418640137,0,0,2.90292024612427,0,0,22.627857208252,11.7000036239624,0,0,138.852783203125,0,111.409408569336,0,0,603.225646972656,0,0,2962.65893554688
44007010900,1355.53173828125,90.7741088867188,169.287063598633,0,0,174.656677246094,0,0,54.2210388183594,8.52312564849854,0,0,129.586471557617,0,0,97.0729522705078,0,0,65.7301483154297,0,0,2.32730007171631,0,0,28.5786437988281,20.8086071014404,0,0,136.332321166992,0,110.186904907227,0,0,581.264953613281,0,0,3024.88232421875
44007011000,1647.67761230469,45.2179985046387,50.2817344665527,0,0,101.459060668945,0,0,15.728497505188,0.412019968032837,0,0,38.8462142944336,0,0,55.8041839599609,0,0,50.5807228088379,0,0,0.102719999849796,0,0,6.91442728042603,2.78884315490723,0,0,127.385238647461,0,99.4339447021484,0,0,539.451721191406,0,0,2782.08471679688
44007011100,1209.86706542969,59.6617012023926,94.6795272827148,0,0,110.029609680176,0,0,25.7201194763184,1.80440986156464,0,0,73.3114624023438,0,0,49.1210060119629,0,0,39.6126251220703,0,0,0,0,0,11.7870035171509,5.54863882064819,0,0,93.2442626953125,0,73.4857635498047,0,0,402.853912353516,0,0,2250.72705078125
44007011200,2462.0966796875,255.356552124023,334.435394287109,0,0,288.010467529297,0,0,99.4309387207031,11.6089334487915,0,0,258.997375488281,0,0,126.946006774902,0,0,80.1035308837891,0,0,1.67928004264832,0,0,52.0081443786621,23.7646465301514,0,0,163.404174804688,0,129.936157226563,0,0,744.049560546875,0,0,5031.8271484375
44007011301,2131.357421875,177.905685424805,243.083190917969,0,0,196.238800048828,0,0,85.3663940429688,3.17752909660339,0,0,189.288040161133,0,0,67.8357543945313,0,0,43.5143661499023,0,0,1.22380006313324,0,0,31.8547496795654,9.28998565673828,0,0,83.4285430908203,0,76.9691009521484,0,0,428.904479980469,0,0,3769.43798828125
44007011302,2234.60034179688,34.2279815673828,32.9185409545898,0,0,25.5144138336182,0,0,12.4988985061646,0.580679953098297,0,0,25.96484375,0,0,9.03026676177979,0,0,5.50381517410278,0,0,0,0,0,4.46479082107544,1.1716775894165,0,0,11.2390222549438,0,9.89298057556152,0,0,98.2389297485352,0,0,2505.84716796875
44007011401,4344.6064453125,123.471267700195,113.82160949707,0,0,105.40087890625,0,0,46.5405807495117,1.56581997871399,0,0,88.6309051513672,0,0,50.6139488220215,0,0,33.3762893676758,0,0,1.47180008888245,0,0,19.5943183898926,7.6373724937439,0,0,73.4517669677734,0,60.8651885986328,0,0,405.532958984375,0,0,5476.5810546875
44007011402,2341.29370117188,91.0176696777344,107.831504821777,0,0,80.486328125,0,0,35.8218231201172,2.10734987258911,0,0,83.4324417114258,0,0,40.28662109375,0,0,20.3249778747559,0,0,2.90337991714478,0,0,21.7309169769287,9.97573375701904,0,0,34.6034049987793,0,32.4404525756836,0,0,215.45263671875,0,21.6299991607666,3141.3388671875
44007011403,3807.36010742188,106.464782714844,118.371925354004,0,0,105.476806640625,0,0,44.5404090881348,2.77938365936279,0,0,92.0915145874023,0,0,46.4651336669922,0,0,30.6816749572754,0,0,0.818280041217804,0,0,18.099479675293,7.54049205780029,0,0,65.0513076782227,0,53.7396926879883,0,0,359.541107177734,0,0,4859.0224609375
44007011500,2844.04541015625,110.14347076416,145.654296875,0,0,151.302993774414,0,0,73.0860595703125,2.0374174118042,0,0,112.345985412598,0,0,91.2977447509766,0,0,61.8220176696777,0,0,4.11074018478394,0,0,29.0313282012939,17.9542102813721,0,0,128.074493408203,0,107.540481567383,0,0,594.753173828125,0,0,4473.2001953125
44007011600,3283.09204101563,488.066497802734,695.812377929688,0,0,503.876800537109,0,0,205.72395324707,8.06307411193848,0,0,539.156921386719,0,0,202.957229614258,0,0,101.543518066406,0,0,18.0693187713623,0,0,109.066482543945,51.6973419189453,0,0,172.940078735352,0,159.768600463867,0,0,890.551696777344,0,54.5900001525879,7484.97509765625
44007011701,2322.36547851563,102.276916503906,138.808898925781,0,0,132.47607421875,0,0,45.2478485107422,2.20118379592896,0,0,107.037696838379,0,0,55.052906036377,0,0,40.3453750610352,0,0,0.370220005512238,0,0,19.3645706176758,7.17940759658813,0,0,88.9916229248047,0,75.3222579956055,0,0,427.459564208984,0,0,3564.49975585938
44007011702,2129.08569335938,178.996139526367,266.373321533203,0,0,204.417129516602,0,0,122.620872497559,1.79547119140625,0,0,204.644561767578,0,0,66.455680847168,0,0,43.6454620361328,0,0,0.111999996006489,0,0,32.627269744873,10.0634250640869,0,0,78.6655807495117,0,80.8582000732422,0,0,421.384185791016,0,0,3841.74487304688
44007011800,3162.75708007813,140.331420898438,128.396560668945,0,0,133.981323242188,0,0,60.3027763366699,2.36084389686584,0,0,100.335784912109,0,0,63.9079551696777,0,0,47.3564033508301,0,0,0.693680047988892,0,0,20.6506805419922,6.60198736190796,0,0,110.049011230469,0,87.5640182495117,0,0,529.008544921875,0,0,4594.2978515625
44007011901,1372.36962890625,99.5681381225586,98.1576614379883,0,0,81.9349822998047,0,0,39.9770889282227,1.17802429199219,0,0,76.5241928100586,0,0,30.2267303466797,0,0,20.4760189056396,0,0,0,0,0,13.2205867767334,3.69883465766907,0,0,43.9980812072754,0,34.878532409668,0,0,219.232620239258,0,0,2135.44091796875
44007011902,2762.07958984375,92.3604278564453,76.6703948974609,0,0,83.9177093505859,0,0,32.8385772705078,0.649861216545105,0,0,60.358470916748,0,0,37.4198799133301,0,0,29.5223827362061,0,0,0.089599996805191,0,0,12.2460613250732,1.84653663635254,0,0,72.5008544921875,0,56.4575386047363,0,0,359.010040283203,0,0,3677.96801757813
44007012000,3273.11865234375,138.876434326172,185.306732177734,0,0,150.436111450195,0,0,53.0034523010254,0.707651913166046,0,0,147.926651000977,0,0,81.7789154052734,0,0,44.6043891906738,0,0,8.82789993286133,0,0,38.3976860046387,19.432222366333,0,0,78.0435562133789,0,63.6462287902832,0,0,411.329315185547,0,0,4695.43505859375
44007012102,2058.8447265625,65.4580001831055,70.8960189819336,0,0,82.7761535644531,0,0,34.138240814209,1.2007440328598,0,0,54.5747032165527,0,0,40.3154373168945,0,0,32.4225234985352,0,0,0,0,0,10.1290445327759,4.00097560882568,0,0,76.629280090332,0,62.1362457275391,0,0,358.428619384766,0,0,2951.95092773438
44007012103,1217.75439453125,21.563009262085,41.7432136535645,0,0,61.7154273986816,0,0,7.01719951629639,0.178037986159325,0,0,33.6802597045898,0,0,68.810188293457,0,0,37.8206367492676,0,0,9.24036026000977,0,0,24.4608993530273,16.7781162261963,0,0,70.9354858398438,0,57.9903755187988,0,0,319.467346191406,0,0,1989.15502929688
44007012104,1934.12341308594,81.3671875,92.9517211914063,0,0,100.991287231445,0,0,28.2129516601563,1.73566794395447,0,0,72.5842742919922,0,0,47.2922973632813,0,0,36.620044708252,0,0,0.156800001859665,0,0,13.6427936553955,5.52724456787109,0,0,85.4250869750977,0,67.4417572021484,0,0,390.630310058594,0,0,2958.70263671875
44007012200,3842.443359375,243.052688598633,255.444732666016,0,0,199.618743896484,0,0,99.0212936401367,2.91583776473999,0,0,199.050231933594,0,0,92.2392578125,0,0,51.1649589538574,0,0,4.6155800819397,0,0,44.2113723754883,19.1346015930176,0,0,94.0929794311523,0,79.7359008789063,0,0,508.068542480469,0,0,5734.810546875
44007012300,3581.74633789063,151.542297363281,151.798294067383,0,0,136.971893310547,0,0,60.2301445007324,2.75150084495544,0,0,118.18864440918,0,0,57.5421409606934,0,0,39.0870399475098,0,0,0.93861997127533,0,0,22.2116680145264,7.50928354263306,0,0,86.5709609985352,0,69.3291931152344,0,0,447.139129638672,0,0,4933.55615234375
44007012401,3724.9345703125,284.530609130859,264.192169189453,0,0,206.355590820313,0,0,121.329551696777,3.88988280296326,0,0,207.274459838867,0,0,92.4054565429688,0,0,52.3901557922363,0,0,4.23951959609985,0,0,47.1304397583008,16.0418529510498,0,0,100.088134765625,0,85.1435546875,0,0,537.766906738281,0,13.3900003433228,5761.1025390625
44007012402,1451.7373046875,161.565780639648,96.9947052001953,0,0,77.3152084350586,0,0,50.2947959899902,0.881647109985352,0,0,76.9661178588867,0,0,37.598804473877,0,0,22.4961090087891,0,0,0.089599996805191,0,0,19.9369792938232,4.30860710144043,0,0,50.8075942993164,0,40.7649002075195,0,0,260.836883544922,0,0,2352.59497070313
44007012500,2583.80834960938,976.506591796875,316.129669189453,0,0,261.413146972656,0,0,274.936309814453,3.76867294311523,0,0,253.905715942383,0,0,118.507080078125,0,0,52.6229553222656,0,0,4.2960000038147,0,0,32.6480140686035,16.2220134735107,0,0,163.519943237305,0,126.29833984375,0,0,740.706481933594,0,0,5925.28955078125
44007012601,1043.35168457031,241.752777099609,395.269683837891,0,0,300.029602050781,0,0,112.606239318848,5.8825798034668,0,0,314.847595214844,0,0,263.288879394531,0,0,109.428092956543,0,0,36.4906158447266,0,0,130.834289550781,82.7995986938477,0,0,127.92098236084,0,125.234672546387,0,0,648.218627929688,0,0,3937.95556640625
44007012602,3599.04248046875,260.975677490234,391.956420898438,0,0,320.976684570313,0,0,117.473075866699,4.50443124771118,0,0,304.076141357422,0,0,110.517097473145,0,0,70.5275726318359,0,0,2.7078001499176,0,0,50.8428077697754,16.491117477417,0,0,138.785659790039,0,118.407173156738,0,0,695.4140625,0,0,6202.6982421875
44007012701,2740.44287109375,165.897399902344,160.938949584961,0,0,132.609329223633,0,0,66.6985015869141,1.60176956653595,0,0,127.080261230469,0,0,105.052421569824,0,0,49.7748565673828,0,0,12.9069805145264,0,0,50.1142387390137,27.6279182434082,0,0,81.7222061157227,0,69.9408187866211,0,0,435.094543457031,0,0,4227.50341796875
44007012702,2701.88134765625,154.393463134766,144.659637451172,0,0,112.629127502441,0,0,69.417121887207,1.99114906787872,0,0,113.020866394043,0,0,43.2219009399414,0,0,26.6670227050781,0,0,0.444799989461899,0,0,22.0718212127686,6.30119609832764,0,0,54.9668388366699,0,46.7998123168945,0,0,308.836059570313,0,0,3807.30224609375
44007012801,2594.47290039063,110.222434997559,154.632553100586,0,0,136.589584350586,0,0,53.0192260742188,3.16911602020264,0,0,119.665084838867,0,0,90.4486694335938,0,0,49.5667953491211,0,0,8.25082015991211,0,0,37.9686508178711,22.700927734375,0,0,90.0214233398438,0,76.6003036499023,0,0,445.037506103516,0,0,3992.36645507813
44007012802,1311.1328125,69.7806854248047,76.2293014526367,0,0,65.5182189941406,0,0,31.5418281555176,0.838472366333008,0,0,59.4815864562988,0,0,24.7180271148682,0,0,16.5822067260742,0,0,0.520780026912689,0,0,10.3330783843994,2.85594701766968,0,0,35.4540710449219,0,30.0049934387207,0,0,182.651062011719,0,0,1917.64306640625
44007012803,2631.11083984375,112.708518981934,126.800346374512,0,0,97.3172073364258,0,0,46.825496673584,1.95631194114685,0,0,100.049835205078,0,0,47.2946968078613,0,0,24.9318027496338,0,0,3.784019947052,0,0,23.4169235229492,10.8906259536743,0,0,43.0399894714355,0,37.2405853271484,0,0,254.006805419922,0,6.17999982833862,3567.5537109375
44007012900,2299.13647460938,77.1211013793945,98.2832946777344,0,0,104.980674743652,0,0,34.3556480407715,0.881600379943848,0,0,76.6961975097656,0,0,55.1804733276367,0,0,38.968147277832,0,0,2.51478004455566,0,0,18.2685985565186,7.96760129928589,0,0,85.7317886352539,0,71.2271118164063,0,0,408.893371582031,0,0,3380.20678710938
44007013001,2002.35974121094,30.4563293457031,43.7481918334961,0,0,36.0701026916504,0,0,11.3192834854126,1.44777595996857,0,0,34.7064590454102,0,0,32.4243507385254,0,0,14.7472047805786,0,0,3.59946012496948,0,0,14.5346517562866,10.0240411758423,0,0,20.5103244781494,0,18.5155906677246,0,0,133.81135559082,0,0,2408.27465820313
44007013002,3574.87548828125,205.936676025391,290.169799804688,0,0,227.321716308594,0,0,80.0020294189453,5.73373079299927,0,0,226.530426025391,0,0,96.6821899414063,0,0,52.202564239502,0,0,6.57762002944946,0,0,46.9629325866699,21.0401935577393,0,0,92.9846038818359,0,73.7300262451172,0,0,487.832794189453,0,313.119995117188,5801.70263671875
44007013101,2835.62670898438,70.7280502319336,75.8389282226563,0,0,58.3872413635254,0,0,24.8462066650391,1.4520959854126,0,0,59.3895835876465,0,0,22.8786010742188,0,0,13.4467630386353,0,0,0.245179995894432,0,0,11.5462379455566,4.36289691925049,0,0,25.7442321777344,0,22.24289894104,0,0,177.46142578125,0,15.4499988555908,3419.64672851563
44007013102,3075.88720703125,95.9977645874023,102.636978149414,0,0,76.3693389892578,0,0,34.761474609375,2.4839494228363,0,0,79.8209838867188,0,0,30.1843338012695,0,0,16.4044990539551,0,0,0.721759974956512,0,0,14.965313911438,6.87196397781372,0,0,29.9261646270752,0,25.306282043457,0,0,200.699798583984,0,52.5299987792969,3845.56811523438
44007013201,2411.02490234375,86.171630859375,74.5278854370117,0,0,65.3320236206055,0,0,31.6212711334229,1.29099595546722,0,0,58.30224609375,0,0,27.6618633270264,0,0,18.4613037109375,0,0,0.315439999103546,0,0,11.2622985839844,3.64557290077209,0,0,41.7224349975586,0,34.1500434875488,0,0,232.535034179688,0,0,3098.02490234375
44007013202,3182.66918945313,95.2026596069336,96.6139526367188,0,0,73.0809326171875,0,0,41.8459434509277,2.31535792350769,0,0,75.4111251831055,0,0,31.3739795684814,0,0,17.7948226928711,0,0,0.674139976501465,0,0,15.023624420166,7.25659418106079,0,0,34.3808174133301,0,29.2538928985596,0,0,223.402740478516,0,73.129997253418,3999.43017578125
44007013300,2535.91796875,74.596565246582,67.7758560180664,0,0,50.3143501281738,0,0,27.0637855529785,0.815598011016846,0,0,53.2268180847168,0,0,20.6023025512695,0,0,11.0052003860474,0,0,0.777800023555756,0,0,10.9707546234131,3.88542366027832,0,0,20.7534847259521,0,17.6874732971191,0,0,149.29655456543,0,52.5299987792969,3097.22021484375
44007013400,2085.78662109375,80.2475814819336,70.1807479858398,0,0,78.0513229370117,0,0,30.0258255004883,0.571049988269806,0,0,54.5150413513184,0,0,47.9473533630371,0,0,32.0982856750488,0,0,3.2810001373291,0,0,17.2066040039063,7.13621711730957,0,0,73.6173629760742,0,57.9309768676758,0,0,353.541900634766,0,10.3000001907349,3002.43798828125
44007013500,2220.27124023438,92.5693740844727,78.050895690918,0,0,88.6305770874023,0,0,36.8310394287109,0.529106378555298,0,0,61.714469909668,0,0,65.2892761230469,0,0,41.3766555786133,0,0,4.71360015869141,0,0,24.1972522735596,12.396879196167,0,0,87.8871765136719,0,70.0548782348633,0,0,419.288635253906,0,0,3303.80102539063
44007013600,1494.88537597656,248.632827758789,367.46435546875,0,0,269.918701171875,0,0,143.587615966797,8.74263572692871,0,0,282.250274658203,0,0,96.0343627929688,0,0,55.3297958374023,0,0,0.374940007925034,0,0,47.6033325195313,21.5987205505371,0,0,91.2997131347656,0,93.5542678833008,0,0,474.054931640625,0,0,3695.33178710938
44007013701,1914.01818847656,119.307182312012,116.985626220703,0,0,112.897041320801,0,0,53.7082824707031,1.47069704532623,0,0,90.617561340332,0,0,49.4813041687012,0,0,36.5517044067383,0,0,0.179680004715919,0,0,17.6548538208008,5.40712881088257,0,0,83.9102783203125,0,68.7322616577148,0,0,398.306274414063,0,0,3069.22802734375
44007013702,1453.55017089844,92.0909042358398,63.9095916748047,0,0,62.8530235290527,0,0,32.7096328735352,0.629495978355408,0,0,50.2912330627441,0,0,29.2444229125977,0,0,21.0118865966797,0,0,0.309599995613098,0,0,11.7743501663208,2.04936122894287,0,0,49.6486511230469,0,40.0432662963867,0,0,242.699371337891,0,0,2152.81469726563
44007013800,2676.08056640625,73.2443618774414,65.7256317138672,0,0,65.2424697875977,0,0,27.8692741394043,1.64329206943512,0,0,51.3423118591309,0,0,30.2723388671875,0,0,21.6768951416016,0,0,6.71999976038933E-02,0,0,10.5366106033325,3.3257143497467,0,0,50.3624801635742,0,40.6379623413086,0,0,268.523834228516,0,0,3386.55126953125
44007013900,1630.92822265625,207.214736938477,214.928161621094,0,0,171.414199829102,0,0,82.9291458129883,2.33150744438171,0,0,167.690811157227,0,0,62.9345932006836,0,0,39.8848609924316,0,0,0.474380016326904,0,0,31.4590129852295,8.711181640625,0,0,82.1137847900391,0,67.1112899780273,0,0,402.989074707031,0,0,3173.11499023438
44007014000,2690.01220703125,221.943252563477,177.141799926758,0,0,150.890899658203,0,0,77.3733444213867,1.1909339427948,0,0,138.79052734375,0,0,61.0225296020508,0,0,41.3037300109863,0,0,0.218139991164207,0,0,28.4230060577393,6.5117335319519,0,0,92.6461029052734,0,74.3351821899414,0,0,464.200744628906,0,19.5699996948242,4245.57421875
44007014100,1844.08361816406,166.175216674805,240.165969848633,0,0,221.218460083008,0,0,77.1774063110352,4.8036060333252,0,0,185.643447875977,0,0,84.7408828735352,0,0,60.7999877929688,0,0,0.428000003099442,0,0,30.2523918151855,11.2423124313354,0,0,132.981628417969,0,109.766159057617,0,0,604.671936035156,0,0,3774.15161132813
44007014200,1215.13244628906,297.176452636719,723.397033691406,0,0,511.958374023438,0,0,161.928649902344,3.17482209205627,0,0,578.509582519531,0,0,315.357086181641,0,0,139.216125488281,0,0,46.1156005859375,0,0,160.48681640625,104.498001098633,0,0,152.673858642578,0,140.37646484375,0,0,750.789855957031,0,0,5300.791015625
44007014300,2670.56298828125,111.587997436523,104.883308410645,0,0,90.8125534057617,0,0,54.3816795349121,1.42662596702576,0,0,81.1528015136719,0,0,37.5209197998047,0,0,26.3827495574951,0,0,0.107639998197556,0,0,16.3499851226807,4.25890445709229,0,0,59.0209007263184,0,49.9404678344727,0,0,316.430572509766,0,0,3624.82006835938
44007014400,2099.4794921875,85.1603317260742,66.2515411376953,0,0,63.6200942993164,0,0,30.5418167114258,0.660679221153259,0,0,52.1964836120605,0,0,30.7484951019287,0,0,21.0373058319092,0,0,0.688799977302551,0,0,12.6269025802612,3.05938768386841,0,0,49.3061065673828,0,38.4956932067871,0,0,254.405914306641,0,0,2808.27905273438
44007014501,2727.76635742188,56.9811172485352,55.7095069885254,0,0,40.9921836853027,0,0,20.8223495483398,1.038090467453,0,0,43.4422302246094,0,0,16.1498928070068,0,0,8.49415683746338,0,0,0.718659996986389,0,0,9.48211574554443,2.87668442726135,0,0,17.2648639678955,0,14.3693313598633,0,0,139.229309082031,0,6.17999982833862,3161.51684570313
44007014502,1995.30859375,94.8605346679688,104.96305847168,0,0,102.458137512207,0,0,32.3303031921387,2.4321665763855,0,0,80.9266662597656,0,0,46.4957695007324,0,0,33.4292869567871,0,0,0.333039999008179,0,0,14.1856250762939,8.21381950378418,0,0,73.9996185302734,0,61.6016960144043,0,0,354.018737792969,0,0,3005.55737304688
44007014600,3646.458984375,249.454818725586,304.487030029297,0,0,220.318649291992,0,0,137.710525512695,4.81557559967041,0,0,234.840393066406,0,0,85.3093109130859,0,0,48.185977935791,0,0,1.45342004299164,0,0,42.991039276123,20.2440166473389,0,0,81.0694198608398,0,81.502082824707,0,0,464.461669921875,0,0,5623.302734375
44007014700,2717.9423828125,222.537094116211,284.13818359375,0,0,267.484222412109,0,0,99.6025695800781,9.81890964508057,0,0,218.83642578125,0,0,120.780128479004,0,0,83.9396896362305,0,0,0.646799981594086,0,0,41.3660659790039,20.5080184936523,0,0,182.149383544922,0,149.470977783203,0,0,823.564147949219,0,17.5100002288818,5260.29443359375
44007014800,2808.81127929688,133.670989990234,106.317497253418,0,0,105.096183776855,0,0,47.099666595459,0.579149961471558,0,0,84.1611785888672,0,0,54.7385559082031,0,0,35.5329055786133,0,0,3.0178599357605,0,0,20.0857315063477,7.33829784393311,0,0,78.4662322998047,0,61.4372062683105,0,0,389.778137207031,0,11.3299999237061,3947.46069335938
44007015000,1771.40515136719,73.780632019043,103.236358642578,0,0,103.165077209473,0,0,35.3071098327637,2.68585562705994,0,0,79.5831985473633,0,0,43.9604301452637,0,0,32.8238182067871,0,0,5.35000003874302E-02,0,0,13.8113555908203,5.80250644683838,0,0,74.644401550293,0,58.7348518371582,0,0,344.854827880859,0,0,2743.8486328125
44007015100,1327.34606933594,210.603057861328,310.138946533203,0,0,263.356018066406,0,0,110.690925598145,13.029857635498,0,0,237.421722412109,0,0,125.147705078125,0,0,79.7223892211914,0,0,0,0,0,46.1970634460449,29.7798843383789,0,0,155.830581665039,0,131.915710449219,0,0,681.89501953125,0,0,3723.07470703125
44007015200,976.589721679688,152.174057006836,122.325103759766,0,0,130.264297485352,0,0,67.306510925293,0.299160003662109,0,0,95.7960510253906,0,0,65.916130065918,0,0,50.7802505493164,0,0,0.372380018234253,0,0,22.9953765869141,5.91020488739014,0,0,119.203460693359,0,96.2070541381836,0,0,523.01123046875,0,0,2429.15087890625
44007015300,822.402893066406,30.2906398773193,28.3859901428223,0,0,52.8329772949219,0,0,11.3844604492188,6.83999955654144E-02,0,0,22.2404708862305,0,0,27.7673168182373,0,0,25.2144107818604,0,0,1.92000009119511E-02,0,0,4.36446666717529,0.469117403030396,0,0,64.2943572998047,0,48.8261413574219,0,0,273.108123779297,0,0,1411.66906738281
44007015400,697.729614257813,42.5929222106934,55.0401725769043,0,0,64.4250030517578,0,0,35.5539817810059,0.508139967918396,0,0,41.5472869873047,0,0,33.8922920227051,0,0,27.5969314575195,0,0,0,0,0,7.52589178085327,4.80129432678223,0,0,62.6495742797852,0,52.4428253173828,0,0,270.947082519531,0,0,1397.2529296875
44007015500,1628.79931640625,55.1831207275391,70.6353149414063,0,0,88.2843246459961,0,0,34.3909301757813,1.09421992301941,0,0,54.1120758056641,0,0,43.1863822937012,0,0,35.8810615539551,0,0,0,0,0,9.17129802703857,4.34989643096924,0,0,84.8104095458984,0,68.4607086181641,0,0,378.836975097656,0,13.3900003433228,2570.58569335938
44007015600,1014.16674804688,53.6182098388672,46.3239707946777,0,0,57.6898536682129,0,0,21.918794631958,0.456696003675461,0,0,36.0727767944336,0,0,26.9075965881348,0,0,22.2653541564941,0,0,0,0,0,6.70330286026001,1.31267833709717,0,0,55.2569198608398,0,42.8136138916016,0,0,246.869491577148,0,0,1632.37585449219
44007015700,1887.63696289063,48.3349876403809,42.5178565979004,0,0,44.0483436584473,0,0,23.882116317749,0.590850055217743,0,0,33.3775024414063,0,0,22.5279884338379,0,0,16.7480297088623,0,0,0.089599996805191,0,0,6.92021465301514,3.17346739768982,0,0,38.1423454284668,0,30.2289791107178,0,0,198.568740844727,0,8.23999977111816,2405.02807617188
44007015800,1807.63488769531,211.49626159668,143.236175537109,0,0,122.455657958984,0,0,85.8415145874023,0.759304821491241,0,0,112.012710571289,0,0,64.4462966918945,0,0,42.0641746520996,0,0,0.245680004358292,0,0,28.694034576416,8.62086391448975,0,0,92.9697265625,0,79.4907455444336,0,0,446.690979003906,0,0,3246.65869140625
44007015900,1282.19348144531,130.940536499023,140.600692749023,0,0,117.566749572754,0,0,106.216903686523,0.550296008586884,0,0,106.155448913574,0,0,57.7345924377441,0,0,41.1973762512207,0,0,9.40199941396713E-02,0,0,20.410493850708,12.5561599731445,0,0,84.1860809326172,0,75.0612258911133,0,0,391.324981689453,0,0,2566.7890625
44007016000,1250.74304199219,115.911598205566,92.7368087768555,0,0,111.74405670166,0,0,44.1592292785645,1.75372195243835,0,0,72.2344741821289,0,0,57.4540977478027,0,0,45.1539115905762,0,0,0.115199998021126,0,0,16.64137840271,4.46345233917236,0,0,110.511993408203,0,87.6473770141602,0,0,485.760650634766,0,0,2497.03100585938
44007016100,1589.76379394531,89.5333557128906,99.5380706787109,0,0,131.550796508789,0,0,43.2265586853027,0.936633586883545,0,0,77.1292266845703,0,0,63.3480644226074,0,0,52.8822937011719,0,0,0.582400023937225,0,0,14.4279441833496,3.80057621002197,0,0,128.708251953125,0,102.26220703125,0,0,560.449829101563,0,18.5400009155273,2976.68017578125
44007016300,1452.05114746094,86.3612976074219,132.274490356445,0,0,101.878967285156,0,0,39.9286804199219,2.42915391921997,0,0,101.863327026367,0,0,34.1864242553711,0,0,20.6255550384521,0,0,0.100579999387264,0,0,15.9066724777222,8.37559795379639,0,0,39.0347900390625,0,32.306941986084,0,0,202.589309692383,0,10.3000001907349,2280.21313476563
44007016400,1587.01794433594,177.233108520508,303.934295654297,0,0,271.466827392578,0,0,96.710205078125,13.106861114502,0,0,233.300018310547,0,0,129.684967041016,0,0,83.3665313720703,0,0,1.88160002231598,0,0,46.011547088623,28.6237640380859,0,0,164.132415771484,0,138.110504150391,0,0,722.615356445313,0,9.27000045776367,4006.4658203125
44007016500,1904.93542480469,77.2131423950195,60.6266021728516,0,0,74.4280395507813,0,0,28.7514553070068,0.371033996343613,0,0,47.461368560791,0,0,34.2162132263184,0,0,28.3725509643555,0,0,0,0,0,9.07942581176758,1.09550201892853,0,0,70.5424194335938,0,54.464183807373,0,0,329.240600585938,0,0,2720.7978515625
44007016600,691.728759765625,32.784538269043,39.8323516845703,0,0,45.0792083740234,0,0,13.0210638046265,0.490813195705414,0,0,31.4530830383301,0,0,37.1786346435547,0,0,21.4622898101807,0,0,3.77016019821167,0,0,13.8092784881592,8.60537910461426,0,0,41.3012886047363,0,34.204216003418,0,0,188.663909912109,0,0,1203.38488769531
44007016700,1141.37976074219,258.046142578125,263.120086669922,0,0,226.372360229492,0,0,65.3952407836914,0.192780002951622,0,0,211.781433105469,0,0,113.203727722168,0,0,67.2893829345703,0,0,8.84307956695557,0,0,53.4366226196289,18.5134696960449,0,0,135.168395996094,0,102.301239013672,0,0,601.7802734375,0,0,3266.82373046875
44007016800,1526.27453613281,54.2740364074707,74.7451400756836,0,0,65.8238067626953,0,0,23.9495029449463,2.65113353729248,0,0,58.4062004089355,0,0,32.2279205322266,0,0,20.2260551452637,0,0,1.26045989990234,0,0,12.4559049606323,6.84191799163818,0,0,40.6897659301758,0,32.1901435852051,0,0,203.260543823242,0,0,2155.27734375
44007016900,1091.83728027344,28.752420425415,23.9185695648193,0,0,23.6568565368652,0,0,10.5601100921631,0.124200001358986,0,0,18.9183235168457,0,0,9.37292766571045,0,0,7.27057456970215,0,0,2.56000012159348E-02,0,0,3.62205719947815,0.227020010352135,0,0,17.7544269561768,0,14.1114883422852,0,0,98.1341400146484,0,0,1348.28601074219
44007017000,1985.07067871094,198.034149169922,241.594741821289,0,0,183.649047851563,0,0,85.620246887207,3.4383237361908,0,0,191.594589233398,0,0,86.6643905639648,0,0,47.7186470031738,0,0,5.67290019989014,0,0,41.512393951416,20.4107494354248,0,0,79.5828018188477,0,70.9459609985352,0,0,396.062469482422,0,181.279998779297,3818.85205078125
44007017100,1734.9189453125,249.994400024414,393.451232910156,0,0,306.165313720703,0,0,174.574829101563,8.76175117492676,0,0,300.682922363281,0,0,133.670867919922,0,0,81.7162551879883,0,0,2.65599989891052,0,0,55.5807952880859,34.5996131896973,0,0,144.884262084961,0,133.681610107422,0,0,680.896240234375,0,122.570007324219,4558.8046875
44007017300,1276.94116210938,144.937362670898,195.387115478516,0,0,175.382614135742,0,0,60.5894546508789,6.37085390090942,0,0,151.283218383789,0,0,74.2644805908203,0,0,49.9643020629883,0,0,0.24787999689579,0,0,29.0636463165283,11.1106309890747,0,0,105.184104919434,0,90.914794921875,0,0,482.969329833984,0,0,2854.61083984375
44007017400,1383.76525878906,41.396068572998,70.3546676635742,0,0,90.3472900390625,0,0,13.5296144485474,0.16237798333168,0,0,54.7550506591797,0,0,56.5780792236328,0,0,38.9477729797363,0,0,3.98600006103516,0,0,16.2766342163086,9.80034446716309,0,0,85.8902053833008,0,68.0537414550781,0,0,378.984985351563,0,0,2312.828125
44007017500,1457.1953125,41.8762321472168,40.1612586975098,0,0,59.8498191833496,0,0,17.4105548858643,0.519695997238159,0,0,31.0402793884277,0,0,31.8079299926758,0,0,26.738582611084,0,0,0.336000025272369,0,0,6.80454206466675,2.13861513137817,0,0,66.3850402832031,0,51.5509719848633,0,0,299.679229736328,0,0,2133.494140625
44007017600,825.4541015625,38.8717422485352,42.531379699707,0,0,64.0040893554688,0,0,21.911434173584,0.610653579235077,0,0,33.1418914794922,0,0,41.2183952331543,0,0,31.4892253875732,0,0,1.50080001354218,0,0,9.58200168609619,5.46860551834106,0,0,72.9529037475586,0,57.6301498413086,0,0,312.312561035156,0,0,1558.67993164063
44007017700,1814.26306152344,40.8180198669434,35.2626762390137,0,0,50.3663749694824,0,0,13.1926393508911,0.464435994625092,0,0,27.6993083953857,0,0,27.209508895874,0,0,21.7276496887207,0,0,0.622760057449341,0,0,6.45440292358398,1.81130957603455,0,0,53.5871696472168,0,41.1021118164063,0,0,254.455581665039,0,0,2389.03686523438
44007017800,1017.66473388672,12.2437601089478,21.6936473846436,0,0,48.109992980957,0,0,3.75042414665222,7.34400004148483E-02,0,0,17.3279876708984,0,0,43.8120040893555,0,0,29.6343116760254,0,0,4.18360042572021,0,0,11.5583982467651,7.61578845977783,0,0,65.2203826904297,0,51.7053489685059,0,0,283.51318359375,0,0,1618.10681152344
44007017900,1109.33190917969,65.9392166137695,111.517280578613,0,0,119.44921875,0,0,38.3766555786133,3.85999226570129,0,0,85.2984161376953,0,0,57.728458404541,0,0,42.7006416320801,0,0,0.61378002166748,0,0,15.7882032394409,9.06029033660889,0,0,94.5116271972656,0,76.3485412597656,0,0,409.372863769531,0,0,2239.89721679688
44007018000,1128.61450195313,255.169830322266,287.635009765625,0,0,257.987030029297,0,0,71.6171035766602,2.68275952339172,0,0,221.581741333008,0,0,115.787315368652,0,0,79.6018524169922,0,0,1.82466006278992,0,0,43.7402839660645,23.8031044006348,0,0,169.353424072266,0,140.416152954102,0,0,742.950256347656,0,0,3542.76513671875
44007018100,892.248168945313,85.0231399536133,155.985244750977,0,0,146.088729858398,0,0,53.8250007629395,0.749214053153992,0,0,119.628303527832,0,0,55.1335601806641,0,0,41.5462493896484,0,0,0.179199993610382,0,0,17.0722732543945,9.11995983123779,0,0,90.6893844604492,0,74.9843063354492,0,0,398.019226074219,0,0,2140.2919921875
44007018200,948.964477539063,32.9264678955078,21.8466777801514,0,0,51.3897438049316,0,0,7.75563669204712,0.319139987230301,0,0,17.5321388244629,0,0,29.6630783081055,0,0,26.7109565734863,0,0,0,0,0,4.02184009552002,0.351054012775421,0,0,68.9015197753906,0,53.2170524597168,0,0,293.835235595703,0,0,1557.43481445313
44007018300,527.083679199219,19.6360301971436,17.0945110321045,0,0,35.392032623291,0,0,7.56960296630859,1.31400004029274E-02,0,0,13.2255544662476,0,0,19.328441619873,0,0,17.687614440918,0,0,0,0,0,2.67576861381531,0.605853974819183,0,0,45.9247894287109,0,35.0483474731445,0,0,194.128631591797,0,0,935.413940429688
44007018400,2751.58837890625,148.110702514648,168.683151245117,0,0,157.343978881836,0,0,55.6316070556641,0.68147999048233,0,0,132.439300537109,0,0,84.8044204711914,0,0,51.7097320556641,0,0,7.11604022979736,0,0,35.9018020629883,14.2014255523682,0,0,106.732887268066,0,84.1656951904297,0,0,513.847290039063,0,0,4312.95751953125
44007018500,1217.24438476563,268.720458984375,360.254577636719,0,0,279.127868652344,0,0,98.3859939575195,2.56835150718689,0,0,283.427490234375,0,0,118.578498840332,0,0,65.0802230834961,0,0,8.51490020751953,0,0,60.5072059631348,24.2399158477783,0,0,113.62264251709,0,87.6929244995117,0,0,527.956481933594,0,38.1100006103516,3554.03247070313
44009041500,2693.89111328125,85.0639495849609,79.2292251586914,0,0,64.8383483886719,0,0,24.7277946472168,0.524177968502045,0,0,63.3748512268066,0,0,38.4143867492676,0,0,22.2351856231689,0,0,0.044939998537302,0,0,17.1738014221191,8.38146495819092,0,0,37.1577110290527,0,30.6384143829346,0,0,220.120758056641,0,0,3385.81591796875
44009050102,1358.33190917969,85.4323501586914,69.3594055175781,0,0,55.9568710327148,0,0,32.1108131408691,0.829133987426758,0,0,54.7229843139648,0,0,22.9883193969727,0,0,14.2786922454834,0,0,0.624180018901825,0,0,11.2125644683838,2.87559509277344,0,0,30.996862411499,0,25.2664337158203,0,0,166.922958374023,0,0,1931.90905761719
44009050103,2207.50512695313,486.056640625,751.771118164063,0,0,558.978454589844,0,0,313.46435546875,11.2283315658569,0,0,577.238586425781,0,0,201.35986328125,0,0,123.252754211426,0,0,0.439399987459183,0,0,94.9934692382813,45.6514282226563,0,0,207.842666625977,0,189.211456298828,0,0,990.262512207031,0,309,7068.25732421875
44009050104,2319.46069335938,55.4332466125488,61.2658195495605,0,0,44.6917343139648,0,0,22.2368831634521,1.07132399082184,0,0,47.744743347168,0,0,16.410514831543,0,0,8.86145210266113,0,0,0.318859994411469,0,0,9.38368797302246,3.01430368423462,0,0,15.9233903884888,0,13.9498805999756,0,0,124.802444458008,0,28.8400001525879,2773.4091796875
44009050301,2512.97607421875,214.450744628906,183.08186340332,0,0,147.271743774414,0,0,72.8221740722656,0.784421980381012,0,0,144.820205688477,0,0,74.4870986938477,0,0,40.8150215148926,0,0,5.0013599395752,0,0,38.949462890625,12.0755882263184,0,0,80.2155532836914,0,66.3634796142578,0,0,418.241241455078,0,0,4012.35620117188
44009050302,1708.65063476563,154.94026184082,149.131393432617,0,0,121.215370178223,0,0,51.5188865661621,0.730727970600128,0,0,117.085021972656,0,0,43.6763954162598,0,0,28.896390914917,0,0,0.361519992351532,0,0,23.0018463134766,4.24797916412354,0,0,65.2208938598633,0,51.123893737793,0,0,324.407867431641,0,0,2844.20947265625
44009050401,2754.41479492188,68.4282379150391,67.5326614379883,0,0,50.5204124450684,0,0,34.4383163452148,1.15558195114136,0,0,52.4472122192383,0,0,18.13037109375,0,0,10.8431825637817,0,0,0,0,0,8.55758285522461,3.22738337516785,0,0,20.6187744140625,0,19.6067962646484,0,0,154.028396606445,0,0,3263.94946289063
44009050402,1954.38818359375,61.7779884338379,54.2568244934082,0,0,47.8069534301758,0,0,21.2737808227539,0.742409944534302,0,0,42.9078102111816,0,0,23.8109016418457,0,0,14.7043199539185,0,0,1.15978002548218,0,0,10.1024780273438,3.9685685634613,0,0,31.1186237335205,0,25.1380977630615,0,0,174.9833984375,0,0,2468.1396484375
44009050500,3470.27587890625,124.039009094238,129.593338012695,0,0,102.061836242676,0,0,41.6438674926758,1.96435785293579,0,0,102.818420410156,0,0,70.7710571289063,0,0,32.8088150024414,0,0,7.91738033294678,0,0,34.0204887390137,19.1060161590576,0,0,51.6392936706543,0,45.5955543518066,0,0,311.832733154297,0,147.289993286133,4693.37744140625
44009050600,4191.2041015625,196.324813842773,272.335601806641,0,0,198.818481445313,0,0,76.8234024047852,9.64497566223145,0,0,211.671722412109,0,0,79.8548049926758,0,0,42.0769653320313,0,0,0.931580007076263,0,0,38.2350730895996,22.4289627075195,0,0,67.901611328125,0,58.7111587524414,0,0,391.773132324219,0,124.629997253418,5983.36572265625
44009050700,4696.87744140625,165.430404663086,181.871826171875,0,0,139.535049438477,0,0,72.1657028198242,4.24342823028564,0,0,141.294479370117,0,0,57.0198249816895,0,0,33.4992370605469,0,0,0.850779950618744,0,0,26.4391651153564,12.4713315963745,0,0,65.1484985351563,0,56.7040824890137,0,0,390.28759765625,0,89.6100006103516,6133.4482421875
44009050801,2777.25634765625,180.878311157227,173.676696777344,0,0,189.456207275391,0,0,71.808723449707,2.15607953071594,0,0,136.181869506836,0,0,97.7466812133789,0,0,71.0564956665039,0,0,3.05006003379822,0,0,32.0137367248535,11.4357271194458,0,0,164.547119140625,0,129.511642456055,0,0,746.2353515625,0,0,4787.01123046875
44009050802,2309.16088867188,192.392227172852,226.27262878418,0,0,176.949829101563,0,0,79.4999465942383,4.67226028442383,0,0,178.155151367188,0,0,87.1361312866211,0,0,48.2752914428711,0,0,5.33468008041382,0,0,42.3697738647461,19.8448734283447,0,0,85.4860458374023,0,70.2418518066406,0,0,425.005432128906,0,29.8700008392334,3980.66821289063
44009050901,3223.71411132813,129.417053222656,138.444717407227,0,0,121.358734130859,0,0,52.4192161560059,2.28907775878906,0,0,108.335899353027,0,0,47.8280181884766,0,0,32.5370254516602,0,0,0.42560002207756,0,0,19.142333984375,6.01026248931885,0,0,70.3202209472656,0,54.8372764587402,0,0,368.899627685547,0,13.3900003433228,4389.369140625
44009050902,3370.42919921875,136.892776489258,266.351837158203,0,0,195.514831542969,0,0,66.1614837646484,14.1076641082764,0,0,205.457824707031,0,0,91.8756103515625,0,0,46.5627937316895,0,0,2.09296011924744,0,0,41.4477691650391,29.9240894317627,0,0,69.1444396972656,0,60.3194885253906,0,0,371.949249267578,0,14.4200000762939,4982.65185546875
44009051000,3427.83129882813,65.8655395507813,71.9260177612305,0,0,58.3992233276367,0,0,21.4919509887695,0.810890018939972,0,0,57.7005882263184,0,0,37.2688865661621,0,0,20.2056827545166,0,0,1.37581992149353,0,0,16.7531871795654,9.19357490539551,0,0,31.0281467437744,0,26.7724952697754,0,0,209.283599853516,0,0,4055.90649414063
44009051101,4021.5537109375,91.3476181030273,77.3895492553711,0,0,62.5268630981445,0,0,34.1406021118164,1.361123919487,0,0,60.6692352294922,0,0,30.23708152771,0,0,17.5244617462158,0,0,1.0579000711441,0,0,14.5268650054932,5.53418302536011,0,0,35.3535118103027,0,29.6494903564453,0,0,244.580673217773,0,94.7600021362305,4822.21337890625
44009051102,3111.32836914063,61.0124206542969,60.1313858032227,0,0,57.0328216552734,0,0,20.3601741790771,0.975690007209778,0,0,47.5303115844727,0,0,27.2131900787354,0,0,18.368293762207,0,0,0.743439972400665,0,0,9.92768478393555,3.92505049705505,0,0,40.2899284362793,0,31.9834156036377,0,0,235.303787231445,0,0,3726.12573242188
44009051201,2320.48559570313,173.263702392578,184.130676269531,0,0,145.510665893555,0,0,53.3739242553711,5.30110740661621,0,0,143.311859130859,0,0,78.36376953125,0,0,40.5660514831543,0,0,5.00074005126953,0,0,38.1640434265137,18.1307468414307,0,0,75.3318786621094,0,63.2363471984863,0,0,385.81298828125,0,0,3729.98413085938
44009051202,2373.97192382813,368.037750244141,335.57958984375,0,0,270.615692138672,0,0,134.495803833008,1.98278272151947,0,0,265.017852783203,0,0,107.984405517578,0,0,68.5082855224609,0,0,3.08317995071411,0,0,54.986255645752,13.9070796966553,0,0,146.037948608398,0,114.367790222168,0,0,697.754577636719,0,0,4956.33056640625
44009051302,5437.21923828125,118.276260375977,113.93147277832,0,0,83.3997344970703,0,0,41.8742294311523,3.04509973526001,0,0,89.1637802124023,0,0,32.2983360290527,0,0,17.2712898254395,0,0,0,0,0,17.9278049468994,6.0920615196228,0,0,31.8055095672607,0,26.5676116943359,0,0,259.954742431641,0,89.6100006103516,6368.43701171875
44009051304,1230.52392578125,30.9944190979004,24.3546504974365,0,0,17.6601905822754,0,0,10.5995683670044,0.652140021324158,0,0,19.2044773101807,0,0,7.65233325958252,0,0,3.79203248023987,0,0,0.111999996006489,0,0,3.98481178283691,1.5992419719696,0,0,7.04279088973999,0,6.35664844512939,0,0,60.1447715759277,0,142.139999389648,1566.81408691406
44009051305,2237.375,92.3839569091797,78.1853256225586,0,0,68.9354095458984,0,0,27.1963081359863,0.901781916618347,0,0,62.4729461669922,0,0,48.3287658691406,0,0,25.9449996948242,0,0,3.93291997909546,0,0,22.0019512176514,10.6675729751587,0,0,48.5033645629883,0,40.984561920166,0,0,263.273040771484,0,28.8400001525879,3059.92797851563
44009051306,3522.25122070313,177.11181640625,212.782119750977,0,0,150.466598510742,0,0,90.7425155639648,2.49292278289795,0,0,165.359481811523,0,0,69.0957946777344,0,0,35.3587875366211,0,0,4.21384048461914,0,0,35.6531867980957,18.6652736663818,0,0,56.2819328308105,0,52.6562118530273,0,0,339.62841796875,0,0,4932.76025390625
44009051400,370.038238525391,175.652282714844,813.80908203125,0,0,619.562561035156,0,0,9.67379856109619,8.53019878268242E-02,0,0,647.094970703125,0,0,646.266662597656,0,0,240.391738891602,0,0,137.93830871582,0,0,313.609039306641,232.972259521484,0,0,296.29296875,0,266.008575439453,0,0,1378.39721679688,0,0,6147.7939453125
44009051502,4848.25537109375,131.930603027344,142.056747436523,0,0,106.037338256836,0,0,60.5024757385254,3.46795177459717,0,0,110.633415222168,0,0,44.6558113098145,0,0,25.6949520111084,0,0,0,0,0,21.2508487701416,9.85282325744629,0,0,45.8306922912598,0,41.6998672485352,0,0,309.585815429688,0,21.6299991607666,5923.083984375
44009051503,3022.7314453125,129.622131347656,109.454498291016,0,0,107.705200195313,0,0,46.3725204467773,0.691138803958893,0,0,86.6732635498047,0,0,52.8807106018066,0,0,37.1753807067871,0,0,1.30366015434265,0,0,20.2325267791748,6.02066326141357,0,0,83.9222183227539,0,68.0572357177734,0,0,420.122497558594,0,0,4192.96484375
44009051504,4172.556640625,128.245986938477,132.082595825195,0,0,108.044906616211,0,0,49.010684967041,1.38830399513245,0,0,103.9990234375,0,0,37.7134437561035,0,0,24.6728820800781,0,0,0.156800001859665,0,0,18.2034702301025,3.4957447052002,0,0,51.0410537719727,0,43.1836738586426,0,0,314.839904785156,0,28.8400001525879,5217.474609375

