Tract,RES1F,RES2F,RES3AF,RES3BF,RES3CF,RES3DF,RES3EF,RES3FF,RES4F,RES5F,RES6F,COM1F,COM2F,COM3F,COM4F,COM5F,COM6F,COM7F,COM8F,COM9F,COM10F,IND1F,IND2F,IND3F,IND4F,IND5F,IND6F,AGR1F,REL1F,GOV1F,GOV2F,EDU1F,EDU2F,TotalSqft
46003973600,1707.7,111.18,23.022,56.276,5.509,0,0,0,30.723,30.6,15.301,50.73,100.178,45.126,47.989,13.91,0,6.966,42.203,0,0,4.446,17.858,12,1,0,15.056,210.11,28.248,44.71,8.869,37.352,2.033,2669.095
46005956600,1046.96,116.63,28.138,25.58,5.509,0,0,0,0,177.9,0,10.613,39.098,8.172,42.03,0,0,0,12.627,0,0,2.1,2.759,5.3,0,0,51.769,278.287,34.843,1.207,0.355,22.791,0,1912.668
46005956700,1254.4,73.03,12.79,25.58,5.509,0,0,0,0,0,0,30.83,34.058,16.435,30.062,4.066,0,0.594,8.473,0,0,21.4,0.92,10.1,0,0,18.8,200.67,28.187,0.806,20.221,29.647,0,1826.578
46005956800,699.18,144.97,12.79,0,27.545,121.198,0,0,18.618,5.6,0,231.374,176.776,69.012,41.747,0,0,1.781,15.409,0,0,268.201,17.701,50.199,3.5,0,48.665,38.798,12.84,41.41,5.777,11.342,0,2064.433
46005956900,1219.05,18.53,158.596,51.16,66.108,77.126,107.032,0,86.455,67,15.087,176.698,17.245,131.342,77.981,27.767,50.397,192.172,58.506,13.589,0,39.4,68.779,8.1,0,0,48.45,6.896,157.849,70.877,10.997,62.847,43.876,3129.912
46005957000,2614.57,150.42,158.596,184.176,22.036,110.18,160.548,59.025,84.957,133.7,43.656,187.341,103.873,53.881,90.966,3.187,0,18.35,133.071,0,0,9.8,23.24,2.113,0,0,47.915,37.548,71.617,17.571,0,39.911,0,4562.248
46005957100,1730.92,28.34,46.044,20.464,82.635,33.054,0,0,15.408,0,0,62.83,46.223,29.086,45.09,4.899,0,15.194,28.444,0,0,0,6.02,0,0,0,16.516,8.735,76.573,0,0,0.651,0,2297.126
46007941000,540.682,80.66,17.906,20.464,33.054,0,26.758,0,5.243,25.9,0,15.301,11.342,0,3.894,6.099,0,0,2.461,0,0,0,3.6,0,0,0,21.284,4.2,10.199,10.274,0,25.241,0,864.562
46007941200,727.818,128.62,15.348,15.348,0,0,0,0,14.98,0,28.997,43.696,12.519,17.815,26.705,0,0,3.745,7.704,1.498,0,0,4,8,0,0,6.657,59.64,16.799,5.759,10.643,45.785,0,1202.076
46009967600,1938.1,97.01,5.116,10.232,60.599,22.036,0,0,0,189.8,31.993,106.398,81.363,79.865,87.745,13.054,80.25,10.86,41.743,0,0,7.3,13.1,0,0,0,28.737,188.095,48.471,18.862,19.512,32.421,0,3212.662
46009967700,1389.33,67.58,25.58,10.232,60.599,11.018,0,0,25.038,128.4,8.56,120.02,31.993,50.072,34.366,8.239,0,4.066,18.495,0,0,6.5,6,0,0,0,15.798,205.696,44.94,9.886,9.934,21.67,0,2314.012
46011958600,1989.18,134.07,25.58,35.812,77.126,44.072,0,0,22.042,161.7,6.42,61.665,192.257,43.158,90.232,20.009,0,10.507,46.049,0,0,77.447,249.539,20,16.296,0,74.44,226.393,65.586,9.261,0,61.982,0,3760.823
46011958700,2762.92,303.02,20.464,81.856,82.635,11.018,0,0,3.856,0,85.6,75.259,82.861,35.353,76.967,13.375,1.926,1.605,76.428,0,0,7.946,9.6,5.5,1.53,0,32.423,253.415,52.109,18.557,19.157,8.56,0,4123.941
46011958802,1641.4,458.89,207.198,163.712,302.995,253.414,160.548,0,7.811,461.6,29.853,267.659,79.282,247.938,260.741,51.658,3.317,28.099,129.158,37.236,0,31.346,64.199,0,0,0,123.035,100.883,143.701,51.923,23.24,94.204,55.319,5480.36
46011958803,1778.65,329.18,0,25.58,33.054,143.234,26.758,0,0,2.8,0,101.923,29.436,17.087,48.337,0,0,5.222,27.269,0,0,7,4.54,3.201,0,0,31.199,13.318,19.581,20.865,0,0,0,2668.234
46011958900,1770.22,0,102.32,138.132,242.396,154.252,240.822,0,427.097,915.9,45.475,145.347,28.174,62.623,89.495,5.404,0,36.615,135.006,0,0,169.8,66.8,24.4,0,0,18.816,39.82,137.749,26.707,5.029,47.313,282.801,5358.512
46011959000,1799.29,237.62,33.254,40.928,88.144,275.45,240.822,59.025,0,0,0,88.382,14.873,20.949,39.45,0,0,1.605,12.97,0,0,1.223,6.559,88.6,0,0,38.553,15.08,57.994,0,0,47.853,0,3208.624
46013951300,2435.78,164.59,58.834,122.784,143.234,165.27,0,59.025,115.787,249.5,16.799,189.587,63.071,44.173,102.916,0,33.705,56.603,58.076,0,0,2,6.1,12.6,0,0,39.619,26.055,69.927,0,0,42.8,37.45,4316.285
46013951400,2988.67,67.58,79.298,199.524,165.27,22.036,53.516,59.025,68.487,2,0,82.57,126.179,105.091,120.549,9.416,1.712,15.954,74.722,0,0,458.869,359.538,8.3,1.53,0,62.484,3.83,65.234,0,1.284,40.57,0,5243.238
46013951500,779.074,0,66.508,199.524,253.414,77.126,53.516,118.05,135.651,14.8,0,365.961,290.644,164.872,395.177,34.002,354.491,88.049,147.534,0,0,33.169,55.89,4.226,0,0,103.599,5.798,53.821,77.95,9.416,95.132,0,3977.394
46013951600,1821.74,0,63.95,250.684,203.833,88.144,0,0,12.305,248,0,21.888,30.832,59.466,41.203,0,0,10.165,14.995,0,0,5.2,0.92,0,0,0,71.73,13.337,50.915,1.088,0,117.248,0,3127.643
46013951700,1812.97,406.57,66.508,199.524,11.018,11.018,26.758,0,72.867,0,0,251.958,90.235,75.431,59.202,0,0,1.177,21.692,0,0,7.4,5.5,2.9,0,0,44.139,26.899,33.491,40.268,0,29.1,0,3296.625
46013951800,2067.35,141.7,0,153.48,176.288,143.234,214.064,118.05,125.518,74.9,14.552,453.052,94.972,117.696,79.064,22.684,0,23.572,93.344,0,0,1.9,15.858,25.4,0,0,22.487,23.478,33.385,21.625,5.778,26.104,0,4289.534
46013951900,1769.36,140.61,53.718,76.74,27.545,22.036,0,0,0,121.8,5.564,85.078,103.565,46.186,76.574,3.852,0,1.98,52.091,0,0,6.2,10.898,6.3,0,0,23.695,259.21,47.401,15.397,15.61,47.615,0,3019.025
46013952000,2601.67,281.22,30.696,15.348,0,0,0,0,28.797,0,0,51.541,129.331,16.196,79.29,9.844,0,3.172,29.697,0,0,40.091,5.439,19.2,0,0,44.4,350.265,42.834,16.26,17.029,32.762,0,3845.082
46015973100,1356.82,202.74,15.348,51.16,0,0,0,0,48.471,0.7,5.029,26.509,44.737,19.118,49.89,0.577,0,3.082,22.47,0,0,4.9,0.99,4.6,0,0,19.349,273.495,15.943,3.624,6.031,6.313,0,2181.896
46015973200,1171.58,188.57,76.74,46.044,60.599,44.072,26.758,0,69.764,65.3,4.708,195.883,84.546,106.249,86.076,16.799,29.746,27.06,61.899,0,0,2.823,16.3,7.6,3.061,0,47.508,44.144,30.699,46.037,15.609,104.325,0,2680.499
46017940200,635.97,51.23,33.254,15.348,5.509,22.036,0,0,0,2.1,0,13.909,3.638,19.431,26.044,0,0,19.26,21.401,0,0,0,0,0,0,0,1.1,24.58,12.406,74.363,0,13.803,0,995.3819
46019967600,1358.37,408.75,0,0,0,22.036,0,0,12.526,5.6,0,42.351,67.42,24.586,34.217,0,0,2.675,21.914,0,0,39.2,4.259,7.3,31.7,0,31.9,109.709,14.766,6.33,15.255,5.136,0,2266
46019967700,3030.73,725.94,138.132,117.668,16.527,55.09,53.516,0,82.504,72.1,9.523,156.847,94.09,116.39,130.672,26.001,0,13.268,74.542,1.498,0,33.3,23.74,0,0.48,0,36.314,20.724,62.235,24.822,2.247,25.134,0,5144.034
46021964100,1118.43,184.21,12.79,5.116,5.509,0,0,0,28.569,0,6.848,34.427,60.781,24.998,25.006,9.523,0,2.568,15.376,0,0,7.2,7.339,11.8,4.6,0,10.28,151.3,21.721,5.229,1.419,20.116,0,1775.155
46023940200,1366.45,125.35,30.696,15.348,33.054,0,0,0,15.301,154.8,12.626,38.861,11.785,49.072,43.598,6.955,4.28,4.018,368.018,0,0,2.446,3,0,0,0,9.7,122.842,52.892,51.585,0,51.36,5.243,2579.28
46023940300,1301.61,120.99,12.79,25.58,38.563,55.09,53.516,0,79.287,103.6,31.886,124.42,79.436,67.784,40.83,4.173,55.105,8.924,26.806,0,0,2.446,6.898,0,0,0,14.818,161.298,34.381,14.924,2.14,6.634,0,2473.929
46023970100,1669.78,33.79,7.674,25.58,33.054,0,0,0,27.83,87.6,4.601,130.473,87.141,61.096,86.261,14.338,10.7,18.971,55.09,0,0,32.35,14.32,11.3,0,0,25.898,221.432,60.99,14.606,9.934,49.764,0,2794.573
46025955800,2032.78,132.98,23.022,92.088,44.072,0,0,0,19.688,342.3,38.306,91.559,81.224,38.882,70.818,17.869,0,6.12,16.577,0,0,32.9,28.02,120,0,0,40.249,256.001,55.246,17.409,9.579,40.767,2.568,3651.024
46027965700,1825.09,432.73,133.016,199.524,99.162,198.324,53.516,0,44.084,67.2,0,154.695,47.214,60.315,168.945,0,0,16.484,81.949,0,0,24.2,28.64,0,0,0,27.307,42.329,30.409,2.354,0,24.717,0,3762.204
46027965800,1868.44,162.41,0,10.232,11.018,0,0,0,5.35,59.5,32.742,17.976,39.685,38.697,64.422,5.671,0,4.789,34.668,0,0,6.9,4.42,0,0,0,25.079,198.805,52.638,2.819,0,20.85,5.671,2672.782
46027965900,1072.42,118.81,283.938,209.756,110.18,121.198,107.032,59.025,73.937,844,0,95.143,3.317,71.975,95.745,18.511,0,16.698,77.874,22.684,0,0,11.52,0,0,0,24.29,5.1,191.075,29.789,0,72.877,116.63,3853.524
46029954100,1722.92,93.74,0,30.696,33.054,0,0,0,0,7,4.815,22.529,86.702,25.433,33.784,0,0,12.16,29.837,0,0,51.347,0,0,0,0,35.388,166.469,11.235,23.948,0,28.141,0,2419.198
46029954301,1997.69,11.99,99.762,127.9,49.581,110.18,26.758,118.05,29.111,42.7,0,52.014,17.976,63.04,54.526,0,108.843,29.811,15.529,0,0,1.7,40.7,10.8,0,0,64.359,11.238,19.538,0.706,0,74.258,17.548,3196.308
46029954302,2736.86,10.9,143.248,40.928,44.072,11.018,53.516,0,0,3.5,36.808,25.245,15.734,41.723,61.242,8.988,278.2,26.001,7.597,0,0,1.9,2.9,0,0,0,31.807,20.755,76.398,0,0,36.166,0,3715.506
46029954400,2187.67,69.76,150.922,424.628,60.599,44.072,80.274,118.05,32.421,143.6,150.977,489.123,219.73,159.883,144.196,34.55,0,79.287,145.482,1.161,0,41,28.4,19.8,0,0,56.205,13.61,105.167,49.384,10.914,26.545,0,5087.409
46029954501,383.13,691.06,0,15.348,0,0,26.758,0,85.707,25.2,11.663,450.918,114.545,76.138,337.546,12.626,0,16.457,104.989,15.088,0,146.5,124,79.1,0,0,70.263,26.099,17.762,13.289,0,0,0,2844.186
46029954502,2575.36,406.57,46.044,35.812,66.108,0,53.516,0,34.561,10.5,0,112.291,211.999,115.389,114.551,0,0,6.848,60.997,1.161,0,735.7,288.4,0,34.9,0,71.759,42.112,28.462,11.374,0,12.626,0,5077.04
46029954600,1362.24,119.9,0,15.348,5.509,0,0,0,0,0,6.313,25.079,17.778,17.586,28.446,4.815,0,2.14,10.7,0,0,12.468,0,0,0,0,37.09,158.971,42.485,4.43,8.869,21.614,0,1901.781
46031941000,779.16,114.45,0,10.232,5.509,0,0,0,2.568,0,0,24.864,40.243,20.142,20.005,7.918,0,2.14,15.752,0,0,1.8,5.82,0,0,0,12.359,96.445,26.963,13.287,27.671,41.302,6.206,1274.836
46031941100,813.99,124.26,12.79,20.464,33.054,0,0,0,0,0.7,0,10.486,1.182,17.481,2.075,0,0,0,1.07,0,0,0,6.4,0,0,0,1.5,3.08,13.161,3.802,0,13.375,0,1078.87
46033965100,3770.93,717.22,25.58,25.58,0,0,26.758,0,125.242,11.1,0,45.207,24.139,19.675,48.023,1.154,0,2.851,104.772,0,0,31.676,9,0,0,0,49.217,75.738,35.952,31.224,6.741,23.218,0,5210.997
46033965200,1563.91,158.05,7.674,86.972,16.527,88.144,0,0,140.294,76.2,25.038,107.106,14.466,39.983,89.705,6.741,16.692,9.309,71.56,0,0,25.064,13.02,0,0,0,24.597,4.278,35.738,50.692,3.21,41.214,0,2716.184
46035962600,1729.12,67.58,7.674,25.58,0,0,0,0,11.135,0,0,50.838,33.1,23.813,28.202,2.354,0,0,4.523,0,0,9,2.4,3.813,0,0,30.866,194.792,14.231,5.235,2.129,31.779,0,2278.164
46035962700,2277.88,18.53,0,143.248,148.743,319.522,187.306,59.025,27.934,18.2,19.474,397.368,79.426,72.64,223.769,6.741,0,49.065,51.306,0,0,87.6,10.3,3,0,15.3,63.318,24.327,46.76,22.031,0,38.948,2.033,4413.793
46035962800,2890.89,127.53,104.878,122.784,132.216,154.252,53.516,0,12.198,118.6,6.634,190.615,87.847,118.274,183.119,24.396,7.917,52.858,75.09,69.871,0,67.2,30.139,0,0,0,107.791,6.9,145.728,19.317,0,30.281,0,4940.841
46035962900,1678.29,360.79,150.922,204.64,66.108,33.054,53.516,59.025,245.894,218.5,5.671,328.081,115.265,175.21,109.477,17.227,0,39.109,106.091,0,0,146.346,68.6,34.6,0,0,53.287,43.571,101.611,13.589,0,32.314,36.808,4497.596
46037952700,1088.76,44.69,0,5.116,11.018,0,0,0,14.562,54.6,20.437,35.262,33.709,20.083,24.502,5.243,0,0,12.929,0,0,1.6,0,0,1.9,0,11.098,160.358,19.474,7.381,32.282,12.626,0,1617.63
46037952800,1043.61,19.62,53.718,153.48,27.545,44.072,26.758,0,3.317,36.1,0,113.527,69.053,50.331,59.757,6.474,21.4,8.945,23.968,4.28,0,40.599,39.301,0,0,0,27.747,21.467,55.203,28.719,6.386,30.709,0,2016.086
46037952900,1758.27,233.26,0,15.348,0,0,0,0,343.684,0,0,45.374,19.924,23.422,20.276,4.601,17.013,6.571,24.861,0,0,4.5,6.839,0,15.303,0,17.321,114.743,18.511,13.717,0,27.071,0,2730.609
46039953600,1958.74,141.7,23.022,25.58,22.036,0,0,0,68.052,0,0,80.438,52.761,33.76,61.735,15.194,0,0,32.536,0,0,35.3,35.578,39.7,0,0,31.66,211.179,31.137,21.074,14.545,20.852,0,2956.579
46039953700,840.564,11.99,2.558,35.812,33.054,44.072,0,0,5.885,35,43.228,30.709,14.231,21.961,12.776,6.848,0,0,13.336,0,0,5,5.1,0,0,0,4.8,9.6,45.261,22.417,0,0,0,1244.202
46041941500,703.394,170.04,23.022,15.348,0,0,53.516,0,0,5.5,0,0,0,0.749,0,1.154,0,0,0,0,0,0,0,0,0,0,0,0,0,0,0,0,0,972.723
46041941700,1208.47,207.1,0,30.696,11.018,11.018,0,0,23.433,0,0,50.297,47.524,27.572,27.238,10.457,21.186,11.353,7.918,0,0,6.2,6.02,6.981,0,0,10.85,90.789,21.85,13.345,14.19,76.72,0,1942.225
46043969600,1857.08,93.74,17.906,35.812,27.545,0,26.758,0,8.881,124.6,17.655,93.016,120.611,93.555,57.086,11.342,14.338,6.42,11.342,0,0,55.1,20.8,13.6,0.5,0,30.157,316.162,59.667,27.511,8.159,57.144,0,3206.487
46045962100,1318.9,100.28,5.116,20.464,27.545,11.018,0,0,11.77,254.9,15.195,38.935,25.136,26.345,43.054,5.35,0,2.14,14.552,0,0,6.6,12.339,2.7,0,0,30.728,155.076,41.978,37.674,0,20.972,0,2228.767
46045962200,1066.83,81.75,0,35.812,16.527,0,0,0,0,34.3,18.19,36.373,98.981,59.096,44.753,11.556,0,12.841,6.664,0,0,2.1,2,5.3,0,0,11.9,175.12,31.03,7.93,11.352,16.059,0,1786.464
46047964100,2013.17,401.12,5.116,0,11.018,11.018,0,59.025,40.018,2.8,0,74.486,25.798,50.177,67.475,3.103,0,9.416,73.822,0,0,5.6,6.3,0,20.9,0,26.232,71.787,70.192,28.524,30.864,43.549,0,3151.51
46047964200,1726.54,353.16,20.464,122.784,71.617,33.054,0,177.075,96.407,147,13.91,166.524,21.298,46.374,67.262,11.984,0,23.814,38.825,4.906,0,1.5,18.738,0,0,0,44.163,9.838,91.96,34.711,9.236,49.88,0,3403.023
46049961100,1264.46,95.92,30.696,61.392,33.054,11.018,0,0,21.828,346.7,19.688,51.379,53.515,29.349,36.635,5.778,25.68,7.469,13.008,0,0,8.2,4.3,1.9,0,0,20.079,290.654,49.737,40.37,9.933,52.772,0,2585.514
46051953100,2677.27,175.49,97.204,153.48,148.743,66.108,26.758,0,41.623,64.4,40.125,360.731,79.924,100.621,213.174,13.268,0,18.082,99.775,2.675,0,14,14.7,42.3,0,0,58.988,149.276,89.936,24.42,3.548,54.17,0,4830.788
46051953300,1235.3,115.54,10.232,20.464,0,0,0,0,0,0,0,53.948,23.09,21.324,23.41,4.601,0,2.354,4.387,0,0,4.2,0,0,9.6,0,25.99,345.555,37.343,3.222,10.999,18.218,0,1969.777
46053971100,1220.34,140.61,23.022,10.232,27.545,11.018,0,0,13.482,29.4,20.223,79.715,92.159,43.898,40.553,1.712,0,15.039,42.675,0,0,9.6,10.42,0,0,0,29.772,134.706,45.582,30.991,0,25.708,0,2098.402
46053971200,1514.46,106.82,2.558,20.464,27.545,0,0,0,18.618,1.4,0,73.647,44.523,31.64,43.989,11.877,11.77,6.313,30.441,0,0,13.7,1.2,2.1,0,0,32.22,148.829,24.183,23.123,4.28,32.323,0,2228.023
46055960100,1321.99,134.07,12.79,0,11.018,11.018,0,0,28.462,25.2,3.317,82.839,50.932,45.132,29.113,16.264,0,27.285,19.278,0,0,133.6,18.037,0,0,0,18.839,177.05,41.043,24.597,14.19,54.891,0,2300.955
46057955100,1878.76,95.92,12.79,20.464,33.054,0,0,0,6.741,102.2,17.441,48.888,384.018,21.628,35.572,3.21,0,7.276,7.513,0,0,31.7,7.6,0,0,0,18.179,132.297,55.674,2.819,8.869,48.927,0,2981.54
46057955200,1493.56,122.08,2.558,15.348,16.527,11.018,0,0,10.593,69.3,31.245,77.481,90.618,47.085,45.951,6.635,0,6.634,23.861,2.675,0,8.1,5.5,32.9,0,0,32.779,142.622,23.242,17.21,16.674,30.602,0,2382.798
46059975600,1063.48,104.64,0,15.348,0,0,0,0,21.828,0,0,55.786,34.032,25.906,49.983,0,0,7.228,23.648,0,0,37.1,0,0,0,0,1,309.976,17.441,3.587,36.186,23.968,0,1831.137
46059975700,1188.35,63.22,7.674,20.464,0,22.036,53.516,0,21.079,42.7,25.787,86.292,60.68,43.138,46.938,14.445,47.08,8.025,48.454,0,0,0,4.4,7.7,0,0,31.616,23.314,34.128,17.75,0,31.993,0,1950.779
46061964100,1671.84,51.23,10.232,40.928,5.509,0,0,0,2.996,364,0,25.23,51.098,19.91,40.779,12.412,0,0,10.196,0,0,63.646,4.3,3.5,2,0,31.042,283.175,33.948,3.814,0,34.667,0,2766.452
46063968700,766.26,120.99,0,10.232,11.018,0,0,0,5.036,5.9,0,16.457,18.939,17.419,16.701,4.173,0,7.275,27.232,0,0,3.669,2.9,0,2.7,0,10.63,71.89,17.12,9.189,15.254,19.093,0,1180.077
46065977700,2584.39,182.03,20.464,138.132,82.635,132.216,80.274,177.075,55.961,21.6,0,148.101,22.684,87.456,101.862,0,2.889,62.316,22.369,1.498,0,0,9.721,5.6,1.53,0,27.638,36.693,98.956,569.776,25.145,72.653,14.659,4786.323
46065977800,2061.68,538.46,12.79,46.044,82.635,11.018,80.274,0,13.589,57.8,0,113.659,68.159,56.096,119.935,2.889,0,7.613,48.792,0,0,1.223,3.89,6.4,0,0,40.19,27.033,68.586,50.023,2.568,0,0,3521.345
46065977900,969.908,165.68,23.022,148.364,192.815,121.198,107.032,59.025,145.199,137.9,32.742,439.495,165.92,145.626,288.349,80.464,156.755,57.524,121.254,10.7,0,9.168,50.379,20,2.296,0,73.748,27.619,131.441,200.323,40.327,43.249,0,4167.521
46065978000,1473.7,391.31,0,0,33.054,0,0,0,15.308,0,0,61.888,41.741,36.551,70.333,5.136,0,2.9,22.24,0,0,0,0,2.1,0,0,42.064,171.665,21.122,14.549,0,4.815,0,2410.476
46067968600,1796.97,28.34,7.674,81.856,22.036,33.054,0,0,11.877,222.6,18.405,160.687,136.757,62.139,48.839,19.046,21.4,13.054,19.748,0,0,177.923,7.8,18.5,0,0,17.948,191.199,99.15,34.956,12.417,50.826,0,3315.201
46067968700,1162.03,29.43,30.696,35.812,33.054,22.036,0,0,0,103.5,30.388,80.717,41.853,61.364,50.769,10.593,92.02,8.308,22.791,0,0,26.445,19,5,0,0,26.439,78.956,52.644,1.611,0,17.12,0,2042.576
46067968800,1148.1,25.07,0,25.58,22.036,0,0,0,0,235.9,25.038,28.676,20.223,19.046,39.438,6.313,0,4.473,15.836,0,0,1.8,0,0,0,0,11.4,269.286,18.866,20.879,0,3.531,0,1941.491
46069976700,813.99,80.66,33.254,10.232,0,0,0,0,7.062,26.6,13.696,34.234,80.325,19.442,19.107,4.387,0,4.12,25.359,0,0,1.223,2.4,0,0,0,12.39,154.259,32.455,7.047,9.933,71.904,0,1464.079
46071941200,682.668,61.04,0,0,0,0,0,0,0,13.3,0,1.391,0,5.778,0.898,0,0,15.051,1.285,0,0,0,0,0,0,0,0.839,12.101,2.996,1.498,2.128,18.939,0,819.912
46071961100,654.288,122.08,0,35.812,16.527,11.018,26.758,0,75.542,16.1,12.305,44.311,33.598,6.655,23.507,4.173,0,0.594,37.727,0,0,0,2.1,0,0,0,10.849,58.59,19.395,11.871,10.643,28.14,2.782,1265.365
46073974100,1293.87,53.41,2.558,30.696,38.563,22.036,0,0,11.556,123.2,18.297,71.944,49.541,23.111,36.449,11.342,10.379,6.206,17.303,0,0,0,11.7,80,0,0,25.659,162.641,41.651,17.074,23.059,68.073,0,2250.318
46075091600,682.668,105.73,17.906,5.116,27.545,0,0,0,28.784,0,0,40.593,13.054,16.264,29.425,6.634,0,5.243,51.001,0,0,0,0,0,0,0,0.839,77.618,25.46,6.697,4.257,6.955,0,1151.789
46077958100,2178.55,71.94,12.79,56.276,49.581,33.054,0,0,26.215,106.4,19.046,49.254,60.305,35.074,73.482,10.807,0,8.218,42.595,0,0,30.7,11.159,46.4,1.3,0,21.876,184.574,44.399,16.09,23.413,43.233,0,3256.73
46077958200,1207.44,140.61,0,86.972,5.509,11.018,0,0,31.782,35.7,17.334,65.051,72.379,20.219,51.071,10.7,17.869,9.319,35.576,0,0,56.5,34.9,0,0,0,19.178,132.669,44.546,27.249,12.462,47.114,0,2193.167
46079960100,1419.52,78.48,7.674,15.348,5.509,22.036,0,0,10.914,102.9,6.42,21.159,8.346,8.667,34.387,2.461,0,0.594,7.276,0,0,4.223,0,65,0,0,18.397,167.108,17.368,12.8,9.224,22.791,0,2068.602
46079960200,2924.43,46.87,97.204,209.756,93.653,132.216,80.274,59.025,73.726,290.4,48.899,328.953,113.399,144.906,199.505,29.211,47.294,22.674,93.586,3.959,0,338.323,112.301,47.639,0,0,58.901,71.181,90.843,44.985,2.352,74.579,58.529,5939.572
46079960300,2209,176.58,5.116,5.116,0,0,0,0,19.474,63.7,0,22.402,19.185,17.045,32.363,2.973,0,3.103,5.671,0,0,5.6,4.359,72,0,0,22.516,53.06,15.295,4.833,0,47.551,0,2806.942
46081966100,3473.97,300.84,30.696,107.436,60.599,99.162,26.758,0,619.102,15.6,2.674,117.378,39.174,57.082,192.427,12.198,53.5,7.062,266.62,0,0,45.451,48.65,39.701,0.96,0,62.717,59.515,49.993,37.87,35.341,30.632,0,5893.108
46081966200,1213.37,201.65,107.436,204.64,209.342,110.18,267.58,59.025,76.215,68.4,35.203,337.412,41.527,119.989,193.779,27.841,41.837,92.603,123.331,16.906,0,3.8,22.178,4.8,3.3,0,37.391,5.196,95.94,57.141,0,52.215,0,3830.228
46081966301,1581.54,551.54,0,61.392,16.527,33.054,26.758,0,23.771,258.4,10.058,120.814,24.387,59.603,63.307,0,0,3.146,14.047,0,0,37.001,4,6.4,0,0,61.426,27.797,41.78,1.107,0,5.259,48.607,3081.721
46081966302,1773.49,466.52,23.022,276.264,115.689,176.288,26.758,59.025,76.515,15,0,149.774,28.034,72.648,49.617,0,0,1.711,82.817,0,0,7.3,6.319,8.382,0,0,58.466,19.293,23.017,4.885,0,41.635,17.197,3579.666
46081966600,4106.84,358.61,30.696,76.74,27.545,66.108,107.032,0,128.609,157.4,5.992,89.143,16.382,45.595,70.973,11.128,0,8.86,90.58,0,0,19.086,11.2,0,139.88,0,45.236,10.148,65.483,25.798,24.124,157.909,0,5897.097
46083010101,2063.48,55.59,5.116,51.16,88.144,11.018,0,0,7.383,0,0,65.856,63.13,57.156,57.811,4.066,0,7.083,36.686,0,0,99.046,13.16,0,20,0,79.637,21.938,21.862,4.027,10.643,15.194,0,2859.186
46083010102,2829.74,0,35.812,122.784,82.635,88.144,133.79,649.275,85.6,0.7,8.667,52.348,110.344,34.462,185.061,11.449,0,45.202,58.686,0,0,1.7,147.001,3.6,0,0,24.171,7.949,21.08,0,0,3.211,10.535,4753.947
46083010103,2544.91,196.2,0,20.464,22.036,11.018,80.274,59.025,0,0,0,3.403,7.062,12.386,13.021,0,0,0.676,7.084,0,0,1.223,0,0,0,0,14.354,1.7,0,0,0,0,0.272,2995.108
46083010104,4549.66,0,0,102.32,60.599,22.036,160.548,531.225,13.268,4.2,0,50.371,22.587,40.152,210.868,6.741,12.84,30.43,36.059,0,0,5.599,25.3,0,0,0,56.555,32.759,110.097,4.815,0,0,0,6089.03
46083010105,374.616,0,0,0,0,0,0,0,5.671,0,0,6.119,67.945,10.807,14.445,0,0,0,0.984,0,0,7.191,16.7,0,0,0,56.05,18.9,0,0,0,0,0,579.428
46083010106,629.606,14.17,0,0,0,0,0,0,0,0,0,14.078,4.305,8.559,9.491,0,0,0,15.211,0,0,0,0,0,0,0,13.789,6.39,11.128,0,0,0,0,726.7271
46083010107,2538.72,0,40.928,40.928,0,11.018,0,0,12.947,0,0,16.266,14.703,12.227,28.953,1.732,0,1.925,2.843,0,0,5.201,8.101,0,0,0,120.215,32.176,14.766,9.408,0,17.12,0,2930.177
46083010108,956.664,18.53,0,0,0,0,0,0,0,0,0,35.671,126.228,16.161,26.749,0,0,2.675,5.853,0,0,74.8,11.32,9.8,0,0,86.106,56.045,0.349,1.611,0,0,0,1428.562
46083010200,1772.46,62.13,12.79,92.088,60.599,55.09,26.758,0,7.704,53,18.618,121.616,57.608,86.538,70.781,18.832,58.101,22.791,63.733,0,0,150.547,22.1,4.3,0,0,45.07,41.831,49.468,34.229,11.351,45.322,0,3065.456
46083010300,2393.21,105.73,46.044,76.74,11.018,44.072,26.758,0,5.243,54.6,16.799,72.826,53.597,58.662,47.47,11.021,0,6.688,49.714,3.852,0,41.8,10.82,0,0,0,35.522,84.856,35.952,1.209,0,25.359,0,3319.562
46083010400,1453.57,38.15,20.464,40.928,11.018,11.018,0,0,30.926,70.7,41.73,51.039,57.223,34.002,66.348,19.046,0,3.424,19.153,0,0,29.8,0,0,0,0,34.884,181.814,11.342,13.657,0,1.954,0,2242.19
46085940100,451.5,30.52,53.718,5.116,5.509,0,0,0,9.844,3.7,0,5.885,2.466,8.453,13.546,1.712,0,11.449,9.523,0,0,0,0.92,0,0,0,36.927,8.26,15.408,8.107,0,41.792,7.169,731.524
46085972600,1393.46,195.11,10.232,40.928,44.072,0,0,0,94.27,0,0,136.11,79.489,28.31,48.554,5.778,0,5.495,34.263,0,0,8.923,2.5,0,0,0,20.249,207.012,26.964,10.328,31.22,48.792,0,2472.059
46087964600,1611.98,56.68,30.696,81.856,27.545,33.054,0,0,9.63,158.2,20.438,113.081,78.746,59.009,72.638,6.527,0,12.829,28.782,0,0,149.723,2.4,0,0,0,98.165,131.405,55.212,19.135,9.933,33.063,0,2900.727
46087964700,1389.59,26.16,10.232,35.812,0,11.018,0,0,49.869,60.2,42.907,39.128,26.494,21.204,25.473,0,0,10.7,7.054,0,0,2.3,29.7,0,0,0,32.392,136.732,22.483,4.745,6.031,24.717,0,2014.941
46089963100,1510.59,117.72,17.906,61.392,55.09,0,0,0,3.424,242.9,1.498,44.953,50.552,203.502,71.378,10.807,0,6.634,21.43,0,0,13.5,5.1,3.5,3.711,0,19.248,275.559,87.272,17.721,17.028,46.716,0,2909.131
46091950800,2667.46,390.22,5.116,179.06,71.617,11.018,0,0,47.539,259.3,17.789,182.14,73.506,49.435,100.273,27.178,37.45,7.811,8.193,7.811,0,88.746,7.32,0,4.12,0,59.496,267.47,66.16,48.967,17.389,40.446,0,4743.03
46093020200,120.744,0,48.602,51.16,0,0,0,0,13.161,388.8,0,69.228,3.281,17.752,3.531,0,0,1.781,0.985,0,0,0,1.498,0,0,0,0.829,2.669,0,7.677,0,10.272,0,741.9699
46093020301,3651.73,691.06,94.646,40.928,0,11.018,0,0,29.852,2.8,0,74.107,73.867,77.314,117.083,1.154,0,16.95,36.935,0,0,12.791,12.02,10.401,3.061,0,118.849,23.633,19.401,7.293,5.885,15.301,0,5148.079
46093020302,2625.67,442.54,12.79,107.436,0,0,0,0,12.411,15.4,0,190.192,160.607,66.073,106.746,1.154,0,0,28.141,0,0,39.468,20.797,0,6.7,0,118.335,45.644,29.031,66.661,0,7.956,0,4103.752
46093020400,2929.85,449.08,207.198,112.552,143.234,77.126,107.032,0,110.752,93.4,4.708,313.649,215.037,140.944,157.413,22.577,19.153,32.058,116.209,0,0,64.146,8.238,6.713,0,0,88.055,25.026,94.565,49.287,5.35,115.559,24.289,5733.2
46093020500,2004.14,489.41,56.276,260.916,0,33.054,0,0,14.124,85.6,0,32.054,37.584,26.537,15.256,4.173,0,4.173,4.311,0,0,3.5,5.7,3.6,0,0,19.158,107.588,37.338,6.565,21.285,190.586,0,3462.928
46095940300,815.28,187.48,25.58,15.348,0,0,0,0,6.42,34.3,0,24.503,21.079,7.243,6.089,0,0,3.552,7.169,0,0,7,2.3,0,0,0,6.8,60.63,18.832,8.211,21.285,40.874,0,1319.975
46097961600,1584.89,65.4,7.674,15.348,33.054,11.018,0,0,3.21,56,18.404,35.18,68.218,42.982,66.519,10.443,18.725,7.073,24.564,0,0,1.223,1.839,8,0,0,24.029,220.942,45.864,12.267,14.19,45.192,0,2442.248
46099000100,1302.21,182.03,76.74,10.232,44.072,55.09,53.516,0,290.405,221.5,0,1374.38,1643.05,289.486,884.764,515.427,0,20.437,111.991,0,0,1027.76,240.76,52.9,4.2,0,280.967,23.51,58.719,158.881,29.425,40.794,0,8993.245
46099000201,1138.3,183.12,145.806,148.364,104.671,132.216,267.58,118.05,76.184,146.8,34.775,108.913,82.722,173.812,152.998,1.177,25.038,28.338,55.443,0,0,25.023,4.759,0,0,0,21.959,6.48,96.257,3.541,0,14.873,0,3297.199
46099000202,465.69,10.9,51.16,0,44.072,88.144,401.37,118.05,80.678,0,0,68.287,384.846,207.301,105.38,0,0,0.899,59.322,0,0,61.023,15.881,20.6,0,0,70.346,3.4,23.36,0,0,12.84,0,2293.549
46099000300,1617.66,82.84,107.436,86.972,60.599,44.072,26.758,0,0,0,0,90.298,236.899,96.702,42.925,3.317,0,2.996,13.161,0,0,19.501,8.5,109.799,0,0,63.224,11.999,28.462,0,0,44.949,8.025,2807.094
46099000401,1332.57,11.99,10.232,46.044,38.563,66.108,0,0,6.42,0,0,32.655,56.48,23.557,24.155,12.122,0,1.781,12.977,0,0,0,0,0,0,0,12.889,5.596,4.708,0,0,0,0,1698.847
46099000405,1493.56,42.51,10.232,15.348,99.162,154.252,321.096,59.025,67.53,0,2.782,83.001,15.206,149.688,121.752,0,0,13.181,4.173,0,0,0,3,65,0,0,26.636,0,49.971,0,0,0,0,2797.105
46099000406,1177.77,9.81,33.254,66.508,104.671,77.126,53.516,59.025,5.243,21,0,101.797,11.561,28.845,116.035,10.7,0,1.819,79.287,0,0,0,0.92,1,0,0,16.815,0,39.055,0,0,22.898,0,2038.655
46099000407,1233.76,93.74,0,20.464,49.581,121.198,107.032,0,7.811,59.5,0,65.912,17.029,35.476,30.995,0,0,3.852,34.851,0,0,6.114,11.22,0,0,0,10.675,3.5,15.301,0,0,21.828,0,1949.839
46099000408,1441.19,143.88,23.022,15.348,60.599,66.108,214.064,59.025,3.859,17.5,0,3.356,28.168,16.788,61.597,0,0,1.604,0,0,0,6.3,0,25.001,0,0,50.81,0.999,0,0,0,14.873,0,2254.091
46099000500,1109.4,9.81,163.712,209.756,60.599,55.09,80.274,59.025,68.052,389.9,0,132.741,362.125,124.716,173.271,12.091,604.978,84.595,55.298,0,0,35,39.3,1.056,0,0,83.293,8.094,67.731,30.388,0,33.277,0,4053.572
46099000600,717.24,0,237.894,276.264,143.234,99.162,53.516,0,0,107,0,39.008,10.919,34.494,280.87,17.976,0,1.188,26.729,1.498,0,25,1.84,3,0,0,5.9,2.298,37.503,6.848,1.064,1.07,0,2131.515
46099000700,1044.9,0,214.872,419.512,236.887,209.342,187.306,295.125,38.627,49.7,0,329.306,134.478,178.393,869.202,121.499,4.066,30.195,216.85,1.498,0,11.3,101.68,10.513,13.8,152.555,30.516,5.596,324.434,75.797,2.889,22.748,11.7,5345.287
46099000900,1757.24,25.07,109.994,255.8,33.054,0,26.758,59.025,43.442,0,0,130.484,32.982,50.013,120.404,5.198,0,6.634,59.492,0,0,8.559,30.62,0,0,0,15.217,1.3,34.595,0,0,1.498,0,2807.379
46099001001,803.412,947.21,0,0,0,0,0,0,3.859,0,0,163.771,200.185,39.991,56.568,0,0,28.532,14.573,0,0,77.901,31.2,2.4,0,0,45.143,7.4,4.134,0,8.159,15.622,0,2450.06
46099001002,1048,813.14,74.182,158.596,49.581,99.162,160.548,295.125,72.76,11.9,0,103.463,182.773,19.124,49.552,0,0,1.284,21.247,0,0,33.2,1.5,0,0,0,67.867,6.24,8.346,0,0,0,0,3277.59
46099001101,242.864,180.94,53.718,61.392,126.707,286.468,1123.84,472.2,158.895,9.1,160.5,1390.93,388.034,190.933,1236.71,40.142,0,88.414,279.808,2.322,0,63,118.32,0,0,0,40.068,5.036,41.004,37.289,0,17.227,0,6815.861
46099001105,3210.04,0,30.696,97.204,82.635,44.072,53.516,0,0,5.6,5.029,8.212,8.347,10.934,30.032,0,0,3.745,4.366,0,0,2.7,1.839,0,0,0,21.394,2.198,0,0,0,0,0,3622.56
46099001106,5102.21,0,112.552,66.508,49.581,11.018,0,0,0,0,26.43,21.247,21.428,40.612,50.758,3.531,0,10.042,37.431,0,0,0,4.3,4.8,0,1.499,83.199,5.601,47.723,0,0,42.907,0,5743.377
46099001107,1646.04,65.4,0,30.696,0,121.198,80.274,59.025,49.327,0,0,56.675,15.306,30.396,53.422,5.671,0,20.223,29.265,0,0,0,0.92,0,0,0,28.373,10.788,37.129,0,0,18.306,0,2358.434
46099001108,1608.11,10.9,12.79,204.64,82.635,352.576,240.822,177.075,54.677,242.2,13.482,24.262,9.105,25.197,93.008,5.671,0,9.844,38.627,18.083,0,3.623,14.5,1.3,0,0,18.846,5.492,67.973,0,0,0,0,3335.438
46099001200,2445.84,21.8,40.928,15.348,121.198,209.342,80.274,0,9.737,162.4,29.425,64.019,39.867,20.832,107.156,2.889,129.47,16.478,98.227,9.285,0,3.7,1,0,0,0,16.056,3.24,95.766,342.281,0,49.391,5.85,4141.799
46099001500,1980.84,34.88,319.75,219.988,126.707,55.09,80.274,0,35.631,342.1,26.857,675.777,141.154,319.57,348.359,11.984,13.375,143.662,200.961,1.161,0,3.669,69.059,27.5,0,0,78.451,35.462,110.238,6.099,8.346,41.642,37.022,5495.608
46099001600,1910.23,0,58.834,81.856,11.018,11.018,0,0,5.136,0,0,18.611,6.966,45.625,63.56,0,0,5.291,10.001,0,0,9,5.7,0,0,0,16.974,2.1,7.918,0,0,18.725,0,2288.563
46099001700,1352.44,11.99,23.022,20.464,16.527,22.036,0,0,0,5.6,0,13.415,0,23.047,17.815,5.029,13.054,37.888,0,0,0,1.6,0,0,0,0,13.988,1,19.688,0,0,12.947,0,1611.55
46099001801,2816.67,13.08,127.9,281.38,88.144,253.414,80.274,118.05,0,27.3,53.5,37.035,88.863,32.424,148.594,4.618,19.153,55.507,103.345,6.741,0,5.623,1,0,2.2,0,46.413,20.358,66.943,0,0,50.322,0,4548.851
46099001803,3260.09,0,0,35.812,0,55.09,133.79,0,0,0,5.671,50.436,5.966,6.643,50.896,0,0,14.113,4.173,0,0,0,2,0,0,0,28.13,5.61,15.723,0,0,14.017,0,3688.16
46099001804,2082.06,0,0,25.58,0,55.09,80.274,0,9.202,0,0,76.759,13.915,26.776,48.21,9.63,0,4.28,28.676,0,0,0,0.86,0,0,0,12.208,3.896,48.043,0,0,0,0,2525.459
46099001901,1046.45,0,94.646,15.348,0,11.018,0,0,0,0,0,7.489,35.134,54.889,126.693,0,0,22.256,0.845,2.247,0,0,3.839,0,0,0,10.828,5.55,21.006,0,0,22.042,0,1480.28
46099001902,3190.43,0,0,20.464,44.072,33.054,107.032,0,96.561,0,5.029,61.217,79.18,13.043,103.345,3.637,0,9.844,15.691,0,0,0,0.919,0,1.3,0,32.373,13.794,10.272,0,0,0,0,3841.257
46099010101,2314.26,119.9,15.348,76.74,66.108,11.018,0,0,8.56,37.1,24.61,67.713,57.26,36.082,271.585,5.243,0,0.867,20.199,0,0,2.623,9.4,5,3.061,0,39.206,177.784,20.612,26.767,12.771,43.549,0,3473.366
46099010102,1959.77,54.5,63.95,56.276,0,44.072,133.79,0,5.35,40.6,25.573,87.419,23.465,44.523,73.826,9.416,23.539,24.61,44.97,5.243,0,8.9,25.4,0,11.7,0,55.515,36.16,30.923,8.054,0,45.261,0,2942.805
46099010200,1456.67,138.43,0,10.232,16.527,0,0,0,0,0,0,32.712,27.221,21.906,39.561,0,0,3.05,16.111,0,0,121.638,3.8,2.113,0,0,25.006,180.982,31.137,4.026,15.963,37.129,0,2184.214
46099010300,3012.41,38.15,5.116,30.696,55.09,11.018,0,0,0,2,3.424,101.018,84.432,51.646,57.255,7.597,0,9.913,83.515,1.161,0,6.4,5.6,2.999,0.765,0,72.424,110.935,38.287,8.301,7.095,52.002,0,3859.249
46099010401,716.724,0,0,0,0,0,0,0,0,0,0,36.337,44.726,37.237,13.911,0,0,0,13.911,0,0,6.545,1.5,0,0,0,30.31,9.347,0,0,0,0,0,910.548
46099010402,1442.99,64.31,2.558,20.464,11.018,11.018,0,0,0,0,0,27.118,23.027,19.312,26.066,0,0,0,5.052,0,0,7.7,3.42,0,0,0,30.319,82.412,32.151,1.208,0,11.128,0,1821.271
46099010403,818.892,0,0,0,0,0,0,0,0,0,0,5.751,37.082,3.85,31.556,0,0,0,6.037,0,0,7.5,0,0,0,0,9.337,9.298,0,0,0,0,0,929.3029
46099010404,2425.72,190.75,0,20.464,0,0,0,0,10.379,18.9,0,72.842,194.224,42.783,69.657,0,0,0.706,21.216,2.461,0,210.299,4.5,2.113,1,0,69.112,71.916,26.604,17.975,10.643,26.651,0,3510.915
46099010405,1885.46,22.89,0,15.348,38.563,11.018,26.758,59.025,61.739,76,3.103,135.109,182.227,10.593,206.966,0,0,0,28.514,0,0,27.601,96.1,0,0,0,43.185,2.2,2.14,0,5.778,20.758,0,2961.075
46099010406,1018.58,23.98,0,15.348,0,0,0,0,0,0,0,23.466,50.001,2.095,8.281,0,0,1.391,3.852,0,0,0,0,0,0,0,27.176,430.892,0,0,0,0,0,1605.062
46099010501,2354.51,0,0,81.856,181.797,22.036,26.758,0,16.05,0,8.988,124.46,38.824,51.067,63.503,7.383,0,17.372,43.151,0,0,183,9.02,22,0,0,66.398,6.71,30.318,5.235,0,26.322,0,3386.758
46099010502,1930.36,19.62,0,0,16.527,0,0,0,3.104,0,0,26.85,11.026,14.296,32.42,0,0.989,2.14,10.784,1.498,0,5.001,1.5,0,2.1,0,19.406,12.248,58.85,12.122,2.996,14.017,0,2197.854
46099010600,2403.79,11.99,214.872,40.928,0,33.054,26.758,0,132.572,470.5,26.857,66.894,21.972,49.841,792.061,2.461,935.073,160.49,35.501,1.498,0,0,3.839,6.5,0,0,13.326,6.81,56.265,3.51,0,78.859,121.124,5717.345
46101959600,1950.48,79.57,5.116,35.812,16.527,0,0,0,5.35,74.2,0,40.138,76.677,31.924,45.309,0,0,0,39.788,0,0,4.5,1.2,7.7,0,0,27.177,209.741,23.219,4.026,18.448,30.602,0,2727.504
46101959700,1749.24,71.94,56.276,138.132,38.563,44.072,0,0,6.527,40.6,19.795,64.581,64.018,67.701,57.628,7.253,16.799,23.219,26.352,0,0,17.8,3.1,7.2,0,0,53.036,42.535,39.376,37.531,3.638,40.874,4.494,2742.28
46103010200,1055.74,0,432.302,567.876,148.743,121.198,160.548,118.05,224.395,251.9,0,514.968,191.852,253.189,778.99,87.205,7.061,90.511,218.306,15.087,0,17.4,89.559,22.1,1,0,39.416,29.897,552.668,110.303,11.624,116.158,10.165,6238.212
46103010300,707.78,80.66,81.856,61.392,71.617,220.36,214.064,0,3.859,56.7,1.204,85.6,6.334,33.552,45.387,1.154,0,8.084,13.91,13.589,0,0,0,5.281,0,0,12.179,1.6,28.71,1.611,0,35.845,0,1792.328
46103010400,1229.37,315.01,23.022,30.696,71.617,33.054,267.58,0,234.758,1.8,0,212.114,3.745,63.553,101.986,0,0,11.984,102.627,4.173,0,0,1.3,0,0,0,10.075,1.658,31.243,8.025,0,14.017,0,2773.407
46103010500,622.21,293.21,248.126,112.552,82.635,110.18,107.032,0,174.113,253.4,0,485.738,331.834,246.662,215.451,14.716,0,18.056,107.672,0,0,25.623,24.287,1.056,0,0,50.135,9.135,15.515,2.889,0,26.497,98.119,3676.843
46103010600,1570.96,129.71,0,97.204,27.545,55.09,107.032,0,20.651,0,4.066,72.204,61.348,35.612,42.243,7.276,0,4.494,53.725,0,0,66.468,2.5,3,0,0,24.4,4.094,19.869,8.881,0,22.897,0,2441.269
46103010700,2103.22,26.16,283.938,20.464,44.072,11.018,26.758,0,0,65.8,19.581,34.829,9.534,20.146,25.988,0,0,0,17.869,0,0,0,0,0,0,0,12.256,3.42,47.829,0,0,56.924,0,2829.806
46103010800,1922.87,21.8,258.358,240.452,110.18,11.018,0,118.05,139.528,26.6,19.902,88.035,13.054,64.087,113.317,10.326,0,99.49,120.549,0,0,1.9,36.7,7.7,4.591,0,21.738,7.47,79.676,0,0,96.489,9.523,3643.403
46103010903,3092.13,758.64,0,0,110.18,33.054,0,0,7.718,0.6,0,32.687,116.622,57.936,41.247,0,0,1.188,19.962,0,0,7.845,2.42,3,0,0,57.88,4.4,17.656,5.777,8.869,0,0,4379.811
46103010904,1928.81,210.37,43.486,71.624,22.036,22.036,107.032,118.05,0,108.4,4.507,74.454,19.641,29.439,36.698,0,711.55,82.839,14.201,1.498,0,4.1,4.4,0,0,0,34.233,8.602,15.943,12.733,0,33.012,1.17,3720.864
46103010905,1849.86,141.7,0,76.74,0,44.072,321.096,236.1,23.127,21,28.877,13.986,3.551,23.4,47.339,0,29.746,81.32,161.88,0,0,0,2.02,0,0,0,26.042,3.596,5.029,2.782,0,8.025,0,3151.288
46103010906,2421.07,564.62,0,0,0,0,0,0,26.75,0,0,59.874,194.098,199.157,174.79,0,0,4.826,11.983,0,0,66.7,9.101,24,0,0,41.494,3.27,20.117,3.21,0,35.311,0,3860.371
46103010907,904.032,331.36,20.464,0,0,11.018,0,0,2.568,10,0,71.79,316.57,96.254,271.348,0,8.773,6.693,9.263,0,0,80.619,94.701,61.2,0,0,82.297,22.377,61.198,0,0,13.803,0,2476.328
46103011001,1371.53,0,17.906,0,0,0,0,118.05,33.919,148.4,20.223,348.786,44.966,110.908,217.249,5.671,0,76.923,75.572,0,0,15,37.6,5.6,3.5,0,24.856,8.408,17.626,10.867,0,0,0,2713.56
46103011002,3317.36,102.46,84.414,97.204,5.509,132.216,133.79,118.05,22.256,2.8,0,18.656,32.014,17.696,87.949,0,0,7.951,31.96,0,0,10.591,0.86,3.201,0,0,26.276,19.225,37.236,0,8.025,36.7,0.535,4354.935
46103011004,3896.32,0,25.58,35.812,0,0,0,0,102.205,0,0,33.816,23.572,17.467,71.531,2.033,0,24.873,211.139,0,0,5.1,27.02,1.7,2.4,0,49.748,16.096,22.063,0,10.642,4.559,0,4583.677
46103011005,1486.08,253.97,33.254,10.232,5.509,11.018,0,0,237.69,8.7,0,78.743,19.827,31.542,118.124,0,0,15.136,57.889,0,0,8.2,19.859,0,0,0,29.917,9.7,32.308,12.846,7.45,1.391,0,2489.385
46103011100,1161,27.25,145.806,143.248,66.108,143.234,80.274,0,9.095,1.4,0,6.781,2.365,115.438,46.424,0,25.359,32.293,4.922,2.354,0,0,8,3,0,0,7.839,8.498,47.255,35.952,0,59.715,0,2183.61
46103011200,1329.47,0,115.11,225.104,82.635,77.126,26.758,0,22.042,3.2,3.21,128.955,68.405,49.495,172.874,9.19,0,59.7,80.18,2.461,0,0,56.8,4.225,0,0,436.82,7.5,96.047,19.367,0,60.027,0,3136.701
46103011300,3543.37,131.89,179.06,15.348,11.018,55.09,107.032,0,10.387,18.2,0,127.991,42.469,40.104,106.427,0,0,13.183,67.723,0,0,9.693,5.42,0,1.1,0,59.347,15.804,65.946,0,0,21.186,0,4647.789
46103011400,2279.95,1325.44,0,97.204,49.581,44.072,26.758,59.025,200.976,63,58.315,1419.54,463.968,204.729,307.59,1.926,0,20.506,140.262,14.017,0,239.146,99.7,112.9,4.53,0,251.587,26.942,43.797,17.655,0,32.12,0,7605.235
46103011500,183.18,21.8,0,10.232,71.617,0,0,0,0,0,0,0,0,9.703,1.071,0,0,0,121.767,0,0,0,0,0,0,0,2.25,0,2.996,0,0,37.342,0,461.958
46103011600,2815.55,918.87,15.348,15.348,22.036,0,26.758,0,94.923,32.9,16.799,193.567,73.242,80.593,134.12,11.984,0,5.799,41.117,0,0,21,15.359,2.9,0,0,33.307,204.044,49.327,21.53,8.383,32.644,0,4887.447
46103011700,3089.29,573.34,15.348,25.58,38.563,0,26.758,0,174.744,0,0,119.617,49.986,22.197,82.717,5.565,0,7.179,68.587,0,0,37.909,4.439,24.981,7.299,0,52.243,33.554,72.002,15.144,4.257,23.005,0,4574.304
46105968300,1683.45,267.05,0,107.436,11.018,33.054,26.758,0,26.429,45.5,17.334,135.36,100.988,73.91,80.703,22.053,0,13.172,59.915,6.527,0,3.5,38.539,0,0,0,20.508,229.919,58.529,26.073,13.126,76.929,0,3177.781
46107000100,1426.74,445.81,0,40.928,33.054,11.018,0,0,49.22,44.1,11.877,155.546,195.062,55.453,73.801,14.507,252.627,12.578,45.16,0,0,7.523,5.139,16,1,0,20.736,177.918,51.146,29.933,0.578,49.113,0,3226.566
46109940400,1219.82,32.7,12.79,30.696,44.072,11.018,53.516,0,0,47.8,32.1,89.258,20.683,61.092,87.972,15.408,19.367,11.46,55.784,2.675,0,0,13.036,40.86,0,0,25.719,33.218,63.187,15.515,6.206,20.33,0,2066.282
46109940700,1323.28,196.2,0,56.276,11.018,0,0,0,10.921,94.5,17.227,46.417,25.519,11.36,23.155,5.778,0,4.339,69.912,0,0,7.923,0,1.6,5.9,0,11.177,182.99,16.799,9.081,6.741,10.058,0,2148.171
46109940800,1176.48,119.9,2.558,35.812,0,22.036,0,0,37.129,8.2,0,89.746,24.963,23.644,25.006,7.49,0,2.375,15.515,0,0,67.642,50.86,0,2.7,0,13.778,46.22,52.43,18.466,10.288,39.59,13.639,1906.467
46109950400,1623.34,238.71,2.558,35.812,0,0,0,0,8.777,21,10.7,17.568,48.492,13.434,16.092,5.136,0,1.006,17.259,0,0,11,3.4,9.7,0,0,10.555,91.25,23.968,6.192,0,17.548,0,2233.497
46111962100,1546.45,97.01,28.138,40.928,11.018,11.018,0,0,8.453,121.8,0,72.86,200.176,53.71,24.489,11.021,0,0.594,19.066,0,0,6.6,9,0,0,0,15.659,220.976,21.828,11.338,9.224,17.334,0,2558.69
46113940500,1067.35,360.79,69.066,0,11.018,0,0,0,0,29.4,0,0,0,0,0,0,0,0,0,0,0,0,0,0,0,0,0,0,0,0,0,0,0,1537.624
46113940800,1042.23,317.19,0,20.464,0,0,0,0,0,11.9,1.712,62.381,0,44.929,43.902,0,5.136,4.58,13.749,0,0,5,3.5,3.301,0,0,13.08,6.701,24.61,69.499,0,70.862,6.634,1771.36
46113940900,937.744,389.13,46.044,0,5.509,0,0,0,10.272,12.2,1.204,17.655,1.712,43.452,26.695,1.926,12.84,6.399,8.078,0,0,0,3.7,0,0,0,3.48,15.28,38.047,10.007,12.417,679.878,12.626,2296.295
46115000100,1240.46,104.64,2.558,20.464,0,0,0,0,0,0,0,14.98,55.966,18.848,24.994,4.387,0,0,8.367,5.457,0,2.823,0,4.3,5.9,0,12.592,247.719,27.353,3.857,10.288,42.34,0,1858.293
46115000200,1208.73,51.23,40.928,71.624,55.09,55.09,53.516,0,19.367,75.2,15.301,144.497,45.817,60.961,52.488,10.165,22.577,16.109,64.712,3.959,0,0,5.94,2.1,0,0,14.259,16.29,59.058,57.166,0,71.653,2.34,2296.167
46115000300,1162.55,78.48,33.254,35.812,0,0,0,0,6.42,117.6,0,13.268,52.008,14.119,34.94,11.984,0,1.605,8.766,0,0,1.7,2.7,7.7,0,0,14.514,256.15,24.824,7.248,17.029,28.997,0,1931.668
46117960100,1407.13,389.13,17.906,61.392,0,33.054,26.758,0,41.944,0,0,115.988,121.049,68.712,43.642,0,0,0,39.666,1.498,0,8.423,1.7,5.169,3.061,0,65.787,68.734,9.394,6.238,0,47.375,0,2583.75
46119979100,1018.58,163.5,0,25.58,0,0,0,0,10.172,0,0,44.298,21.95,16.102,36.492,9.737,0,0,22.083,0,0,0,0,4.3,0,0,10.44,192.816,17.976,8.741,12.417,34.989,1.284,1651.457
46121940100,1152.66,31.61,145.806,15.348,55.09,0,26.758,0,83.139,2.7,0,28.909,2.676,22.363,27.627,0,0,2.13,4.921,0,0,0,3.601,0,0,0,3.1,5.092,17.013,34.082,8.56,113.099,29.212,1815.496
46121940200,1875.83,132.98,15.348,71.624,44.072,0,80.274,0,45.163,0.7,0,70.289,3.21,48.669,26.309,6.099,16.821,5.04,35.535,0,0,0,6.3,0,0.65,0,2.9,18.26,30.923,7.766,14.19,103.79,105.745,2768.487
46123971600,1416.42,258.33,0,5.116,5.509,0,0,0,17.023,0,6.527,48.25,148.045,30.577,28.236,4.601,0,0,35.287,0,0,16.299,1.3,0,0,0,7.119,314.92,40.767,20.683,7.805,40.172,0,2452.986
46123971700,1536.91,245.25,46.044,143.248,104.671,44.072,26.758,0,55.854,59.9,19.153,200.143,113.121,75.356,92.789,14.23,80.25,24.396,44.755,0,0,8.746,14.64,1.5,0,0,42.979,71.564,64.394,35.775,10.643,23.247,3.317,3203.705
46125965100,2529.43,86.11,20.464,71.624,22.036,44.072,0,0,3.21,35.7,57.436,97.329,76.103,217.485,65.151,14.017,21.186,25.412,49.428,0,0,10.3,9.8,37.099,0,0,60.696,254.206,93.659,17.905,29.8,40.163,2.782,3992.604
46125965200,2491.25,135.16,2.558,86.972,49.581,11.018,0,0,3.859,71.4,16.799,78.196,162.688,61.774,70.558,3.21,21.186,79.747,21.751,4.066,0,27.501,47.5,14.469,0,0,35.12,273.372,79.85,22.682,10.643,56.942,0,3939.852
46127020100,2398.11,65.4,35.812,86.972,77.126,22.036,26.758,0,3.749,31.5,21.079,84.837,101.002,70.191,70.524,15.087,0,10.155,46.204,0,0,195.346,45.2,6.5,0,0,30.106,133.889,62.877,8.823,8.514,64.2,0,3721.996
46127020200,1416.42,110.09,20.464,20.464,60.599,0,26.758,0,13.161,23,20.544,40.526,28.708,26.235,49.43,6.313,0,9.544,18.083,0,0,122.56,6.7,0,0,0,68.32,64.08,28.597,15.087,16.1,5.35,0,2217.133
46127020300,3543.37,346.62,0,127.9,66.108,33.054,133.79,118.05,76.405,0,47.829,80.717,311.002,78.814,267.349,15.407,4.066,92.459,173.778,2.461,0,86.215,18.859,1094.84,0,2.555,121.241,70.131,39.477,43.08,0.355,39.055,0,7034.987
46129965100,1166.16,316.1,0,30.696,11.018,0,0,0,41.41,26.4,14.124,37.399,48.476,22.779,54.114,3.852,0,0,4.762,0,0,1.8,1.1,0,0,0,17.289,141.189,35.738,16.006,9.596,10.807,0,2010.815
46129965200,1803.76,194.02,74.182,133.016,11.018,99.162,0,0,86.031,72.8,17.655,274.597,75.114,96.87,106.351,16.478,53.5,23.236,81.429,2.321,0,22.55,8.7,12.8,0,0,40.349,23.048,68.738,47.726,4.612,67.517,0,3517.581
46135966100,1304.19,53.41,130.458,204.64,93.653,66.108,26.758,0,20.658,80.6,7.918,223.577,158.451,92.307,191.794,25.573,0,103.207,78.788,4.815,0,30,52.38,18.907,0,0,61.845,8.998,85.499,38.622,34.454,44.619,0,3242.229
46135966200,2906.63,271.41,0,0,110.18,44.072,80.274,0,33.491,6.3,0,108.699,108.831,66.07,47.309,0,0,4.602,60.048,0,0,99.6,54.791,69,141.8,0,28.368,32.07,38.329,1.914,0,21.935,3.959,4339.682
46135966301,1439.64,208.19,0,97.204,0,22.036,53.516,59.025,4.387,279.8,0,61.331,18.532,22.974,39.76,0,0,2.301,22.653,0,0,5,2.6,4.2,0,0,62.53,36.64,43.048,92.341,0,12.84,0,2590.549
46135966302,2263.69,240.89,0,117.668,49.581,198.324,214.064,118.05,52.751,361.5,0,348.293,208.127,169.333,202.681,27.392,425.753,108.103,139.55,19.581,0,370.4,38.62,0,0,1.1,80.31,27.462,161.728,7.918,0,25.787,45.69,6024.346
46135966400,2277.11,160.23,0,56.276,5.509,0,0,0,19.26,81.9,0.602,38.408,68.978,33.574,47.068,2.568,0,7.704,23.37,0,0,21.191,2.8,6.3,3.2,0,47.009,280.485,42.265,10.836,23.414,13.91,0,3273.967
46137941600,833.34,291.03,12.79,15.348,11.018,22.036,0,0,0,0,0,12.091,12.305,10.774,5.992,0,0,2.724,1.421,0,0,2.9,1.84,0,0,0,1.678,40.197,0,5.867,11.352,24.289,0,1318.992

