Tract,W1F,W2F,S1LF,S1MF,S1HF,S2LF,S2MF,S2HF,S3F,S4LF,S4MF,S4HF,S5LF,S5MF,S5HF,C1LF,C1MF,C1HF,C2LF,C2MF,C2HF,C3LF,C3MF,C3HF,PC1F,PC2LF,PC2MF,PC2HF,RM1LF,RM1MF,RM2LF,RM2MF,RM2HF,URMLF,URMMF,MHF,TotalSqft
46003973600,1654.08874511719,166.430145263672,34.3276023864746,0,0,77.9710159301758,0,0,91.7771911621094,49.6610946655273,0,0,59.818187713623,0,0,9.89501476287842,0,0,24.4948978424072,0,0,1.57114219665527,0,0,33.0059051513672,2.18314218521118,0,0,15.6648893356323,0,1.07678532600403,0,0,335.949096679688,0,111.179992675781,2669.09448242188
46005956600,1024.92028808594,163.34782409668,15.8161954879761,0,0,65.5381698608398,0,0,68.0082626342773,36.8383026123047,0,0,44.3360633850098,0,0,8.27118873596191,0,0,32.3568420410156,0,0,3.51473736763,0,0,48.5307159423828,7.07273721694946,0,0,12.8475742340088,0,0.661012351512909,0,0,263.977935791016,0,116.629997253418,1912.66784667969
46005956700,1191.400390625,127.52668762207,17.3624000549316,0,0,36.5219535827637,0,0,58.4315452575684,31.5926628112793,0,0,38.1582946777344,0,0,3.3095076084137,0,0,14.0575408935547,0,0,0.800170183181763,0,0,12.3300914764404,0.800170183181763,0,0,8.62632274627686,0,0.869628429412842,0,0,211.760726928711,0,73.0299987792969,1826.578125
46005956800,757.347106933594,128.796264648438,48.9759864807129,0,0,95.2161865234375,0,0,192.051391601563,103.091804504395,0,0,125.712135314941,0,0,7.9590220451355,0,0,38.9536552429199,0,0,4.96277379989624,0,0,58.168342590332,5.07477378845215,0,0,17.8594245910645,0,0.494836777448654,0,0,334.799285888672,0,144.970001220703,2064.43310546875
46005956900,1513.07275390625,175.443572998047,60.1797676086426,0,0,159.670501708984,0,0,162.348175048828,87.6656494140625,0,0,107.040267944336,0,0,18.7943572998047,0,0,64.6848297119141,0,0,3.01641488075256,0,0,96.8766555786133,4.96230220794678,0,0,38.2806587219238,0,6.8708758354187,0,0,612.475158691406,0,18.5300006866455,3129.912109375
46005957000,2921.55712890625,136.033096313477,33.8139915466309,0,0,131.450607299805,0,0,131.93244934082,71.4581527709961,0,0,86.0566864013672,0,0,17.2695064544678,0,0,46.0731010437012,0,0,3.03619194030762,0,0,98.490478515625,5.71019172668457,0,0,35.2244834899902,0,2.06003832817078,0,0,691.661987304688,0,150.419998168945,4562.248046875
46005957100,1740.37072753906,48.6322212219238,8.77440071105957,0,0,24.2549705505371,0,0,48.7294845581055,26.5223808288574,0,0,32.0795478820801,0,0,0.32131889462471,0,0,11.7588052749634,0,0,0.289289712905884,0,0,22.3112869262695,0.289289712905884,0,0,10.9398527145386,0,1.56899952888489,0,0,291.943511962891,0,28.3400001525879,2297.12622070313
46007941000,566.301574707031,14.0541496276855,8.25132369995117,0,0,24.6818370819092,0,0,13.8795528411865,7.52671813964844,0,0,9.06571865081787,0,0,2.77143359184265,0,0,8.30700969696045,0,0,0.506095767021179,0,0,13.4729843139648,1.0240957736969,0,0,5.63111066818237,0,0.235782399773598,0,0,108.192626953125,0,80.6600036621094,864.56201171875
46007941200,708.241516113281,58.6633682250977,14.2720956802368,0,0,40.4661064147949,0,0,31.2232398986816,16.927583694458,0,0,20.3874130249023,0,0,9.12217617034912,0,0,10.9013471603394,0,0,0.243427097797394,0,0,10.3780460357666,0.254662096500397,0,0,7.2557578086853,0,0.620455622673035,0,0,144.49885559082,0,128.619995117188,1202.076171875
46009967600,1881.57543945313,181.581878662109,30.8533363342285,0,0,114.305000305176,0,0,123.197616577148,65.9727172851563,0,0,77.6142807006836,0,0,19.4012393951416,0,0,54.2203483581543,0,0,4.90541696548462,0,0,72.8852462768555,9.50391674041748,0,0,21.5573692321777,0,1.23905634880066,0,0,456.839080810547,0,97.0100021362305,3212.66162109375
46009967700,1383.857421875,152.558929443359,21.156494140625,0,0,72.9084091186523,0,0,79.4769973754883,43.0495071411133,0,0,51.8545112609863,0,0,8.96199512481689,0,0,31.9923267364502,0,0,2.63274002075195,0,0,49.0173149108887,5.20073986053467,0,0,15.31898021698,0,1.2220823764801,0,0,327.223510742188,0,67.5800018310547,2314.01220703125
46011958600,1990.17395019531,232.166320800781,47.9118423461914,0,0,130.708999633789,0,0,202.059646606445,109.112998962402,0,0,131.842620849609,0,0,15.1880712509155,0,0,60.835262298584,0,0,7.16491603851318,0,0,89.7070388793945,10.3989162445068,0,0,32.1084022521973,0,1.4181694984436,0,0,565.955871582031,0,134.070007324219,3760.82275390625
46011958700,2702.83154296875,195.031051635742,28.4134864807129,0,0,81.2672271728516,0,0,109.554473876953,59.2987060546875,0,0,71.3577346801758,0,0,20.4455585479736,0,0,23.1831169128418,0,0,1.01429176330566,0,0,29.9387512207031,1.03355169296265,0,0,16.9928550720215,0,1.33387720584869,0,0,479.223510742188,0,303.019989013672,4123.93994140625
46011958802,2278.9267578125,303.772705078125,78.9644546508789,0,0,280.132659912109,0,0,239.847671508789,130.126770019531,0,0,159.737594604492,0,0,37.6339797973633,0,0,130.274856567383,0,0,9.12069702148438,0,0,198.987243652344,18.6651363372803,0,0,68.0783004760742,0,6.93037939071655,0,0,1080.26977539063,0,458.890014648438,5480.35888671875
46011958803,1785.35119628906,52.4877395629883,15.1777076721191,0,0,32.8156623840332,0,0,53.542781829834,28.9693183898926,0,0,34.8781967163086,0,0,1.44038259983063,0,0,12.400239944458,0,0,0.357824593782425,0,0,22.0827178955078,0.413824588060379,0,0,10.8176097869873,0,0.368122786283493,0,0,287.950592041016,0,329.179992675781,2668.23413085938
46011958900,2501.62768554688,154.839431762695,79.9304733276367,0,0,424.54150390625,0,0,155.086166381836,83.6898803710938,0,0,114.831031799316,0,0,72.8150787353516,0,0,179.26594543457,0,0,17.7535610198975,0,0,334.359436035156,36.0715599060059,0,0,58.9052772521973,0,25.5488109588623,0,0,1119.2470703125,0,0,5358.51318359375
46011959000,2133.55102539063,56.4381713867188,18.1463108062744,0,0,58.907112121582,0,0,66.4727783203125,36.0657920837402,0,0,43.4791374206543,0,0,3.13930726051331,0,0,17.049633026123,0,0,0.784939706325531,0,0,44.6343688964844,0.784939706325531,0,0,25.9890727996826,0,1.09028720855713,0,0,464.471252441406,0,237.619995117188,3208.6240234375
46013951300,2683.30102539063,121.066246032715,30.4768352508545,0,0,146.345321655273,0,0,116.099334716797,62.616584777832,0,0,76.3288040161133,0,0,18.8622875213623,0,0,62.606632232666,0,0,4.92387771606445,0,0,120.396842956543,10.2509269714355,0,0,33.256031036377,0,4.84132862091064,0,0,660.322937011719,0,164.589996337891,4316.28466796875
46013951400,3164.84887695313,174.126617431641,56.9660453796387,0,0,135.283721923828,0,0,273.480407714844,146.697357177734,0,0,179.530776977539,0,0,11.7547130584717,0,0,62.6691627502441,0,0,9.63734912872314,0,0,116.891494750977,9.69446849822998,0,0,39.233039855957,0,1.82326114177704,0,0,793.020385742188,0,67.5800018310547,5243.23779296875
46013951500,1278.51770019531,324.199401855469,87.8653335571289,0,0,240.139846801758,0,0,372.937561035156,198.462753295898,0,0,230.772933959961,0,0,19.8511753082275,0,0,104.810089111328,0,0,7.02383136749268,0,0,171.487060546875,10.8647413253784,0,0,65.3037719726563,0,2.30949187278748,0,0,862.848327636719,0,0,3977.39404296875
46013951600,2093.6953125,66.260612487793,23.5227813720703,0,0,119.098999023438,0,0,47.4439964294434,25.7521629333496,0,0,31.1080551147461,0,0,14.9941673278809,0,0,49.2913436889648,0,0,4.21203660964966,0,0,87.7885513305664,9.17203617095947,0,0,30.5484447479248,0,1.0605640411377,0,0,523.69384765625,0,0,3127.64306640625
46013951700,1910.15747070313,108.002029418945,33.9714508056641,0,0,78.5033874511719,0,0,108.768463134766,58.8530197143555,0,0,70.7874221801758,0,0,4.05393600463867,0,0,25.0682182312012,0,0,0.641030132770538,0,0,49.3402328491211,0.641030132770538,0,0,21.4090251922607,0,1.24171352386475,0,0,418.616607666016,0,406.570007324219,3296.62548828125
46013951800,2481.845703125,171.593124389648,43.2302474975586,0,0,135.2783203125,0,0,180.253021240234,97.5082397460938,0,0,117.133728027344,0,0,9.0775260925293,0,0,47.5809211730957,0,0,2.03195929527283,0,0,106.882255554199,3.52995920181274,0,0,40.7855224609375,0,1.77905941009521,0,0,709.325500488281,0,141.699996948242,4289.53515625
46013951900,1766.24987792969,201.744033813477,32.0014533996582,0,0,91.0241851806641,0,0,108.73804473877,58.8729667663574,0,0,70.8486251831055,0,0,10.4636564254761,0,0,38.42578125,0,0,3.03416585922241,0,0,51.4852027893066,5.47016572952271,0,0,20.9727210998535,0,1.15338683128357,0,0,417.930786132813,0,140.610000610352,3019.02514648438
46013952000,2451.326171875,235.715896606445,33.9504852294922,0,0,68.478645324707,0,0,126.372657775879,68.3009033203125,0,0,82.3910903930664,0,0,5.08067750930786,0,0,24.9434680938721,0,0,1.81734526157379,0,0,30.5460929870605,1.81734526157379,0,0,15.7833976745605,0,1.3332611322403,0,0,416.004241943359,0,281.220001220703,3845.08129882813
46015973100,1319.67028808594,166.455200195313,15.3528289794922,0,0,37.4660568237305,0,0,68.7207260131836,37.1707496643066,0,0,44.6927909851074,0,0,2.52679061889648,0,0,11.1672134399414,0,0,0.716540277004242,0,0,22.5504055023193,0.73054027557373,0,0,9.75754261016846,0,0.808205604553223,0,0,241.370101928711,0,202.740005493164,2181.89599609375
46015973200,1285.61083984375,152.345123291016,49.3780899047852,0,0,127.609046936035,0,0,128.980102539063,69.5093383789063,0,0,82.9034042358398,0,0,12.8594179153442,0,0,47.0879707336426,0,0,2.13609790802002,0,0,67.2268905639648,3.73955821990967,0,0,28.639612197876,0,1.4253898859024,0,0,432.478149414063,0,188.570007324219,2680.49877929688
46017940200,636.916687011719,41.5370407104492,23.770227432251,0,0,41.0168113708496,0,0,19.5157527923584,10.5785617828369,0,0,12.7352142333984,0,0,4.46560573577881,0,0,8.97059535980225,0,0,8.58381986618042E-02,0,0,10.1441736221313,0.12783819437027,0,0,6.47625160217285,0,0.233232796192169,0,0,127.578155517578,0,51.2299995422363,995.3818359375
46019967600,1275.0830078125,95.8171157836914,18.24831199646,0,0,37.4250869750977,0,0,74.5687484741211,40.1354484558105,0,0,48.7521743774414,0,0,2.77858328819275,0,0,15.5974826812744,0,0,1.33970618247986,0,0,19.189281463623,1.45170617103577,0,0,7.13063907623291,0,0.639103174209595,0,0,219.093643188477,0,408.75,2266
46019967700,3093.5986328125,138.078369140625,33.0788917541504,0,0,98.1487350463867,0,0,126.362380981445,68.3689117431641,0,0,82.5106201171875,0,0,8.20900630950928,0,0,40.376823425293,0,0,2.28098654747009,0,0,76.1268081665039,3.73422122001648,0,0,27.5457382202148,0,1.90080106258392,0,0,617.773071289063,0,725.93994140625,5144.03369140625
46021964100,1066.51208496094,107.413215637207,15.0804538726807,0,0,34.4406127929688,0,0,59.3544044494629,32.100902557373,0,0,38.6821365356445,0,0,3.45933842658997,0,0,10.9927558898926,0,0,0.771814465522766,0,0,16.8623161315918,0.771814465522766,0,0,8.31102275848389,0,0.67217355966568,0,0,195.519897460938,0,184.210006713867,1775.15490722656
46023940200,1346.17407226563,172.953948974609,41.2917900085449,0,0,111.794555664063,0,0,115.888854980469,62.723503112793,0,0,75.6021347045898,0,0,13.9858407974243,0,0,46.6805953979492,0,0,2.8165340423584,0,0,60.6670951843262,5.95533418655396,0,0,20.2155418395996,0,1.48047053813934,0,0,375.69970703125,0,125.349990844727,2579.28002929688
46023940300,1377.21728515625,143.598937988281,21.2709312438965,0,0,87.4929580688477,0,0,100.409286499023,53.8588409423828,0,0,63.5493698120117,0,0,13.2186212539673,0,0,32.8246192932129,0,0,3.05071806907654,0,0,65.4524230957031,5.67376804351807,0,0,18.3686466217041,0,1.34832561016083,0,0,365.604339599609,0,120.989990234375,2473.9287109375
46023970100,1619.767578125,202.784378051758,34.5421485900879,0,0,90.3245162963867,0,0,128.306457519531,69.3152847290039,0,0,83.3771362304688,0,0,9.32871723175049,0,0,39.8601493835449,0,0,2.88581371307373,0,0,52.5175743103027,4.74481344223022,0,0,20.3552742004395,0,1.54727518558502,0,0,401.125885009766,0,33.7900009155273,2794.57299804688
46025955800,2030.57763671875,203.154998779297,37.0379333496094,0,0,151.620697021484,0,0,139.595474243164,75.4977111816406,0,0,91.1320114135742,0,0,25.7938079833984,0,0,68.7097549438477,0,0,7.72968673706055,0,0,105.566902160645,14.5756864547729,0,0,26.2939929962158,0,1.5400687456131,0,0,539.217712402344,0,132.97998046875,3651.02392578125
46027965700,2139.6904296875,135.410232543945,24.2918796539307,0,0,83.7450180053711,0,0,109.981147766113,59.4548797607422,0,0,71.6204452514648,0,0,4.59203815460205,0,0,34.3047790527344,0,0,1.91614520549774,0,0,74.9317779541016,3.26014518737793,0,0,30.7810726165771,0,0.941994845867157,0,0,554.552062988281,0,432.730010986328,3762.2041015625
46027965800,1765.02563476563,143.238586425781,16.2989807128906,0,0,52.6375846862793,0,0,66.5363082885742,36.0717468261719,0,0,43.7646751403809,0,0,10.9295110702515,0,0,21.4570159912109,0,0,1.55023145675659,0,0,27.0198001861572,2.74023127555847,0,0,11.0996437072754,0,1.4212965965271,0,0,310.580657958984,0,162.410003662109,2672.78149414063
46027965900,1702.48315429688,101.136825561523,45.8379783630371,0,0,289.850372314453,0,0,80.13916015625,43.9274101257324,0,0,58.8776092529297,0,0,45.6584815979004,0,0,141.162902832031,0,0,13.7602663040161,0,0,239.386917114258,30.810396194458,0,0,52.1960792541504,0,12.1674470901489,0,0,877.318969726563,0,118.809997558594,3853.52392578125
46029954100,1630.20532226563,126.89973449707,24.1032009124756,0,0,48.0286979675293,0,0,77.5614395141602,41.8102722167969,0,0,50.5791015625,0,0,5.09291696548462,0,0,16.2538280487061,0,0,1.42713797092438,0,0,19.8627681732178,1.56713795661926,0,0,10.2372560501099,0,0.211217999458313,0,0,271.617980957031,0,93.7399978637695,2419.19775390625
46029954301,2191.85375976563,78.4443511962891,23.4031753540039,0,0,87.8431167602539,0,0,85.9542007446289,45.5327491760254,0,0,53.1111297607422,0,0,9.69148445129395,0,0,35.3160552978516,0,0,2.5867931842804,0,0,63.6055755615234,4.52922296524048,0,0,26.6501331329346,0,1.80862045288086,0,0,473.987426757813,0,11.9899997711182,3196.30737304688
46029954302,2735.28198242188,64.1071624755859,11.6285429000854,0,0,74.9370498657227,0,0,101.592964172363,52.6103363037109,0,0,57.2777976989746,0,0,15.6813011169434,0,0,35.5182609558105,0,0,3.68833374977112,0,0,57.0756721496582,6.54033422470093,0,0,20.1139545440674,0,1.43628251552582,0,0,467.115936279297,0,10.8999996185303,3715.50610351563
46029954400,2654.04321289063,245.342086791992,66.5964050292969,0,0,216.456909179688,0,0,266.050842285156,143.956283569336,0,0,173.404418945313,0,0,41.6597709655762,0,0,76.9250717163086,0,0,4.30225706100464,0,0,129.185974121094,7.18296480178833,0,0,52.6122550964355,0,2.43283128738403,0,0,937.498474121094,0,69.7600021362305,5087.4091796875
46029954501,430.448883056641,253.418884277344,57.6305656433105,0,0,121.095909118652,0,0,287.779235839844,155.297485351563,0,0,187.660507202148,0,0,8.16561603546143,0,0,64.1800689697266,0,0,4.56203699111938,0,0,92.3138122558594,5.17919683456421,0,0,30.4518852233887,0,1.05386447906494,0,0,453.888092041016,0,691.059997558594,2844.18627929688
46029954502,2521.81958007813,206.737365722656,71.5127563476563,0,0,145.645736694336,0,0,351.20849609375,187.780853271484,0,0,231.027389526367,0,0,14.7071847915649,0,0,73.2259521484375,0,0,13.3076772689819,0,0,117.87833404541,13.526385307312,0,0,28.384786605835,0,0.825398027896881,0,0,692.882263183594,0,406.570007324219,5077.03955078125
46029954600,1282.87548828125,104.721786499023,13.9870233535767,0,0,29.9657802581787,0,0,49.3635406494141,26.7496700286865,0,0,32.3295745849609,0,0,3.45667695999146,0,0,11.9072885513306,0,0,0.469262003898621,0,0,10.7859201431274,0.469262003898621,0,0,7.3090672492981,0,0.947717249393463,0,0,206.542831420898,0,119.900009155273,1901.78100585938
46031941000,737.525939941406,79.2406463623047,20.2137584686279,0,0,41.9781761169434,0,0,40.0800933837891,21.7240829467773,0,0,26.4501056671143,0,0,4.99477434158325,0,0,15.322057723999,0,0,0.404141694307327,0,0,9.17729377746582,0.404141694307327,0,0,7.63106060028076,0,1.41659760475159,0,0,153.823120117188,0,114.449996948242,1274.8359375
46031941100,794.768737792969,10.9725799560547,3.85757899284363,0,0,10.0469198226929,0,0,7.06808090209961,3.85188603401184,0,0,4.66569471359253,0,0,0.934172213077545,0,0,3.08046865463257,0,0,7.50638023018837E-02,0,0,4.90113162994385,8.90638008713722E-02,0,0,3.57309508323669,0,0.24742679297924,0,0,106.478118896484,0,124.260009765625,1078.86999511719
46033965100,3591.40063476563,96.3915863037109,25.1946620941162,0,0,66.1870269775391,0,0,73.5064239501953,39.7313842773438,0,0,48.0243721008301,0,0,4.12056350708008,0,0,20.1921272277832,0,0,0.882967114448547,0,0,45.1689453125,1.10496711730957,0,0,12.3954582214355,0,1.84117925167084,0,0,467.634704589844,0,717.219970703125,5210.9970703125
46033965200,1653.42297363281,83.0326232910156,31.4778118133545,0,0,103.720054626465,0,0,75.4215545654297,40.6354370117188,0,0,48.6936988830566,0,0,13.3157052993774,0,0,32.5725402832031,0,0,1.93490982055664,0,0,69.5612258911133,3.62582945823669,0,0,19.0470447540283,0,1.90427207946777,0,0,379.768402099609,0,158.050003051758,2716.18408203125
46035962600,1621.8759765625,127.090187072754,16.6646347045898,0,0,34.2640762329102,0,0,59.302375793457,32.0643730163574,0,0,38.5890121459961,0,0,2.52448844909668,0,0,11.7757415771484,0,0,0.596949815750122,0,0,13.6419105529785,0.596949815750122,0,0,8.78943157196045,0,0.396843999624252,0,0,242.411193847656,0,67.5800018310547,2278.16430664063
46035962700,2663.31298828125,193.394622802734,47.4929428100586,0,0,124.05158996582,0,0,196.203979492188,105.925926208496,0,0,127.987632751465,0,0,9.54434394836426,0,0,48.8587303161621,0,0,2.11460518836975,0,0,90.4267272949219,2.47860527038574,0,0,41.3905181884766,0,1.25238418579102,0,0,740.828308105469,0,18.5300006866455,4413.79345703125
46035962800,3079.6376953125,172.18034362793,41.8860321044922,0,0,123.762817382813,0,0,186.518203735352,101.387260437012,0,0,123.335655212402,0,0,10.7114505767822,0,0,62.2060661315918,0,0,3.96922636032104,0,0,100.02082824707,6.94442844390869,0,0,37.2276649475098,0,2.84214949607849,0,0,760.680969238281,0,127.529998779297,4940.84033203125
46035962900,2066.8828125,210.973770141602,54.8163833618164,0,0,193.648101806641,0,0,227.176681518555,122.636436462402,0,0,150.209091186523,0,0,17.6679668426514,0,0,80.687385559082,0,0,6.81346654891968,0,0,165.714584350586,11.1834669113159,0,0,44.7159385681152,0,6.48610210418701,0,0,777.193786621094,0,360.7900390625,4497.59619140625
46037952700,1033.98083496094,105.872200012207,16.213903427124,0,0,50.324634552002,0,0,46.6160278320313,25.2338218688965,0,0,30.3718757629395,0,0,9.07223987579346,0,0,19.336009979248,0,0,1.29439532756805,0,0,21.9206485748291,2.38639521598816,0,0,7.39127349853516,0,1.03076958656311,0,0,201.894989013672,0,44.689998626709,1617.6298828125
46037952800,1173.56860351563,84.6552810668945,27.6141471862793,0,0,69.8806076049805,0,0,90.4651260375977,48.7577247619629,0,0,58.5668792724609,0,0,6.30024671554565,0,0,28.6548881530762,0,0,2.08898901939392,0,0,44.4171142578125,3.05708885192871,0,0,19.3948879241943,0,1.17296397686005,0,0,337.871337890625,0,19.6200008392334,2016.0859375
46037952900,1798.75646972656,89.9793090820313,16.0784397125244,0,0,76.9920043945313,0,0,53.445499420166,28.721529006958,0,0,34.3099098205566,0,0,2.84857439994812,0,0,12.0123872756958,0,0,0.671674728393555,0,0,74.0264358520508,0.84180474281311,0,0,11.7661714553833,0,3.23495221138,0,0,293.663879394531,0,233.259994506836,2730.60888671875
46039953600,1889.71057128906,167.168838500977,29.4871292114258,0,0,64.7747421264648,0,0,105.599876403809,57.0577583312988,0,0,68.8262252807617,0,0,4.37278366088867,0,0,22.9822731018066,0,0,1.58277463912964,0,0,37.300235748291,1.58277463912964,0,0,14.6785001754761,0,1.4013683795929,0,0,348.353088378906,0,141.699996948242,2956.57861328125
46039953700,876.00537109375,25.3756408691406,9.58990478515625,0,0,38.8557662963867,0,0,22.9169864654541,12.481424331665,0,0,15.1630706787109,0,0,11.1985282897949,0,0,10.764310836792,0,0,0.750011920928955,0,0,19.2877674102783,1.45001196861267,0,0,6.92663478851318,0,0.900340855121613,0,0,180.546295166016,0,11.9899997711182,1244.20202636719
46041941500,704.476745605469,0.337270021438599,5.10314032435417E-02,0,0,3.88906240463257,0,0,0.269737392663956,0.14580400288105,0,0,0.174964815378189,0,0,0.197999998927116,0,0,0.733455002307892,0,0,8.79999995231628E-02,0,0,4.84889507293701,0.197999998927116,0,0,2.1326322555542,0,0,0,0,85.1393432617188,0,170.039993286133,972.722900390625
46041941700,1163.60009765625,89.8884658813477,24.0548133850098,0,0,56.3925094604492,0,0,54.9314651489258,29.5386028289795,0,0,35.0969772338867,0,0,6.15615034103394,0,0,18.7313117980957,0,0,0.803592205047607,0,0,19.2420635223389,1.01545214653015,0,0,12.068455696106,0,0.846009194850922,0,0,222.759048461914,0,207.100006103516,1942.22497558594
46043969600,1813.83569335938,239.374099731445,39.9420967102051,0,0,109.398475646973,0,0,136.877655029297,73.8484954833984,0,0,88.9004516601563,0,0,14.9238023757935,0,0,44.4924011230469,0,0,4.18444585800171,0,0,59.4814338684082,6.81982564926147,0,0,22.9797534942627,0,1.33341121673584,0,0,456.354888916016,0,93.7399978637695,3206.48681640625
46045962100,1295.10424804688,114.34449005127,22.4765720367432,0,0,95.439453125,0,0,57.0804634094238,30.9359474182129,0,0,37.3091850280762,0,0,15.6480836868286,0,0,43.2458114624023,0,0,4.6257004737854,0,0,67.3203201293945,9.72370052337646,0,0,14.5099334716797,0,0.888054430484772,0,0,319.835052490234,0,100.279998779297,2228.76708984375
46045962200,1031.50732421875,136.724899291992,19.0074157714844,0,0,48.4021034240723,0,0,72.9450836181641,39.4977874755859,0,0,47.5148620605469,0,0,7.43161392211914,0,0,19.3325252532959,0,0,1.3597549200058,0,0,22.7299404144287,2.04575490951538,0,0,11.4315500259399,0,0.774077594280243,0,0,244.009231567383,0,81.75,1786.46398925781
46047964100,1950.21997070313,109.36612701416,30.2337284088135,0,0,67.4053268432617,0,0,75.2673797607422,40.7712745666504,0,0,49.3680305480957,0,0,5.65854358673096,0,0,25.3443241119385,0,0,0.51335197687149,0,0,29.0522880554199,0.569351971149445,0,0,14.3782730102539,0,2.17427611351013,0,0,350.067840576172,0,401.119995117188,3151.509765625
46047964200,1944.64428710938,90.1604995727539,31.2699928283691,0,0,116.368858337402,0,0,84.2705383300781,45.7996368408203,0,0,55.3356513977051,0,0,13.0586414337158,0,0,43.7444305419922,0,0,2.67616868019104,0,0,85.1059341430664,5.65296363830566,0,0,26.9731216430664,0,2.69383144378662,0,0,502.109466552734,0,353.160003662109,3403.02392578125
46049961100,1304.70544433594,187.911437988281,32.4924812316895,0,0,141.445068359375,0,0,84.7496032714844,45.67724609375,0,0,54.4709091186523,0,0,22.8993549346924,0,0,61.0394744873047,0,0,6.69171905517578,0,0,94.9832000732422,13.8825187683105,0,0,22.218334197998,0,1.28528523445129,0,0,415.141815185547,0,95.9199981689453,2585.51391601563
46051953100,2834.00146484375,255.948364257813,51.1157455444336,0,0,137.107238769531,0,0,203.39924621582,110.139060974121,0,0,132.598175048828,0,0,15.6229343414307,0,0,55.1398811340332,0,0,2.24584412574768,0,0,85.1502532958984,3.55390667915344,0,0,38.6791305541992,0,2.10003638267517,0,0,728.497619628906,0,175.490005493164,4830.7890625
46051953300,1168.95104980469,196.097137451172,18.5658874511719,0,0,36.2769966125488,0,0,75.7491073608398,40.9927062988281,0,0,49.4230575561523,0,0,2.3092360496521,0,0,13.0307121276855,0,0,0.704438030719757,0,0,12.6459655761719,0.704438030719757,0,0,9.70745468139648,0,0.886831521987915,0,0,228.192031860352,0,115.540000915527,1969.77722167969
46053971100,1196.62719726563,128.503936767578,26.7796325683594,0,0,62.6853942871094,0,0,85.5768661499023,46.3397102355957,0,0,55.8271942138672,0,0,8.74316596984863,0,0,21.7841472625732,0,0,1.32097554206848,0,0,28.7906341552734,1.908975481987,0,0,13.5563745498657,0,0.970190405845642,0,0,278.377502441406,0,140.610000610352,2098.40209960938
46053971200,1442.39514160156,124.963249206543,23.826961517334,0,0,49.1712036132813,0,0,74.8249130249023,40.360668182373,0,0,48.3523101806641,0,0,3.88383150100708,0,0,17.9085807800293,0,0,0.796188294887543,0,0,21.8800716400146,0.941888272762299,0,0,11.3204536437988,0,0.68293559551239,0,0,259.894470214844,0,106.819999694824,2228.02294921875
46055960100,1268.75390625,153.212997436523,34.7582054138184,0,0,77.5660095214844,0,0,106.416275024414,57.2516250610352,0,0,69.7993087768555,0,0,8.54993724822998,0,0,29.8436527252197,0,0,2.76222777366638,0,0,37.4577445983887,3.26622772216797,0,0,14.2373638153076,0,1.24908113479614,0,0,301.760467529297,0,134.070007324219,2300.95483398438
46057955100,1803.83947753906,138.425659179688,32.9296226501465,0,0,90.2077026367188,0,0,133.961090087891,72.456428527832,0,0,87.3596725463867,0,0,12.6932573318481,0,0,35.7219161987305,0,0,4.17170429229736,0,0,47.8967552185059,6.2157039642334,0,0,18.4512310028076,0,1.25229489803314,0,0,400.037445068359,0,95.9199981689453,2981.53979492188
46057955200,1427.431640625,132.261032104492,27.0088939666748,0,0,74.7927474975586,0,0,89.7244338989258,48.5508613586426,0,0,58.429759979248,0,0,12.989842414856,0,0,28.6936225891113,0,0,2.14872908592224,0,0,35.0745964050293,3.55479168891907,0,0,13.5501670837402,0,0.806053996086121,0,0,305.700988769531,0,122.080001831055,2382.79833984375
46059975600,1004.67352294922,193.918441772461,23.5557994842529,0,0,49.900562286377,0,0,80.013786315918,43.1899032592773,0,0,52.1525573730469,0,0,4.24060916900635,0,0,18.5773391723633,0,0,1.07560312747955,0,0,18.2423362731934,1.07560312747955,0,0,10.0010185241699,0,1.11917078495026,0,0,224.760696411133,0,104.639999389648,1831.13684082031
46059975700,1188.63586425781,75.8218765258789,21.0253105163574,0,0,64.8844528198242,0,0,78.3750152587891,42.0261383056641,0,0,49.508228302002,0,0,10.6220874786377,0,0,25.788595199585,0,0,1.69253158569336,0,0,37.3868560791016,3.01733160018921,0,0,13.8708333969116,0,0.818669974803925,0,0,274.085144042969,0,63.2200012207031,1950.77880859375
46061964100,1612.36694335938,175.572021484375,21.3643341064453,0,0,112.382270812988,0,0,85.9129791259766,46.3384857177734,0,0,56.1927833557129,0,0,16.5305805206299,0,0,58.3111152648926,0,0,7.3573145866394,0,0,91.1017303466797,14.6373147964478,0,0,17.455982208252,0,0.663388848304749,0,0,399.034729003906,0,51.2299995422363,2766.45190429688
46063968700,727.127685546875,60.9357490539551,12.5856828689575,0,0,27.1338958740234,0,0,32.1870307922363,17.4205627441406,0,0,21.0096187591553,0,0,2.64646458625793,0,0,10.4953002929688,0,0,0.374290287494659,0,0,9.50025463104248,0.492290288209915,0,0,5.44934892654419,0,0.620425581932068,0,0,131.108413696289,0,120.989990234375,1180.07702636719
46065977700,2832.72973632813,164.464096069336,171.588195800781,0,0,306.311584472656,0,0,89.0622482299805,48.3567657470703,0,0,58.9821319580078,0,0,35.2508850097656,0,0,59.9763145446777,0,0,0.682646691799164,0,0,78.2200164794922,1.15477168560028,0,0,41.360767364502,0,3.75262498855591,0,0,712.400207519531,0,182.029998779297,4786.32275390625
46065977800,2076.31689453125,101.00846862793,28.6953144073486,0,0,68.0290832519531,0,0,86.8525543212891,47.1070785522461,0,0,56.7636375427246,0,0,5.13528728485107,0,0,29.216028213501,0,0,1.3897557258606,0,0,45.3044815063477,2.54575562477112,0,0,17.995532989502,0,1.44670677185059,0,0,415.079193115234,0,538.460021972656,3521.345703125
46065977900,1430.08862304688,291.033050537109,109.496856689453,0,0,278.901397705078,0,0,300.233337402344,161.243255615234,0,0,190.696624755859,0,0,30.7293968200684,0,0,105.936279296875,0,0,5.77510356903076,0,0,166.862426757813,10.1809034347534,0,0,58.4190101623535,0,4.36825609207153,0,0,857.87744140625,0,165.679992675781,4167.52197265625
46065978000,1391.24914550781,134.248992919922,17.5461406707764,0,0,33.1929779052734,0,0,71.265251159668,38.5719947814941,0,0,46.3560981750488,0,0,1.41227066516876,0,0,13.896014213562,0,0,0.459561884403229,0,0,18.259220123291,0.459561884403229,0,0,9.41010570526123,0,0.525680780410767,0,0,242.312850952148,0,391.309997558594,2410.47607421875
46067968600,1803.90283203125,188.782958984375,46.3065528869629,0,0,143.156311035156,0,0,164.304885864258,88.367919921875,0,0,107.178939819336,0,0,20.4276466369629,0,0,64.0234680175781,0,0,7.23932218551636,0,0,92.4545974731445,11.9053230285645,0,0,25.0768032073975,0,2.17239260673523,0,0,521.56103515625,0,28.3400001525879,3315.201171875
46067968700,1177.34057617188,100.02172088623,16.1163482666016,0,0,72.2247924804688,0,0,93.7870483398438,49.9272880554199,0,0,58.2524375915527,0,0,13.6443290710449,0,0,35.8357315063477,0,0,3.65496397018433,0,0,53.4470596313477,6.64516401290894,0,0,15.8324937820435,0,0.989707171916962,0,0,315.426361083984,0,29.4300003051758,2042.57592773438
46067968800,1114.58703613281,158.363204956055,16.5208549499512,0,0,80.9814758300781,0,0,58.3017883300781,31.5543880462646,0,0,37.940486907959,0,0,15.2001056671143,0,0,36.591365814209,0,0,4.2735333442688,0,0,57.7340698242188,8.99153327941895,0,0,12.1022272109985,0,0.354680776596069,0,0,282.924224853516,0,25.0699996948242,1941.49072265625
46069976700,795.78076171875,115.250816345215,22.863489151001,0,0,58.0348701477051,0,0,58.6896743774414,31.7979679107666,0,0,38.2734680175781,0,0,8.7232084274292,0,0,18.70339012146,0,0,1.07096946239471,0,0,18.3599109649658,1.60296952724457,0,0,12.0093946456909,0,0.836349248886108,0,0,201.421722412109,0,80.6600036621094,1464.07885742188
46071941200,630.064147949219,14.3586597442627,3.97649359703064,0,0,11.2629127502441,0,0,5.24522066116333,2.8423798084259,0,0,3.42074275016785,0,0,1.60764169692993,0,0,4.42182636260986,0,0,0.229741409420967,0,0,3.83383893966675,0.495741426944733,0,0,2.08698058128357,0,9.20751988887787E-02,0,0,74.9336242675781,0,61.0400009155273,819.912048339844
46071961100,704.892761230469,60.0620803833008,15.398606300354,0,0,48.7784156799316,0,0,38.8242073059082,21.0321865081787,0,0,25.4278163909912,0,0,6.03927516937256,0,0,13.152624130249,0,0,0.521896243095398,0,0,28.036958694458,0.843896269798279,0,0,9.02204513549805,0,1.36771357059479,0,0,169.884567260742,0,122.080001831055,1265.36499023438
46073974100,1281.73974609375,136.032775878906,31.8582324981689,0,0,96.8210906982422,0,0,89.3860855102539,48.3232955932617,0,0,57.8970642089844,0,0,14.7990379333496,0,0,38.5690574645996,0,0,3.22966575622559,0,0,48.2518005371094,5.79745578765869,0,0,17.7933387756348,0,1.26750040054321,0,0,325.141754150391,0,53.4099998474121,2250.31787109375
46075091600,682.388000488281,69.5698852539063,10.2557334899902,0,0,24.0796890258789,0,0,38.8988609313965,21.0869655609131,0,0,25.3883762359619,0,0,1.05715823173523,0,0,8.75096035003662,0,0,0.172629803419113,0,0,15.0399217605591,0.172629803419113,0,0,6.50798749923706,0,0.791951179504395,0,0,141.898223876953,0,105.730003356934,1151.78894042969
46077958100,2138.52563476563,157.662811279297,30.3100700378418,0,0,91.9351577758789,0,0,96.2501525878906,52.0440139770508,0,0,62.830982208252,0,0,13.1016149520874,0,0,36.8567886352539,0,0,3.07507371902466,0,0,52.1382293701172,5.20307397842407,0,0,18.3745765686035,0,1.44824552536011,0,0,425.034637451172,0,71.9400024414063,3256.73095703125
46077958200,1212.61853027344,126.365760803223,30.6850357055664,0,0,78.9576721191406,0,0,92.2227172851563,49.6409339904785,0,0,59.7298049926758,0,0,10.9925661087036,0,0,28.2580490112305,0,0,2.35131621360779,0,0,39.4601745605469,3.24400615692139,0,0,15.5519876480103,0,1.31379520893097,0,0,301.164611816406,0,140.610000610352,2193.16723632813
46079960100,1357.41662597656,108.158599853516,17.4395122528076,0,0,56.8190040588379,0,0,54.7630386352539,29.6313076019287,0,0,35.6452903747559,0,0,7.98457813262939,0,0,23.6667385101318,0,0,2.43030095100403,0,0,34.1796226501465,4.48830080032349,0,0,10.015344619751,0,0.573159217834473,0,0,246.910659790039,0,78.4800033569336,2068.60205078125
46079960200,3206.37280273438,260.566986083984,83.1227874755859,0,0,258.9326171875,0,0,299.772399902344,160.927673339844,0,0,197.492141723633,0,0,38.5309906005859,0,0,113.499526977539,0,0,11.5239734649658,0,0,180.306503295898,17.8346061706543,0,0,52.4351234436035,0,6.35833835601807,0,0,1005.02661132813,0,46.8699989318848,5939.5732421875
46079960300,2057.9365234375,59.9353485107422,16.0837554931641,0,0,47.0128593444824,0,0,47.858154296875,25.8902111053467,0,0,31.1590480804443,0,0,5.65107870101929,0,0,19.5926570892334,0,0,1.79978609085083,0,0,26.6569919586182,3.07378602027893,0,0,9.1946907043457,0,0.451127588748932,0,0,278.065948486328,0,176.580001831055,2806.94189453125
46081966100,3714.18286132813,193.943313598633,49.3156280517578,0,0,190.094268798828,0,0,180.305252075195,96.9757385253906,0,0,115.693946838379,0,0,8.98648738861084,0,0,51.5779914855957,0,0,2.46733951568604,0,0,174.717620849609,3.31433939933777,0,0,36.1849670410156,0,6.73405361175537,0,0,767.774291992188,0,300.839996337891,5893.10791015625
46081966200,1794.04052734375,202.724945068359,53.8959808349609,0,0,162.671905517578,0,0,189.113128662109,102.172706604004,0,0,122.27074432373,0,0,16.5506496429443,0,0,59.5929946899414,0,0,2.21657037734985,0,0,115.776428222656,4.12973546981812,0,0,49.3536033630371,0,2.44387793540955,0,0,751.623229980469,0,201.649993896484,3830.22631835938
46081966301,1587.16174316406,79.0258483886719,21.6381416320801,0,0,99.7883148193359,0,0,76.0656051635742,41.1139068603516,0,0,51.9282875061035,0,0,16.4206199645996,0,0,53.2197380065918,0,0,4.84482479095459,0,0,79.2755661010742,10.0128240585327,0,0,16.113941192627,0,4.30013751983643,0,0,389.271575927734,0,551.539978027344,3081.72119140625
46081966302,2097.44262695313,94.1133117675781,25.2200317382813,0,0,81.1511459350586,0,0,87.9799575805664,47.5913505554199,0,0,58.0120010375977,0,0,4.64290237426758,0,0,25.4131488800049,0,0,0.609570384025574,0,0,63.1952857971191,0.909570336341858,0,0,27.5821647644043,0,2.24828100204468,0,0,497.034637451172,0,466.519989013672,3579.666015625
46081966600,4066.96997070313,110.277679443359,49.7671775817871,0,0,161.715423583984,0,0,110.195991516113,59.2314987182617,0,0,72.5727386474609,0,0,18.3255710601807,0,0,55.2115173339844,0,0,3.73458766937256,0,0,90.996223449707,6.88258743286133,0,0,29.4594802856445,0,2.71667909622192,0,0,700.429565429688,0,358.609985351563,5897.09619140625
46083010101,2006.18737792969,83.3223266601563,22.9669895172119,0,0,49.1099014282227,0,0,98.988395690918,53.223705291748,0,0,64.8169250488281,0,0,3.30820608139038,0,0,23.5537414550781,0,0,1.83038294315338,0,0,32.6514854431152,1.83038294315338,0,0,12.4327020645142,0,0.651825189590454,0,0,348.721710205078,0,55.5899963378906,2859.185546875
46083010102,3343.7060546875,120.690223693848,23.6352958679199,0,0,88.6763458251953,0,0,116.050491333008,62.7754440307617,0,0,75.8864135742188,0,0,4.63510370254517,0,0,28.0251388549805,0,0,1.84478259086609,0,0,89.9565505981445,1.85878264904022,0,0,40.4331398010254,0,1.83383107185364,0,0,753.938354492188,0,0,4753.94580078125
46083010103,2460.86376953125,11.4962100982666,1.97146260738373,0,0,9.18932819366455,0,0,10.2191591262817,5.52049827575684,0,0,6.64564323425293,0,0,7.54862055182457E-02,0,0,2.46370458602905,0,0,5.26381991803646E-02,0,0,10.2526531219482,5.26381991803646E-02,0,0,5.33367490768433,0,1.85504015535116E-02,0,0,274.752593994141,0,196.199996948242,2995.10815429688
46083010104,4775.556640625,113.988677978516,16.2667999267578,0,0,60.3564605712891,0,0,86.4576110839844,46.8657379150391,0,0,56.3600387573242,0,0,1.11772406101227,0,0,25.6034164428711,0,0,0.668426096439362,0,0,64.7319259643555,0.880826056003571,0,0,32.4685211181641,0,2.18127465248108,0,0,805.525451660156,0,0,6089.029296875
46083010105,347.368804931641,31.0021190643311,7.29509687423706,0,0,13.3294019699097,0,0,38.5166511535645,20.7999877929688,0,0,25.0117607116699,0,0,0.591715276241302,0,0,7.03737115859985,0,0,0.591715276241302,0,0,9.21622276306152,0.591715276241302,0,0,3.40016198158264,0,4.76364009082317E-02,0,0,74.6276397705078,0,0,579.427978515625
46083010106,583.24365234375,14.3450202941895,2.40108394622803,0,0,4.36096000671387,0,0,13.0953903198242,7.10505628585815,0,0,8.56278991699219,0,0,3.00404988229275E-02,0,0,2.98562955856323,0,0,3.00404988229275E-02,0,0,3.04141902923584,3.00404988229275E-02,0,0,1.50241827964783,0,0.209206402301788,0,0,71.6143035888672,0,14.1700000762939,726.727111816406
46083010107,2404.73461914063,46.9796867370605,13.1093111038208,0,0,28.3966999053955,0,0,46.1800498962402,24.9829692840576,0,0,30.0657386779785,0,0,1.55688989162445,0,0,12.3596963882446,0,0,0.251712292432785,0,0,17.5565185546875,0.251712292432785,0,0,7.51702737808228,0,0.386355578899384,0,0,295.848022460938,0,0,2930.17724609375
46083010108,880.256469726563,71.5487670898438,17.1138191223145,0,0,30.1576404571533,0,0,87.9108352661133,47.3139953613281,0,0,57.3165054321289,0,0,1.89736938476563,0,0,15.554051399231,0,0,1.81810820102692,0,0,19.520902633667,1.81810820102692,0,0,6.24506711959839,0,6.56120013445616E-03,0,0,171.553756713867,0,18.5300006866455,1428.56201171875
46083010200,1813.31689453125,127.834091186523,39.7642402648926,0,0,104.363700866699,0,0,141.458923339844,75.6487197875977,0,0,90.7474212646484,0,0,13.9039154052734,0,0,44.9697494506836,0,0,4.0578465461731,0,0,63.3644981384277,5.69885683059692,0,0,22.3256092071533,0,1.1854088306427,0,0,454.684967041016,0,62.1300048828125,3065.455078125
46083010300,2351.60205078125,106.075531005859,18.8300876617432,0,0,57.691535949707,0,0,82.4930648803711,44.5873565673828,0,0,53.9729652404785,0,0,7.69189882278442,0,0,24.8873291015625,0,0,1.90406370162964,0,0,38.9003829956055,3.02495360374451,0,0,15.4515323638916,0,0.719938814640045,0,0,405.999176025391,0,105.730003356934,3319.56201171875
46083010400,1422.06701660156,139.014678955078,18.4703006744385,0,0,62.946891784668,0,0,78.6713409423828,42.4698715209961,0,0,51.2158355712891,0,0,12.5756330490112,0,0,22.9574375152588,0,0,2.04757213592529,0,0,39.1128921508789,3.46157217025757,0,0,11.6585159301758,0,0.473008006811142,0,0,296.897491455078,0,38.1500015258789,2242.19018554688
46085940100,465.803649902344,25.5221099853516,11.493203163147,0,0,27.6254730224609,0,0,18.0200881958008,9.77723407745361,0,0,12.1061315536499,0,0,3.22180223464966,0,0,9.21642208099365,0,0,9.05753970146179E-02,0,0,9.9993839263916,0.164575397968292,0,0,6.19241189956665,0,0.861285805702209,0,0,100.909637451172,0,30.5200004577637,731.52392578125
46085972600,1395.98364257813,166.936065673828,30.5919971466064,0,0,75.0967483520508,0,0,95.8705291748047,51.8614387512207,0,0,62.3869514465332,0,0,5.28423118591309,0,0,23.9127979278564,0,0,0.814527332782745,0,0,37.9782028198242,0.814527332782745,0,0,15.8515424728394,0,1.82328712940216,0,0,311.742462158203,0,195.109985351563,2472.05908203125
46087964600,1630.4443359375,153.789443969727,35.7679176330566,0,0,109.290077209473,0,0,136.589447021484,73.5506973266602,0,0,89.5210418701172,0,0,15.3540287017822,0,0,50.757022857666,0,0,5.03763675689697,0,0,73.829963684082,8.20163631439209,0,0,20.3190860748291,0,1.28575193881989,0,0,440.308959960938,0,56.6800003051758,2900.72680664063
46087964700,1359.48571777344,99.9429550170898,14.8591146469116,0,0,59.787712097168,0,0,52.7640228271484,28.5682258605957,0,0,34.3726234436035,0,0,13.0998458862305,0,0,19.0252456665039,0,0,1.56336534023285,0,0,33.5050277709961,2.76736521720886,0,0,10.3833208084106,0,0.942900776863098,0,0,257.713500976563,0,26.1599998474121,2014.94104003906
46089963100,1523.45739746094,232.40983581543,31.4069747924805,0,0,111.934104919434,0,0,103.563827514648,56.1392059326172,0,0,67.7825241088867,0,0,13.960108757019,0,0,56.0336380004883,0,0,4.78080892562866,0,0,77.1048278808594,9.63880920410156,0,0,25.4662742614746,0,1.95554566383362,0,0,475.777130126953,0,117.720001220703,2909.13110351563
46091950800,2688.18701171875,229.253616333008,47.2788505554199,0,0,158.995346069336,0,0,157.828414916992,84.9316711425781,0,0,102.083442687988,0,0,21.0643882751465,0,0,68.7287292480469,0,0,6.61893701553345,0,0,108.668395996094,12.2380199432373,0,0,29.0840377807617,0,1.9352707862854,0,0,635.913940429688,0,390.219970703125,4743.0302734375
46093020200,206.470199584961,19.3772392272949,6.69640445709229,0,0,90.5875396728516,0,0,18.5612602233887,10.0331134796143,0,0,12.0397367477417,0,0,14.9122867584229,0,0,49.666934967041,0,0,6.25319719314575,0,0,86.3435363769531,14.0291957855225,0,0,11.5456399917603,0,0.110552400350571,0,0,195.343139648438,0,0,741.969970703125
46093020301,3471.98803710938,107.750503540039,23.5570297241211,0,0,51.3800239562988,0,0,101.507843017578,54.8704223632813,0,0,66.0256042480469,0,0,2.25635075569153,0,0,25.6476421356201,0,0,0.794475913047791,0,0,36.5373764038086,0.850475907325745,0,0,15.6553516387939,0,0.714363515377045,0,0,497.483581542969,0,691.059997558594,5148.0791015625
46093020302,2507.64282226563,136.421875,45.1080780029297,0,0,83.863410949707,0,0,146.572799682617,79.1678466796875,0,0,95.4360580444336,0,0,5.79383754730225,0,0,34.1701354980469,0,0,1.81468105316162,0,0,44.1033668518066,2.12268114089966,0,0,18.5208873748779,0,0.650035202503204,0,0,459.823364257813,0,442.540008544922,4103.75244140625
46093020400,3191.46826171875,219.860946655273,71.5441436767578,0,0,189.828918457031,0,0,223.706680297852,120.799781799316,0,0,146.405288696289,0,0,17.1791191101074,0,0,72.1342620849609,0,0,3.75978922843933,0,0,117.96118927002,5.81931924819946,0,0,47.9685020446777,0,4.45452880859375,0,0,851.229370117188,0,449.079956054688,5733.20068359375
46093020500,2087.17431640625,102.703437805176,35.9892082214355,0,0,110.255393981934,0,0,42.9807548522949,23.3119964599609,0,0,28.1228103637695,0,0,14.2983436584473,0,0,34.4582557678223,0,0,1.82226490974426,0,0,41.9392280578613,3.53426480293274,0,0,25.4361820220947,0,1.17818403244019,0,0,420.313140869141,0,489.410003662109,3462.927734375
46095940300,787.695129394531,49.1003913879395,14.3847980499268,0,0,39.0356712341309,0,0,24.6150417327881,13.3309202194214,0,0,16.1096496582031,0,0,5.01112127304077,0,0,14.4289770126343,0,0,0.845889091491699,0,0,14.3603134155273,1.53188908100128,0,0,6.63285827636719,0,0.765557587146759,0,0,144.646850585938,0,187.479995727539,1319.97497558594
46097961600,1525.7177734375,165.013168334961,25.0482654571533,0,0,68.8759689331055,0,0,82.7368392944336,44.661319732666,0,0,53.3417892456055,0,0,10.3852844238281,0,0,27.3798503875732,0,0,1.86075150966644,0,0,31.764820098877,3.16800165176392,0,0,14.99192237854,0,1.12759912014008,0,0,320.774627685547,0,65.4000015258789,2442.24780273438
46099000100,1522.654296875,889.938415527344,282.9765625,0,0,583.858154296875,0,0,1236.6650390625,665.760803222656,0,0,806.540893554688,0,0,42.9246520996094,0,0,286.30224609375,0,0,27.1993923187256,0,0,408.504180908203,31.6293926239014,0,0,121.926826477051,0,4.03765916824341,0,0,1900.29736328125,0,182.029998779297,8993.2470703125
46099000201,1704.72924804688,133.956268310547,22.4294815063477,0,0,119.481552124023,0,0,112.963218688965,60.9978408813477,0,0,73.1443862915039,0,0,14.4838037490845,0,0,47.3961486816406,0,0,3.43645477294922,0,0,111.121208190918,6.62283515930176,0,0,40.419376373291,0,2.44957733154297,0,0,660.447570800781,0,183.119995117188,3297.19873046875
46099000202,911.303344726563,155.172821044922,35.9109420776367,0,0,95.5550537109375,0,0,181.833602905273,98.1757659912109,0,0,118.327369689941,0,0,3.58092832565308,0,0,34.9337120056152,0,0,2.94920039176941,0,0,82.6377410888672,2.94920039176941,0,0,36.0404815673828,0,1.11686313152313,0,0,522.161987304688,0,10.8999996185303,2293.548828125
46099000300,1700.51245117188,103.075729370117,32.590633392334,0,0,70.928596496582,0,0,137.827362060547,74.5152130126953,0,0,90.0137100219727,0,0,5.1528000831604,0,0,28.0857620239258,0,0,2.26720952987671,0,0,41.3769493103027,2.26720952987671,0,0,22.9814014434814,0,1.082390666008,0,0,411.576568603516,0,82.8399963378906,2807.09375
46099000401,1330.52795410156,30.8331604003906,6.19925260543823,0,0,16.3938751220703,0,0,32.9383773803711,17.8157253265381,0,0,21.3944072723389,0,0,0.284586399793625,0,0,6.49890661239624,0,0,0.284586399793625,0,0,14.620903968811,0.284586399793625,0,0,7.09451341629028,0,0.142438396811485,0,0,201.543655395508,0,11.9899997711182,1698.8466796875
46099000405,1833.74267578125,93.6881713867188,14.247875213623,0,0,54.8277816772461,0,0,77.1241455078125,41.8075752258301,0,0,50.3339958190918,0,0,1.11110937595367,0,0,19.8754177093506,0,0,0.554709434509277,0,0,59.425594329834,0.554709434509277,0,0,26.8514537811279,0,1.50670671463013,0,0,478.943267822266,0,42.5099983215332,2797.10546875
46099000406,1345.93688964844,74.500358581543,14.6012983322144,0,0,44.4804191589355,0,0,63.5032615661621,34.4189720153809,0,0,41.4316520690918,0,0,1.95395851135254,0,0,19.7739944458008,0,0,0.407376915216446,0,0,36.6731147766113,0.827376902103424,0,0,18.226245880127,0,0.77827525138855,0,0,331.331878662109,0,9.8100004196167,2038.6552734375
46099000407,1333.41235351563,42.4172897338867,9.97813415527344,0,0,40.7819290161133,0,0,38.8728485107422,21.0318870544434,0,0,25.3327789306641,0,0,3.47678661346436,0,0,16.9454860687256,0,0,1.21284925937653,0,0,34.0317878723145,2.4028491973877,0,0,13.34153175354,0,0.353271186351776,0,0,272.507232666016,0,93.7399978637695,1949.8388671875
46099000408,1600.63488769531,33.4429016113281,8.46252822875977,0,0,32.9157485961914,0,0,34.8894920349121,18.8418159484863,0,0,22.65553855896,0,0,1.75682044029236,0,0,11.1831703186035,0,0,0.675068795681,0,0,30.5369606018066,1.02506875991821,0,0,14.3003368377686,0,3.24155986309052E-02,0,0,298.858093261719,0,143.880004882813,2254.0908203125
46099000500,1494.63195800781,199.928024291992,49.5506858825684,0,0,256.614044189453,0,0,335.486450195313,176.012878417969,0,0,198.381439208984,0,0,33.3519821166992,0,0,135.314086914063,0,0,16.3718814849854,0,0,231.83837890625,30.2196617126465,0,0,56.8047409057617,0,1.84497964382172,0,0,827.411010742188,0,9.8100004196167,4053.572265625
46099000600,1183.09521484375,100.018753051758,14.1052627563477,0,0,69.822509765625,0,0,65.4489974975586,35.408317565918,0,0,42.812614440918,0,0,4.72816514968872,0,0,33.2905158996582,0,0,2.13416433334351,0,0,74.9291152954102,4.28539943695068,0,0,29.7280025482178,0,0.722931563854218,0,0,470.984954833984,0,0,2131.51489257813
46099000700,2069.21142578125,429.303283691406,91.5112228393555,0,0,224.967422485352,0,0,371.642730712891,201.55924987793,0,0,243.59162902832,0,0,11.4015874862671,0,0,113.541748046875,0,0,4.38002824783325,0,0,189.315689086914,5.42592334747314,0,0,89.3092727661133,0,7.27030086517334,0,0,1292.85437011719,0,0,5345.2861328125
46099000900,1950.43835449219,84.7760162353516,14.9981985092163,0,0,46.898494720459,0,0,79.4932632446289,43.0280151367188,0,0,51.8094062805176,0,0,0.603896617889404,0,0,18.7423362731934,0,0,0.530194997787476,0,0,46.8961563110352,0.530194997787476,0,0,20.9886493682861,0,1.01529884338379,0,0,421.560485839844,0,25.0699996948242,2807.37963867188
46099001001,742.479614257813,95.2013473510742,27.6071033477783,0,0,51.0479049682617,0,0,129.806121826172,69.9605484008789,0,0,84.5271911621094,0,0,3.4438316822052,0,0,25.7431354522705,0,0,2.26727938652039,0,0,28.9595432281494,2.26727938652039,0,0,11.8506011962891,0,0.24720598757267,0,0,227.441299438477,0,947.2099609375,2450.06005859375
46099001002,1521.98266601563,66.3636245727539,18.3547420501709,0,0,68.8829040527344,0,0,97.1216888427734,52.4265365600586,0,0,63.1784248352051,0,0,1.77028369903564,0,0,18.4888553619385,0,0,1.53228366374969,0,0,68.7906723022461,1.77028369903564,0,0,27.2551651000977,0,0.768088817596436,0,0,455.763793945313,0,813.140014648438,3277.58984375
46099001101,1667.49438476563,708.784729003906,136.171203613281,0,0,364.219055175781,0,0,660.762573242188,357.108612060547,0,0,429.148529052734,0,0,38.8498382568359,0,0,150.681228637695,0,0,3.86823701858521,0,0,270.657592773438,4.06765174865723,0,0,124.270080566406,0,2.10559320449829,0,0,1716.73168945313,0,180.940002441406,6815.86083984375
46099001105,3145.771484375,17.767879486084,2.94759011268616,0,0,16.7509307861328,0,0,15.5639190673828,8.40548610687256,0,0,10.1060228347778,0,0,1.30138492584229,0,0,4.55153703689575,0,0,0.183585107326508,0,0,17.5212173461914,0.295585095882416,0,0,8.55357360839844,0,0,0,0,372.838836669922,0,0,3622.55883789063
46099001106,4865.61669921875,55.8757019042969,14.8453731536865,0,0,44.7522048950195,0,0,51.9195137023926,28.1781063079834,0,0,33.9712142944336,0,0,7.5963716506958,0,0,16.3580303192139,0,0,0.199347391724586,0,0,23.2767925262451,0.199347391724586,0,0,14.0190467834473,0,0.897192358970642,0,0,585.672119140625,0,0,5743.3759765625
46099001107,1731.93994140625,52.5922393798828,10.2326507568359,0,0,35.1823463439941,0,0,43.3686447143555,23.5308170318604,0,0,28.3595066070557,0,0,0.998485743999481,0,0,12.0565814971924,0,0,9.78306010365486E-02,0,0,31.4687805175781,9.78306010365486E-02,0,0,13.5992650985718,0,1.1123720407486,0,0,308.396789550781,0,65.4000015258789,2358.43408203125
46099001108,2213.830078125,52.3744888305664,7.99850511550903,0,0,104.751327514648,0,0,45.6999778747559,24.9775276184082,0,0,30.4512767791748,0,0,11.8892974853516,0,0,40.9859046936035,0,0,4.21327543258667,0,0,114.023941040039,9.19289779663086,0,0,34.6572113037109,0,1.7371791601181,0,0,627.755126953125,0,10.8999996185303,3335.43774414063
46099001200,2596.759765625,106.125289916992,104.227836608887,0,0,236.022583007813,0,0,97.946533203125,52.0701446533203,0,0,60.3587417602539,0,0,34.7871322631836,0,0,64.8805084228516,0,0,4.52812910079956,0,0,95.0799407958984,9.14046669006348,0,0,33.1649742126465,0,2.28116154670715,0,0,622.625915527344,0,21.7999992370605,4141.79833984375
46099001500,2406.13842773438,395.605133056641,78.9839477539063,0,0,246.014923095703,0,0,356.982177734375,193.104034423828,0,0,233.501403808594,0,0,25.4404773712158,0,0,128.431121826172,0,0,7.20861387252808,0,0,189.227416992188,14.1930713653564,0,0,69.1601867675781,0,5.03688812255859,0,0,1111.70007324219,0,34.8800010681152,5495.60791015625
46099001600,1863.61755371094,40.5636711120605,7.52835178375244,0,0,20.4512748718262,0,0,27.6839580535889,14.9583225250244,0,0,18.0409164428711,0,0,1.1214234828949,0,0,8.97066974639893,0,0,0.200153395533562,0,0,15.5242300033569,0.200153395533562,0,0,8.6839656829834,0,0.192000806331635,0,0,260.826446533203,0,0,2288.56323242188
46099001700,1302.59484863281,25.921630859375,4.88820934295654,0,0,14.9785537719727,0,0,20.880895614624,11.2129573822021,0,0,13.24485206604,0,0,1.1541873216629,0,0,7.87866258621216,0,0,0.274654984474182,0,0,11.3005704879761,0.517194986343384,0,0,5.63802862167358,0,0.370134383440018,0,0,178.704605102539,0,11.9899997711182,1611.54992675781
46099001801,3217.59716796875,116.579467773438,23.902587890625,0,0,97.5961456298828,0,0,100.132598876953,54.1376571655273,0,0,64.9081039428711,0,0,15.2372121810913,0,0,30.7742691040039,0,0,1.27328288555145,0,0,69.4661026000977,2.06137013435364,0,0,35.8985710144043,0,1.25852847099304,0,0,704.94775390625,0,13.0799999237061,4548.85107421875
46099001803,3145.49975585938,34.259349822998,7.17271327972412,0,0,22.1968727111816,0,0,29.2446537017822,15.8453159332275,0,0,19.0662651062012,0,0,1.87772381305695,0,0,8.26394367218018,0,0,5.38874007761478E-02,0,0,16.3592967987061,5.38874007761478E-02,0,0,9.1614818572998,0,0.295592397451401,0,0,378.809295654297,0,0,3688.15966796875
46099001804,2036.99304199219,42.2707786560059,7.30825424194336,0,0,19.6099624633789,0,0,40.3733062744141,21.937671661377,0,0,26.4837493896484,0,0,8.08619037270546E-02,0,0,10.0397710800171,0,0,8.08619037270546E-02,0,0,18.2840633392334,8.08619037270546E-02,0,0,9.0108757019043,0,0.980505168437958,0,0,291.924560546875,0,0,2525.45922851563
46099001901,1045.32360839844,63.834789276123,9.84963226318359,0,0,23.0718955993652,0,0,38.4176864624023,20.831579208374,0,0,25.0955276489258,0,0,1.32697510719299,0,0,12.6885175704956,0,0,0.225656196475029,0,0,16.4298725128174,0.242508709430695,0,0,10.3297338485718,0,0.39491280913353,0,0,212.21711730957,0,0,1480.2802734375
46099001902,3113.21484375,62.4768104553223,10.9850969314575,0,0,39.1246795654297,0,0,58.4281196594238,31.6031360626221,0,0,37.9682693481445,0,0,1.42809307575226,0,0,12.4814357757568,0,0,0.422293215990067,0,0,38.8362350463867,0.422293215990067,0,0,12.0870676040649,0,1.00422596931458,0,0,420.7744140625,0,0,3841.25708007813
46099010101,2253.57202148438,199.01496887207,33.0129013061523,0,0,80.7626266479492,0,0,102.802825927734,55.6013221740723,0,0,66.8334732055664,0,0,11.0498447418213,0,0,33.3547439575195,0,0,1.28774750232697,0,0,40.537353515625,2.0297474861145,0,0,20.6113681793213,0,0.673962414264679,0,0,452.320892333984,0,119.900009155273,3473.36572265625
46099010102,2009.97131347656,94.478385925293,22.369592666626,0,0,70.0342102050781,0,0,84.3000640869141,45.4058227539063,0,0,54.2967910766602,0,0,10.3581085205078,0,0,27.7145500183105,0,0,1.53369796276093,0,0,42.8290328979492,2.62041044235229,0,0,19.0959568023682,0,0.626292407512665,0,0,402.670776367188,0,54.5,2942.80517578125
46099010200,1367.93627929688,129.224624633789,22.639368057251,0,0,46.4372444152832,0,0,79.5490188598633,42.7381973266602,0,0,52.2643814086914,0,0,4.81341123580933,0,0,19.3771839141846,0,0,1.9904351234436,0,0,20.0589847564697,1.9904351234436,0,0,8.95837879180908,0,0.853554010391235,0,0,246.952484130859,0,138.429992675781,2184.21411132813
46099010300,2849.2841796875,139.219757080078,29.0842609405518,0,0,60.1730690002441,0,0,105.197311401367,56.9423446655273,0,0,68.5241165161133,0,0,4.81739377975464,0,0,25.5190982818604,0,0,0.762228846549988,0,0,26.3138618469238,0.810936331748962,0,0,16.1718463897705,0,0.838991582393646,0,0,437.439575195313,0,38.1500015258789,3859.2490234375
46099010401,659.386108398438,33.1237907409668,6.64546966552734,0,0,11.4707736968994,0,0,35.086784362793,18.9477863311768,0,0,22.7844676971436,0,0,0.328619211912155,0,0,6.80249691009521,0,0,0.328619211912155,0,0,7.46664571762085,0.328619211912155,0,0,3.46124649047852,0,0,0,0,104.386604309082,0,0,910.548034667969
46099010402,1367.06115722656,63.5121192932129,8.47132396697998,0,0,17.6280651092529,0,0,36.9795837402344,20.0442047119141,0,0,24.2145824432373,0,0,0.962428331375122,0,0,8.00319766998291,0,0,0.355497121810913,0,0,9.72237968444824,0.355497121810913,0,0,5.91522073745728,0,0.604438841342926,0,0,193.13134765625,0,64.3099975585938,1821.27099609375
46099010403,753.380676269531,20.5991706848145,3.68515062332153,0,0,6.4074010848999,0,0,19.4336547851563,10.4840021133423,0,0,12.6348028182983,0,0,0.290719002485275,0,0,3.73484587669373,0,0,0.290719002485275,0,0,4.33646678924561,0.290719002485275,0,0,1.87588453292847,0,0,0,0,91.8588256835938,0,0,929.303100585938
46099010404,2260.232421875,120.938438415527,36.9971122741699,0,0,74.6653366088867,0,0,147.078857421875,78.9992523193359,0,0,96.4402160644531,0,0,7.24377059936523,0,0,33.7609786987305,0,0,4.11956405639648,0,0,43.0654945373535,4.51602172851563,0,0,12.8712644577026,0,0.7661412358284,0,0,398.470092773438,0,190.75,3510.9150390625
46099010405,1864.47241210938,118.54035949707,28.4369068145752,0,0,79.3936157226563,0,0,132.642242431641,71.6275024414063,0,0,86.1587982177734,0,0,6.72331857681274,0,0,38.2688179016113,0,0,3.27252507209778,0,0,63.2003326416016,4.79252529144287,0,0,20.6109962463379,0,0.655909955501556,0,0,419.388732910156,0,22.8899993896484,2961.07495117188
46099010406,946.609313964844,221.573623657227,14.4883184432983,0,0,25.2975578308105,0,0,76.5811157226563,41.3951950073242,0,0,49.6742362976074,0,0,0.848253667354584,0,0,6.95133018493652,0,0,0.848253667354584,0,0,9.1405782699585,0.848253667354584,0,0,7.37376594543457,0,0,0,0,179.4521484375,0,23.9799995422363,1605.06201171875
46099010501,2380.46215820313,89.1529998779297,27.7525768280029,0,0,66.4565277099609,0,0,122.482818603516,65.7745513916016,0,0,80.3471069335938,0,0,6.12200355529785,0,0,28.5231170654297,0,0,2.77179956436157,0,0,48.6181907653809,2.77179956436157,0,0,17.594669342041,0,0.704798400402069,0,0,447.222869873047,0,0,3386.75854492188
46099010502,1808.85388183594,30.7991600036621,9.61844539642334,0,0,19.8507423400879,0,0,26.0809059143066,14.2187881469727,0,0,17.3070106506348,0,0,1.63786172866821,0,0,8.95983409881592,0,0,0.180897891521454,0,0,8.980712890625,0.202022895216942,0,0,5.22622013092041,0,1.18278634548187,0,0,225.134750366211,0,19.6200008392334,2197.85400390625
46099010600,2529.89965820313,315.100189208984,56.3873062133789,0,0,335.863403320313,0,0,362.876617431641,187.953704833984,0,0,210.627960205078,0,0,57.7906799316406,0,0,195.437042236328,0,0,19.4203453063965,0,0,290.023712158203,38.192310333252,0,0,64.6137237548828,0,10.4320430755615,0,0,1030.73620605469,0,11.9899997711182,5717.345703125
46101959600,1846.18444824219,150.621383666992,21.5932197570801,0,0,58.4137077331543,0,0,77.0608901977539,41.6973533630371,0,0,50.1458473205566,0,0,6.08823204040527,0,0,25.5186538696289,0,0,1.9781346321106,0,0,31.225133895874,3.46213459968567,0,0,12.4421110153198,0,0.791383564472198,0,0,320.711273193359,0,79.5699996948242,2727.50341796875
46101959700,1805.57263183594,95.0459671020508,29.5189304351807,0,0,78.0107879638672,0,0,79.2474975585938,42.7312393188477,0,0,51.368236541748,0,0,10.8930168151855,0,0,28.0767440795898,0,0,1.53710460662842,0,0,41.1536293029785,2.51709461212158,0,0,18.7729301452637,0,1.16270482540131,0,0,384.731414794922,0,71.9400024414063,2742.27954101563
46103010200,2255.78833007813,486.441680908203,116.337928771973,0,0,342.854797363281,0,0,400.999938964844,218.059860229492,0,0,264.121246337891,0,0,24.1251335144043,0,0,153.203552246094,0,0,6.3264307975769,0,0,267.659393310547,11.5481929779053,0,0,109.606452941895,0,13.1636123657227,0,0,1567.97436523438,0,0,6238.2109375
46103010300,1070.13854980469,45.3467407226563,12.15638256073,0,0,56.2095260620117,0,0,40.2928886413574,21.9407768249512,0,0,26.5948963165283,0,0,4.37853050231934,0,0,18.7302207946777,0,0,1.05897760391235,0,0,47.9075660705566,2.29489517211914,0,0,22.0047035217285,0,0.572163581848145,0,0,342.041137695313,0,80.6600036621094,1792.32800292969
46103010400,1519.17846679688,99.3763122558594,20.5191955566406,0,0,80.5019226074219,0,0,90.0594329833984,48.783504486084,0,0,58.6958847045898,0,0,1.23719358444214,0,0,21.6787757873535,0,0,8.54296982288361E-02,0,0,80.1842422485352,0.152727201581001,0,0,23.4578380584717,0,2.55933570861816,0,0,411.926696777344,0,315.010009765625,2773.40698242188
46103010500,1088.85632324219,266.327362060547,68.9277648925781,0,0,215.463424682617,0,0,273.475006103516,147.790603637695,0,0,181.999755859375,0,0,20.988338470459,0,0,96.5730667114258,0,0,6.23255252838135,0,0,165.559524536133,11.3005523681641,0,0,51.7741546630859,0,8.44594764709473,0,0,779.918640136719,0,293.209991455078,3676.84301757813
46103010600,1641.10290527344,60.1485290527344,18.5493030548096,0,0,47.0458869934082,0,0,71.6349639892578,38.585620880127,0,0,46.8468818664551,0,0,3.57580471038818,0,0,16.7339515686035,0,0,1.19912719726563,0,0,32.9402084350586,1.19912719726563,0,0,14.1169118881226,0,0.547005534172058,0,0,317.332611083984,0,129.710006713867,2441.26879882813
46103010700,2200.56958007813,31.285270690918,11.0911598205566,0,0,54.6521987915039,0,0,22.8406620025635,12.4600601196289,0,0,15.1099081039429,0,0,9.13716506958008,0,0,17.7337760925293,0,0,1.10430467128754,0,0,34.5132102966309,2.42030477523804,0,0,16.2547340393066,0,0.899185180664063,0,0,373.574401855469,0,26.1599998474121,2829.80541992188
46103010800,2328.53369140625,130.54801940918,31.7043838500977,0,0,116.09521484375,0,0,100.035934448242,54.2433967590332,0,0,65.8346862792969,0,0,10.9718227386475,0,0,36.0828399658203,0,0,0.912232220172882,0,0,85.8480224609375,1.44423222541809,0,0,37.1881217956543,0,3.31941246986389,0,0,618.841064453125,0,21.7999992370605,3643.40356445313
46103010903,2943.66723632813,55.3826599121094,14.5788221359253,0,0,31.4128379821777,0,0,64.0987548828125,34.6683387756348,0,0,41.7167549133301,0,0,1.46863031387329,0,0,14.4060029983521,0,0,0.728951811790466,0,0,21.5526237487793,0.740951836109161,0,0,10.0505018234253,0,0.545763194561005,0,0,386.151916503906,0,758.640014648438,4379.81103515625
46103010904,2027.06811523438,79.6012725830078,17.4173679351807,0,0,144.310836791992,0,0,209.954086303711,107.179252624512,0,0,113.11466217041,0,0,23.3805541992188,0,0,81.3566131591797,0,0,10.8354864120483,0,0,133.414321899414,20.130220413208,0,0,31.1970710754395,0,0.379522383213043,0,0,511.154846191406,0,210.369995117188,3720.8642578125
46103010905,2142.97045898438,77.1104736328125,13.4348344802856,0,0,62.1340560913086,0,0,68.8030624389648,36.9375,0,0,43.6871871948242,0,0,7.77179193496704,0,0,19.4816017150879,0,0,0.747227311134338,0,0,53.1705932617188,1.46468734741211,0,0,22.9773769378662,0,0.288811981678009,0,0,458.608306884766,0,141.699996948242,3151.2880859375
46103010906,2247.46655273438,142.921051025391,29.9913597106934,0,0,59.195613861084,0,0,131.373474121094,70.8766555786133,0,0,85.5986099243164,0,0,3.94909977912903,0,0,31.7142562866211,0,0,2.05386662483215,0,0,38.3423309326172,2.05386662483215,0,0,18.2858180999756,0,0.602899610996246,0,0,431.325592041016,0,564.619995117188,3860.37158203125
46103010907,875.192260742188,178.413421630859,39.564094543457,0,0,75.5446472167969,0,0,203.694381713867,109.950126647949,0,0,132.529556274414,0,0,5.07483243942261,0,0,44.6835708618164,0,0,4.10799503326416,0,0,54.3924026489258,4.39572477340698,0,0,24.095495223999,0,1.17209362983704,0,0,392.157440185547,0,331.359985351563,2476.328125
46103011001,1383.56384277344,183.524932861328,34.006477355957,0,0,100.479042053223,0,0,166.02946472168,89.7352828979492,0,0,107.877075195313,0,0,10.7204008102417,0,0,55.0159759521484,0,0,3.17314434051514,0,0,79.8815231323242,6.14114427566528,0,0,25.3171501159668,0,0.616288423538208,0,0,467.478240966797,0,0,2713.5595703125
46103011002,3430.38842773438,59.214241027832,13.6196985244751,0,0,48.986442565918,0,0,43.2936592102051,23.4613418579102,0,0,28.3768196105957,0,0,2.70160937309265,0,0,14.8984689712524,0,0,0.393779397010803,0,0,38.8469505310059,0.449779391288757,0,0,20.3625679016113,0,1.05829417705536,0,0,526.421813964844,0,102.459999084473,4354.93359375
46103011004,3679.67846679688,93.7953796386719,18.5766487121582,0,0,48.9673004150391,0,0,88.7622909545898,48.0105285644531,0,0,57.7417526245117,0,0,1.21202802658081,0,0,20.8900318145752,0,0,0.455625206232071,0,0,40.7203025817871,0.455625206232071,0,0,11.7572555541992,0,1.45209193229675,0,0,471.200622558594,0,0,4583.67578125
46103011005,1530.73278808594,77.9556579589844,16.5712051391602,0,0,63.7124366760254,0,0,65.9334182739258,35.693920135498,0,0,42.9983596801758,0,0,1.76866829395294,0,0,18.8777141571045,0,0,0.521707892417908,0,0,64.1198959350586,0.695707857608795,0,0,12.9338102340698,0,2.72914624214172,0,0,300.170593261719,0,253.970001220703,2489.38500976563
46103011100,1448.37084960938,67.5784912109375,22.1315326690674,0,0,64.2128601074219,0,0,37.914608001709,20.3966293334961,0,0,24.1036605834961,0,0,5.47125864028931,0,0,18.1537208557129,0,0,0.465197175741196,0,0,39.6167411804199,0.764442145824432,0,0,23.9591007232666,0,0.964792013168335,0,0,382.256164550781,0,27.25,2183.61010742188
46103011200,1595.77404785156,175.512084960938,50.724235534668,0,0,113.760154724121,0,0,206.780349731445,112.018356323242,0,0,134.769989013672,0,0,5.548987865448,0,0,56.2604713439941,0,0,0.918345510959625,0,0,78.6581344604492,1.00080299377441,0,0,36.5198631286621,0,1.99083638191223,0,0,566.464233398438,0,0,3136.70068359375
46103011300,3517.78076171875,93.2723999023438,18.9715747833252,0,0,51.878662109375,0,0,88.6422271728516,48.0414009094238,0,0,57.9460716247559,0,0,2.10353326797485,0,0,24.1795768737793,0,0,0.69718211889267,0,0,41.5448760986328,1.06118214130402,0,0,19.9246807098389,0,1.3270355463028,0,0,548.527099609375,0,131.890014648438,4647.7890625
46103011400,2398.54541015625,482.460205078125,130.449676513672,0,0,292.145080566406,0,0,646.086364746094,348.762115478516,0,0,420.594482421875,0,0,23.5945377349854,0,0,132.013488769531,0,0,8.11748123168945,0,0,197.197036743164,9.4826078414917,0,0,67.2693557739258,0,2.51158213615417,0,0,1120.56652832031,0,1325.43994140625,7605.236328125
46103011500,220.350524902344,30.9193992614746,9.48277187347412,0,0,22.1954231262207,0,0,25.6188011169434,13.8551254272461,0,0,16.6360397338867,0,0,1.83722639083862,0,0,7.50708818435669,0,0,0,0,0,8.13723468780518,0,0,0,6.1137523651123,0,0.056324802339077,0,0,77.4482727050781,0,21.7999992370605,461.957977294922
46103011600,2708.90942382813,210.687118530273,35.4055824279785,0,0,90.172721862793,0,0,133.415054321289,72.175666809082,0,0,86.9247817993164,0,0,8.69137382507324,0,0,34.3312301635742,0,0,1.58906304836273,0,0,55.4707717895508,2.24706292152405,0,0,20.9126777648926,0,1.86553502082825,0,0,505.780029296875,0,918.869995117188,4887.44775390625
46103011700,3017.81909179688,94.5990524291992,25.3307609558105,0,0,73.1660842895508,0,0,98.3417129516602,53.2016181945801,0,0,64.4120559692383,0,0,3.11995196342468,0,0,23.8799839019775,0,0,1.03017115592957,0,0,59.3317031860352,1.03017115592957,0,0,16.0152282714844,0,2.89300489425659,0,0,466.793487548828,0,573.340026855469,4574.30419921875
46105968300,1700.0537109375,215.564636230469,41.6275901794434,0,0,101.908325195313,0,0,128.750610351563,69.768928527832,0,0,84.023307800293,0,0,12.1021680831909,0,0,37.4239654541016,0,0,1.95241749286652,0,0,47.5554122924805,2.91137003898621,0,0,24.7268009185791,0,1.54286551475525,0,0,440.817840576172,0,267.049987792969,3177.78002929688
46107000100,1413.03894042969,190.952239990234,39.2518539428711,0,0,119.799987792969,0,0,192.857177734375,102.091743469238,0,0,117.183403015137,0,0,15.0270214080811,0,0,52.0229682922363,0,0,5.32538843154907,0,0,77.2969131469727,8.73365783691406,0,0,25.3831043243408,0,1.38470315933228,0,0,420.407928466797,0,445.809997558594,3226.56713867188
46109940400,1249.68676757813,95.4893951416016,21.8188591003418,0,0,64.9449844360352,0,0,84.1034164428711,45.4570770263672,0,0,54.3646430969238,0,0,11.2299184799194,0,0,28.5822868347168,0,0,1.56631183624268,0,0,37.7901382446289,2.73604440689087,0,0,16.1161231994629,0,1.29217636585236,0,0,318.403839111328,0,32.7000007629395,2066.28173828125
46109940700,1280.83459472656,125.342895507813,16.2614250183105,0,0,55.5358085632324,0,0,63.3954658508301,34.2674980163574,0,0,41.281623840332,0,0,8.65297222137451,0,0,22.5482044219971,0,0,2.03888344764709,0,0,33.9657554626465,3.92888355255127,0,0,9.951904296875,0,0.52080637216568,0,0,253.4443359375,0,196.199996948242,2148.1708984375
46109940800,1157.083984375,71.9932708740234,25.5170097351074,0,0,58.0741806030273,0,0,69.3822174072266,37.4336929321289,0,0,46.2162590026855,0,0,6.30681943893433,0,0,22.1682968139648,0,0,1.62638831138611,0,0,29.0504875183105,1.79038822650909,0,0,11.4395084381104,0,2.40058588981628,0,0,246.083862304688,0,119.900009155273,1906.46704101563
46109950400,1533.92761230469,68.1786499023438,11.4427995681763,0,0,30.7237186431885,0,0,41.6041946411133,22.5154342651367,0,0,27.176815032959,0,0,4.66662883758545,0,0,10.6770877838135,0,0,0.938620865345001,0,0,15.3424215316772,1.3586208820343,0,0,6.70284032821655,0,0.524325251579285,0,0,219.007202148438,0,238.710006713867,2233.49682617188
46111962100,1499.65869140625,167.859848022461,26.3005714416504,0,0,74.4679794311523,0,0,107.261039733887,58.0126609802246,0,0,69.734748840332,0,0,7.70697164535522,0,0,32.3644065856934,0,0,3.39910888671875,0,0,47.2340431213379,5.8351092338562,0,0,16.0781078338623,0,0.636334776878357,0,0,345.130310058594,0,97.0100021362305,2558.69018554688
46113940500,1033.67199707031,0,0,0,0,7.98852014541626,0,0,0,0,0,0,0,0,0,1.05840003490448,0,0,3.41039991378784,0,0,0.470400005578995,0,0,8.96575927734375,1.05840003490448,0,0,2.2376229763031,0,0,0,0,117.97241973877,0,360.7900390625,1537.62390136719
46113940800,981.608459472656,54.8922424316406,33.1023597717285,0,0,64.2988433837891,0,0,34.4186096191406,18.6035938262939,0,0,22.6270637512207,0,0,8.47526550292969,0,0,18.9238452911377,0,0,0.380488395690918,0,0,14.3168621063232,0.669848382472992,0,0,10.5667209625244,0,0.91510683298111,0,0,190.370620727539,0,317.190002441406,1771.36010742188
46113940900,914.433776855469,122.659790039063,93.932014465332,0,0,232.147171020508,0,0,22.0746421813965,11.9082107543945,0,0,14.7010974884033,0,0,36.6535377502441,0,0,59.8870239257813,0,0,0.416560798883438,0,0,13.8141956329346,0.788960814476013,0,0,44.6754875183105,0,1.8712671995163,0,0,337.201324462891,0,389.130004882813,2296.294921875
46115000100,1165.34387207031,148.953811645508,18.8437099456787,0,0,38.5305709838867,0,0,60.9307136535645,33.0115280151367,0,0,39.8413276672363,0,0,3.58127641677856,0,0,12.6345691680908,0,0,0.753056406974792,0,0,10.5003137588501,0.793983936309814,0,0,9.34147548675537,0,0.687074780464172,0,0,209.905639648438,0,104.639999389648,1858.29284667969
46115000200,1322.49267578125,95.2269973754883,37.9306869506836,0,0,101.777191162109,0,0,83.9805603027344,45.3609580993652,0,0,54.2865333557129,0,0,13.1751890182495,0,0,35.5013008117676,0,0,1.82107174396515,0,0,51.4745635986328,3.58053421974182,0,0,22.4995975494385,0,1.43256115913391,0,0,374.396606445313,0,51.2299995422363,2296.16723632813
46115000300,1132.6171875,154.217819213867,19.1043109893799,0,0,62.4311180114746,0,0,61.771671295166,33.4444465637207,0,0,40.2274971008301,0,0,7.58009338378906,0,0,27.0550899505615,0,0,2.59338927268982,0,0,36.9968070983887,4.94538927078247,0,0,12.1135549545288,0,0.806706368923187,0,0,257.282928466797,0,78.4800033569336,1931.66821289063
46117960100,1404.32275390625,111.813262939453,25.9888401031494,0,0,58.5835838317871,0,0,98.316780090332,53.1439666748047,0,0,63.908260345459,0,0,3.52276945114136,0,0,21.3307189941406,0,0,0.873774707317352,0,0,32.7248764038086,0.885009706020355,0,0,15.8531398773193,0,0.528936803340912,0,0,302.823333740234,0,389.130004882813,2583.75
46119979100,964.307067871094,127.473556518555,18.2788562774658,0,0,37.7708511352539,0,0,53.4579315185547,28.9389324188232,0,0,34.8438186645508,0,0,3.28781938552856,0,0,13.0146017074585,0,0,0.407597422599792,0,0,12.0006542205811,0.407597422599792,0,0,8.68616485595703,0,0.719568014144897,0,0,184.361923217773,0,163.5,1651.45703125
46121940100,1257.32885742188,40.5909690856934,30.5086364746094,0,0,81.7549667358398,0,0,16.0358982086182,8.70851612091064,0,0,11.8209028244019,0,0,10.2708024978638,0,0,18.6796245574951,0,0,9.36895981431007E-02,0,0,30.4628105163574,0.14768959581852,0,0,15.9551839828491,0,3.15427851676941,0,0,258.373199462891,0,31.6100006103516,1815.49597167969
46121940200,1889.64025878906,67.3912124633789,37.8325691223145,0,0,94.2337951660156,0,0,41.1726264953613,22.1769638061523,0,0,31.1081695556641,0,0,15.582160949707,0,0,32.1242942810059,0,0,0.319315493106842,0,0,27.796911239624,0.501525461673737,0,0,16.6446685791016,0,8.41092300415039,0,0,350.571594238281,0,132.97998046875,2768.48706054688
46123971600,1333.97705078125,203.960784912109,30.1299915313721,0,0,60.3466339111328,0,0,101.785469055176,55.0711975097656,0,0,66.3373184204102,0,0,6.07557153701782,0,0,18.3436450958252,0,0,1.38585567474365,0,0,20.203052520752,1.38585567474365,0,0,13.3370227813721,0,1.04053676128387,0,0,281.276062011719,0,258.329986572266,2452.98608398438
46123971700,1698.52722167969,147.275054931641,36.8478698730469,0,0,109.625328063965,0,0,142.943496704102,76.6800537109375,0,0,90.6753005981445,0,0,12.4071931838989,0,0,43.7559242248535,0,0,2.86143231391907,0,0,74.1620101928711,4.86193227767944,0,0,27.2177791595459,0,2.08480262756348,0,0,488.529571533203,0,245.25,3203.70458984375
46125965100,2475.5498046875,251.433227539063,40.1791000366211,0,0,106.469741821289,0,0,148.346725463867,80.1928253173828,0,0,96.2737274169922,0,0,19.0323638916016,0,0,43.3352394104004,0,0,2.03867101669312,0,0,48.3999519348145,2.9645311832428,0,0,26.0157070159912,0,2.47812557220459,0,0,563.782958984375,0,86.1100006103516,3992.6025390625
46125965200,2424.32202148438,237.031188964844,41.1943054199219,0,0,103.285537719727,0,0,150.912155151367,81.526969909668,0,0,97.879020690918,0,0,12.9436149597168,0,0,42.3538208007813,0,0,3.46380877494812,0,0,53.8065605163574,5.13416385650635,0,0,25.0582981109619,0,1.71239793300629,0,0,524.068115234375,0,135.160003662109,3939.85205078125
46127020100,2391.7353515625,162.702987670898,38.6460227966309,0,0,95.807243347168,0,0,145.758117675781,78.3992004394531,0,0,95.6930236816406,0,0,12.9761943817139,0,0,38.9006080627441,0,0,4.11196327209473,0,0,54.3914108276367,4.74196290969849,0,0,22.5345306396484,0,1.35661435127258,0,0,508.841827392578,0,65.4000015258789,3721.99658203125
46127020200,1405.38500976563,81.9300003051758,21.7274570465088,0,0,56.0190734863281,0,0,80.9858474731445,43.5062789916992,0,0,53.1843376159668,0,0,8.60272979736328,0,0,23.5255699157715,0,0,2.22342920303345,0,0,34.2911033630371,2.68342924118042,0,0,10.0342302322388,0,0.91865599155426,0,0,282.02587890625,0,110.089996337891,2217.13305664063
46127020300,3618.22827148438,325.901397705078,109.668304443359,0,0,228.969360351563,0,0,499.1650390625,269.655670166016,0,0,324.279357910156,0,0,24.3258571624756,0,0,89.7841491699219,0,0,10.642147064209,0,0,139.800979614258,10.7012643814087,0,0,57.6429176330566,0,1.38993358612061,0,0,978.212463378906,0,346.619995117188,7034.98681640625
46129965100,1136.427734375,104.246017456055,16.0680046081543,0,0,44.8544654846191,0,0,51.640495300293,27.9938182830811,0,0,33.7234764099121,0,0,6.04167652130127,0,0,15.0964221954346,0,0,0.889877021312714,0,0,24.7595367431641,1.41787695884705,0,0,9.0079402923584,0,1.18093121051788,0,0,221.366821289063,0,316.100006103516,2010.81494140625
46129965200,1931.25427246094,152.678512573242,47.3160934448242,0,0,132.240127563477,0,0,154.179626464844,82.9803009033203,0,0,98.8178024291992,0,0,14.139084815979,0,0,50.5930519104004,0,0,2.69912195205688,0,0,82.4917831420898,4.70752954483032,0,0,30.6275062561035,0,2.09241628646851,0,0,536.742797851563,0,194.020004272461,3517.58056640625
46135966100,1571.33666992188,193.21907043457,54.4811897277832,0,0,136.846176147461,0,0,187.880294799805,101.710357666016,0,0,122.61124420166,0,0,12.1137075424194,0,0,61.3897857666016,0,0,3.06383800506592,0,0,87.1239471435547,4.71195030212402,0,0,37.9205551147461,0,2.3597354888916,0,0,612.050354003906,0,53.4099998474121,3242.22900390625
46135966200,2849.82055664063,114.021789550781,35.1338195800781,0,0,78.8416061401367,0,0,165.744842529297,88.9653701782227,0,0,108.937294006348,0,0,5.32310104370117,0,0,30.4811573028564,0,0,3.69117426872253,0,0,52.3503608703613,3.81717419624329,0,0,18.844409942627,0,1.27191340923309,0,0,511.027130126953,0,271.410003662109,4339.681640625
46135966301,1505.36206054688,64.1542205810547,33.881778717041,0,0,116.043800354004,0,0,51.1129570007324,27.7172260284424,0,0,33.4387283325195,0,0,15.5050477981567,0,0,48.845832824707,0,0,4.73414278030396,0,0,79.460205078125,10.3301420211792,0,0,17.8264255523682,0,0.846153199672699,0,0,373.099273681641,0,208.190002441406,2590.54809570313
46135966302,2624.00830078125,279.502258300781,72.1064834594727,0,0,279.291473388672,0,0,419.526245117188,222.470596313477,0,0,263.101501464844,0,0,34.4901504516602,0,0,152.713729858398,0,0,17.3595161437988,0,0,244.912551879883,28.9939041137695,0,0,60.7931213378906,0,6.5996527671814,0,0,1077.58654785156,0,240.889984130859,6024.34619140625
46135966400,2163.57348632813,185.307373046875,24.5204944610596,0,0,66.2338562011719,0,0,91.828971862793,49.6693878173828,0,0,59.9214286804199,0,0,6.54445934295654,0,0,29.0119571685791,0,0,2.39785599708557,0,0,39.0416412353516,4.03585624694824,0,0,13.4632482528687,0,1.3497211933136,0,0,376.837188720703,0,160.229995727539,3273.966796875
46137941600,804.61181640625,32.3661880493164,8.57414245605469,0,0,19.5436344146729,0,0,13.9462556838989,7.53052186965942,0,0,9.0575065612793,0,0,2.22042155265808,0,0,5.7491455078125,0,0,0.169146299362183,0,0,5.0208306312561,0.169146299362183,0,0,4.29517555236816,0,0.190713599324226,0,0,114.517333984375,0,291.030029296875,1318.99194335938

