Tract,W1F,W2F,S1LF,S1MF,S1HF,S2LF,S2MF,S2HF,S3F,S4LF,S4MF,S4HF,S5LF,S5MF,S5HF,C1LF,C1MF,C1HF,C2LF,C2MF,C2HF,C3LF,C3MF,C3HF,PC1F,PC2LF,PC2MF,PC2HF,RM1LF,RM1MF,RM2LF,RM2MF,RM2HF,URMLF,URMMF,MHF,TotalSqft
50001960100,1991.17443847656,76.8924331665039,64.4695053100586,0,0,48.6462287902832,0,0,24.5909862518311,1.73822796344757,0,0,50.2868614196777,0,0,19.6015796661377,0,0,50.5841522216797,0,0,6.71999976038933E-02,0,0,8.96891689300537,4.34432029724121,0,0,20.3762722015381,0,16.9418144226074,0,0,135.531097412109,0,248.230010986328,2762.44409179688
50001960200,1901.8896484375,79.0635375976563,72.479377746582,0,0,54.1465148925781,0,0,33.5213623046875,1.78218007087708,0,0,56.4163131713867,0,0,20.0422286987305,0,0,49.3099975585938,0,0,6.71999976038933E-02,0,0,9.15237998962402,4.10679626464844,0,0,21.4493236541748,0,19.141284942627,0,0,141.586959838867,0,119.480010986328,2583.63500976563
50001960300,1074.36376953125,102.028625488281,112.23802947998,0,0,94.3913955688477,0,0,37.6869888305664,0.461120367050171,0,0,89.2898483276367,0,0,64.6462936401367,0,0,50.0517387390137,0,0,6.72834062576294,0,0,30.861213684082,15.3154726028442,0,0,56.0506134033203,0,45.2856178283691,0,0,275.191925048828,0,132.869995117188,2187.4609375
50001960400,3005.25903320313,209.345794677734,185.6591796875,0,0,133.51335144043,0,0,95.7348709106445,2.84223341941834,0,0,143.751739501953,0,0,51.7377777099609,0,0,88.4810028076172,0,0,0.385419994592667,0,0,24.3677940368652,11.8872032165527,0,0,52.5734481811523,0,48.7280502319336,0,0,310.81201171875,0,209.089996337891,4574.1689453125
50001960500,1810.48217773438,95.2401885986328,97.5364151000977,0,0,80.9350204467773,0,0,35.6951560974121,1.93691158294678,0,0,76.1533126831055,0,0,32.1634979248047,0,0,53.1355857849121,0,0,0.268799990415573,0,0,13.8766241073608,5.23632287979126,0,0,42.7142715454102,0,34.0094451904297,0,0,226.568145751953,0,228.660003662109,2834.61206054688
50001960600,1889.69775390625,60.6263885498047,94.3630981445313,0,0,69.0912704467773,0,0,24.0657329559326,4.52015972137451,0,0,73.0499877929688,0,0,33.0717353820801,0,0,54.1169090270996,0,0,0.282059997320175,0,0,14.5552444458008,10.6657104492188,0,0,24.749439239502,0,21.5153522491455,0,0,149.17317199707,0,128.75,2652.29418945313
50001960700,1933.31335449219,170.493789672852,149.70735168457,0,0,122.991416931152,0,0,64.6100921630859,2.94980025291443,0,0,117.049468994141,0,0,53.8291969299316,0,0,65.5855331420898,0,0,0.618940055370331,0,0,23.6919231414795,9.03319072723389,0,0,68.9905395507813,0,54.9184875488281,0,0,347.470062255859,0,135.960006713867,3321.21264648438
50001960800,1378.86181640625,238.596984863281,348.650909423828,0,0,275.382629394531,0,0,94.40234375,2.2247142791748,0,0,279.952331542969,0,0,263.621185302734,0,0,132.976913452148,0,0,38.1572608947754,0,0,128.625183105469,81.5073776245117,0,0,146.341751098633,0,131.897735595703,0,0,718.682861328125,0,9.27000045776367,4269.15185546875
50001960900,3231.4375,218.820724487305,131.484130859375,0,0,99.1922607421875,0,0,68.0726623535156,1.50247800350189,0,0,103.688003540039,0,0,37.1799201965332,0,0,83.9953079223633,0,0,1.00444006919861,0,0,17.0597858428955,5.9577374458313,0,0,44.199893951416,0,36.3049468994141,0,0,269.118255615234,0,270.890014648438,4619.908203125
50001961000,1556.58715820313,48.9249610900879,38.6208686828613,0,0,28.3187084197998,0,0,17.2125205993652,0.741221964359283,0,0,30.2946891784668,0,0,13.6604595184326,0,0,38.6407432556152,0,0,0.722079992294312,0,0,6.73132228851318,3.32410502433777,0,0,12.4053401947021,0,10.5979919433594,0,0,91.1379241943359,0,168.919998168945,2066.84008789063
50003970200,1962.744140625,58.287410736084,60.9479331970215,0,0,45.9224739074707,0,0,19.0825939178467,1.46480762958527,0,0,47.637939453125,0,0,18.0343589782715,0,0,49.64501953125,0,0,0,0,0,8.39969062805176,4.14314365386963,0,0,18.0878562927246,0,15.7310132980347,0,0,124.410766601563,0,33.9900016784668,2468.52905273438
50003970300,870.657348632813,41.9843711853027,49.7251892089844,0,0,36.4490737915039,0,0,14.3781766891479,1.15038001537323,0,0,38.4438400268555,0,0,18.8585338592529,0,0,26.6934146881104,0,0,0.90258002281189,0,0,8.65653800964355,5.93002605438232,0,0,14.9242210388184,0,13.1762046813965,0,0,85.613151550293,0,45.3199996948242,1272.86291503906
50003970400,3445.85424804688,329.62353515625,360.836486816406,0,0,278.843872070313,0,0,117.88842010498,2.47431302070618,0,0,283.746490478516,0,0,110.738327026367,0,0,127.405258178711,0,0,1.60660004615784,0,0,56.858455657959,19.8472270965576,0,0,119.710411071777,0,94.2122192382813,0,0,615.9501953125,0,156.559997558594,6122.15576171875
50003970500,3398.84643554688,60.0202713012695,62.3028373718262,0,0,60.2343521118164,0,0,18.6303768157959,1.15162193775177,0,0,49.4930114746094,0,0,30.6143684387207,0,0,84.0688705444336,0,0,0.057779997587204,0,0,10.5538368225098,4.96232748031616,0,0,42.6907997131348,0,32.9438514709473,0,0,252.874359130859,0,18.5400009155273,4127.9853515625
50003970600,2261.9169921875,51.4682693481445,60.9567222595215,0,0,46.6207809448242,0,0,22.1501502990723,1.2626279592514,0,0,47.266788482666,0,0,19.2468700408936,0,0,56.6189765930176,0,0,0.247060000896454,0,0,9.11980152130127,4.22348165512085,0,0,20.5438365936279,0,17.7754459381104,0,0,141.794174194336,0,119.480010986328,2880.69213867188
50003970700,1530.0244140625,96.0270309448242,113.272132873535,0,0,82.2900466918945,0,0,73.0858306884766,0.641592025756836,0,0,85.9606475830078,0,0,40.4828300476074,0,0,53.4829292297363,0,0,0,0,0,17.3320960998535,11.5709075927734,0,0,43.019603729248,0,40.8035697937012,0,0,227.640319824219,0,61.7999954223633,2477.43359375
50003970800,2171.98999023438,105.840866088867,126.224952697754,0,0,91.7921905517578,0,0,73.4317932128906,1.52794790267944,0,0,96.1498565673828,0,0,39.1354026794434,0,0,65.6531982421875,0,0,0.412220001220703,0,0,16.1150226593018,11.4223098754883,0,0,41.2098808288574,0,39.5688972473145,0,0,232.984436035156,0,71.0699996948242,3184.52880859375
50003970900,652.077270507813,56.004810333252,98.5100479125977,0,0,79.4813232421875,0,0,27.0900077819824,4.36138200759888,0,0,75.5471649169922,0,0,31.9281196594238,0,0,28.6178417205811,0,0,0,0,0,12.9257402420044,7.8126277923584,0,0,36.358512878418,0,29.7900791168213,0,0,171.314056396484,0,197.759979248047,1509.5791015625
50003971000,1501.38806152344,195.640960693359,239.933044433594,0,0,181.256164550781,0,0,94.4308013916016,3.21370196342468,0,0,188.184631347656,0,0,133.506576538086,0,0,88.8445587158203,0,0,13.1355810165405,0,0,63.8418045043945,39.5762062072754,0,0,90.1484603881836,0,82.274528503418,0,0,451.421875,0,162.740005493164,3529.53662109375
50003971100,1982.84265136719,139.88330078125,206.857376098633,0,0,159.167053222656,0,0,60.0327606201172,2.77028512954712,0,0,164.737533569336,0,0,111.010246276855,0,0,87.1354370117188,0,0,13.8209400177002,0,0,54.317310333252,32.1786270141602,0,0,75.5912094116211,0,63.9435615539551,0,0,387.428771972656,0,245.140014648438,3786.857421875
50003971200,2208.5205078125,274.186248779297,342.315704345703,0,0,294.72998046875,0,0,126.30940246582,5.24229383468628,0,0,267.015197753906,0,0,144.942687988281,0,0,113.53995513916,0,0,6.08978033065796,0,0,59.9556159973145,28.9084510803223,0,0,176.518951416016,0,141.589416503906,0,0,814.859802246094,0,13.3900012969971,5018.1142578125
50003971300,1750.666015625,100.018547058105,103.034255981445,0,0,76.5413436889648,0,0,34.0054168701172,0.881571590900421,0,0,82.9315643310547,0,0,22.0514469146729,0,0,48.9450302124023,0,0,0.115559995174408,0,0,12.2053270339966,2.37088418006897,0,0,25.4750957489014,0,21.7497215270996,0,0,153.927200317383,0,328.570007324219,2763.4892578125
50005957000,2747.53442382813,63.612720489502,62.5591011047363,0,0,45.1412200927734,0,0,22.6369762420654,1.12670993804932,0,0,48.9292373657227,0,0,18.4656734466553,0,0,66.1259765625,0,0,0.747920036315918,0,0,9.25864887237549,4.68536376953125,0,0,15.9855298995972,0,14.0087051391602,0,0,132.517913818359,0,333.720031738281,3587.0556640625
50005957100,1408.01953125,30.3400096893311,31.7675838470459,0,0,28.764461517334,0,0,9.03299236297607,0.537425994873047,0,0,24.9400959014893,0,0,14.3075103759766,0,0,35.6445121765137,0,0,9.87999979406595E-03,0,0,5.12829637527466,2.81476211547852,0,0,18.4835109710693,0,14.3792839050293,0,0,108.903213500977,0,106.089996337891,1839.16296386719
50005957200,1169.24523925781,49.6581687927246,98.0507965087891,0,0,82.8094940185547,0,0,18.7783603668213,0.580345213413239,0,0,73.9952621459961,0,0,52.0114326477051,0,0,44.5509185791016,0,0,7.56239986419678,0,0,23.3226413726807,14.2385597229004,0,0,50.8813400268555,0,39.7135391235352,0,0,244.432601928711,0,165.830017089844,2135.66088867188
50005957300,1198.80554199219,102.908340454102,180.126861572266,0,0,144.778182983398,0,0,51.0554733276367,4.5449275970459,0,0,141.860015869141,0,0,103.864593505859,0,0,67.7496185302734,0,0,11.2861804962158,0,0,47.7630424499512,30.3247566223145,0,0,70.6402130126953,0,62.4659309387207,0,0,349.515289306641,0,47.379997253418,2615.06860351563
50005957400,1627.72424316406,253.829513549805,266.438995361328,0,0,228.677230834961,0,0,94.1059417724609,2.11669206619263,0,0,209.55158996582,0,0,111.38224029541,0,0,86.2562713623047,0,0,4.60750007629395,0,0,50.4988822937012,18.5840091705322,0,0,140.935882568359,0,110.431190490723,0,0,655.179809570313,0,31.9300003051758,3892.24975585938
50005957500,1548.81787109375,150.964309692383,229.807754516602,0,0,173.9599609375,0,0,72.7078552246094,7.11210536956787,0,0,179.228927612305,0,0,83.8707580566406,0,0,70.773193359375,0,0,4.9539999961853,0,0,39.5466842651367,22.9989185333252,0,0,71.8186798095703,0,58.754264831543,0,0,354.812622070313,0,183.339996337891,3253.46801757813
50005957600,1489.91271972656,64.0902404785156,53.0673522949219,0,0,43.0138702392578,0,0,22.7836647033691,1.24451994895935,0,0,41.5727996826172,0,0,16.9823226928711,0,0,38.9643783569336,0,0,0,0,0,7.03999853134155,2.85524821281433,0,0,21.9776477813721,0,17.5662841796875,0,0,128.539810180664,0,82.4000015258789,2032.01086425781
50005957700,1398.826171875,99.2320785522461,106.446960449219,0,0,81.8039703369141,0,0,37.4939155578613,0.940607964992523,0,0,83.2686157226563,0,0,31.0635356903076,0,0,44.991870880127,0,0,0.993280053138733,0,0,15.9914827346802,5.42529964447021,0,0,35.114616394043,0,26.9591636657715,0,0,188.309387207031,0,200.850006103516,2357.71069335938
50005957800,2233.09790039063,55.5573196411133,52.0385093688965,0,0,40.2135276794434,0,0,21.1274585723877,1.29041993618011,0,0,40.5443954467773,0,0,16.0899448394775,0,0,54.2480087280273,0,0,0.227600008249283,0,0,7.50074338912964,3.12397193908691,0,0,19.5879535675049,0,15.9490947723389,0,0,135.648193359375,0,111.23999786377,2807.48510742188
50005957900,2005.353515625,50.0792007446289,58.3968544006348,0,0,45.0286521911621,0,0,20.5654830932617,1.44801712036133,0,0,45.5533103942871,0,0,21.0784072875977,0,0,51.4836235046387,0,0,0.873600006103516,0,0,9.84915542602539,5.09326267242432,0,0,19.7205638885498,0,17.615062713623,0,0,133.872329711914,0,93.7300033569336,2579.74047851563
50007000100,2256.43212890625,40.1080093383789,44.760009765625,0,0,44.9324417114258,0,0,14.0858898162842,1.06372797489166,0,0,34.8877754211426,0,0,21.0711936950684,0,0,56.6161727905273,0,0,0.134399995207787,0,0,6.78131866455078,3.07160449028015,0,0,35.3695869445801,0,27.1828956604004,0,0,196.950927734375,0,119.480010986328,2902.92797851563
50007000200,2988.03686523438,81.8180923461914,105.803070068359,0,0,98.8124923706055,0,0,32.4982643127441,0.772581577301025,0,0,83.0320434570313,0,0,80.76171875,0,0,95.2738952636719,0,0,8.53274059295654,0,0,34.4443855285645,20.9588508605957,0,0,77.5539627075195,0,64.5131530761719,0,0,403.834899902344,0,0,4176.646484375
50007000300,1251.87377929688,81.0708084106445,86.2104644775391,0,0,97.8464126586914,0,0,32.2759170532227,0.64439994096756,0,0,67.2109985351563,0,0,41.771915435791,0,0,44.867317199707,0,0,0.299600005149841,0,0,11.4033355712891,2.34474229812622,0,0,81.3996200561523,0,61.5731506347656,0,0,367.155548095703,0,0,2227.94799804688
50007000400,1117.07702636719,77.7261199951172,65.4892120361328,0,0,94.3689498901367,0,0,28.2921485900879,0.613177180290222,0,0,51.5957565307617,0,0,57.5693206787109,0,0,47.2139053344727,0,0,2.11174011230469,0,0,15.6206617355347,5.75667524337769,0,0,106.846260070801,0,78.508186340332,0,0,467.058898925781,0,5.15000009536743,2220.99780273438
50007000500,1338.73767089844,89.9710922241211,82.3515167236328,0,0,108.335372924805,0,0,33.0604019165039,0.176615998148918,0,0,65.5738983154297,0,0,78.7200927734375,0,0,59.9577522277832,0,0,5.56838035583496,0,0,28.0673351287842,11.47043800354,0,0,118.673896789551,0,91.3678359985352,0,0,531.376831054688,0,0,2643.4091796875
50007000600,1572.93737792969,104.015037536621,108.497367858887,0,0,125.395629882813,0,0,36.4540977478027,0.601920008659363,0,0,87.8538131713867,0,0,115.427299499512,0,0,77.5115966796875,0,0,12.4721393585205,0,0,45.1154251098633,26.4678001403809,0,0,119.645118713379,0,94.8312454223633,0,0,547.945190429688,0,23.689998626709,3098.86083984375
50007000800,1147.03930664063,103.15731048584,109.22647857666,0,0,94.2330017089844,0,0,55.3222846984863,0.312983989715576,0,0,84.306266784668,0,0,42.9362030029297,0,0,45.2998199462891,0,0,0.552240014076233,0,0,16.879732131958,7.2376708984375,0,0,61.8424224853516,0,51.0500602722168,0,0,293.374267578125,0,0,2112.77001953125
50007000900,984.393615722656,53.9722900390625,80.7900161743164,0,0,91.31982421875,0,0,15.3893642425537,0.331541985273361,0,0,64.9464645385742,0,0,84.7508544921875,0,0,52.3241958618164,0,0,9.93090057373047,0,0,32.4721069335938,21.335901260376,0,0,82.5998687744141,0,65.4853134155273,0,0,372.900726318359,0,12.3599987030029,2025.30322265625
50007001000,978.858825683594,662.083312988281,602.578186035156,0,0,467.728118896484,0,0,229.732772827148,5.08100414276123,0,0,475.889831542969,0,0,193.837173461914,0,0,118.521995544434,0,0,5.16936016082764,0,0,103.574867248535,28.3290863037109,0,0,232.218780517578,0,184.040802001953,0,0,1074.95788574219,0,0,5362.6025390625
50007001100,1179.71008300781,74.6780090332031,78.9442443847656,0,0,76.5288162231445,0,0,34.6391563415527,1.25432991981506,0,0,61.121997833252,0,0,33.3728332519531,0,0,40.0878067016602,0,0,3.52000035345554E-02,0,0,10.999716758728,4.15896272659302,0,0,55.7634582519531,0,42.6063613891602,0,0,260.688995361328,0,0,1954.58959960938
50007002101,1605.68237304688,31.0218410491943,31.5661716461182,0,0,26.2205982208252,0,0,12.848653793335,1.18134355545044,0,0,24.528923034668,0,0,11.0055160522461,0,0,38.3973922729492,0,0,0,0,0,4.35276699066162,2.08770394325256,0,0,13.8016214370728,0,11.068657875061,0,0,94.8933715820313,0,43.2599983215332,1951.91674804688
50007002102,3477.63891601563,199.721572875977,295.116180419922,0,0,223.815689086914,0,0,100.372314453125,4.29204940795898,0,0,227.979522705078,0,0,69.275032043457,0,0,108.926406860352,0,0,0.19472000002861,0,0,34.3330383300781,14.0017967224121,0,0,77.4366989135742,0,69.3313980102539,0,0,436.299774169922,0,360.5,5699.2353515625
50007002200,2619.05004882813,295.937744140625,336.906677246094,0,0,275.954284667969,0,0,113.091567993164,3.41057515144348,0,0,269.473022460938,0,0,212.543823242188,0,0,141.999450683594,0,0,25.0037994384766,0,0,102.98210144043,54.829662322998,0,0,149.589126586914,0,131.826965332031,0,0,755.299072265625,0,701.429992675781,6189.32861328125
50007002301,1328.67651367188,55.346851348877,53.2686729431152,0,0,46.6513214111328,0,0,19.8796119689941,0.987623989582062,0,0,42.0854415893555,0,0,17.9544506072998,0,0,36.1553993225098,0,0,0,0,0,7.55417346954346,1.61755728721619,0,0,26.7485752105713,0,22.0109882354736,0,0,147.349853515625,0,19.5699996948242,1825.85705566406
50007002302,4001.42626953125,184.756912231445,171.114822387695,0,0,141.762496948242,0,0,67.9785842895508,1.9959659576416,0,0,134.31462097168,0,0,55.559009552002,0,0,111.117744445801,0,0,0.342400014400482,0,0,25.4921989440918,6.93545722961426,0,0,78.5055236816406,0,62.8624954223633,0,0,435.243469238281,0,69.0100021362305,5548.41748046875
50007002400,1261.81262207031,61.2309226989746,77.481819152832,0,0,84.6922607421875,0,0,36.3263511657715,0.90500396490097,0,0,59.6745681762695,0,0,43.5336036682129,0,0,45.4095878601074,0,0,0.985599994659424,0,0,12.1710739135742,6.72129487991333,0,0,72.327033996582,0,56.1468391418457,0,0,330.491363525391,0,0,2149.90991210938
50007002500,1615.95520019531,155.146041870117,143.803100585938,0,0,142.08837890625,0,0,44.0512657165527,0.998928010463715,0,0,113.191619873047,0,0,80.0230255126953,0,0,69.6035537719727,0,0,3.39885997772217,0,0,30.0475196838379,13.8253126144409,0,0,111.438522338867,0,87.4792327880859,0,0,509.716400146484,0,25.75,3146.51684570313
50007002601,2606.08911132813,164.452850341797,153.83219909668,0,0,131.879852294922,0,0,53.855884552002,1.26989996433258,0,0,120.880905151367,0,0,49.7000045776367,0,0,79.9060974121094,0,0,4.48399968445301E-02,0,0,21.8370265960693,5.43050813674927,0,0,77.171272277832,0,59.3013305664063,0,0,392.0751953125,0,19.5699996948242,3937.29711914063
50007002602,2044.63427734375,98.0786209106445,173.076568603516,0,0,133.702758789063,0,0,42.2545890808105,14.5899591445923,0,0,135.593963623047,0,0,55.3122444152832,0,0,68.3474502563477,0,0,0.170019999146461,0,0,23.7926654815674,14.963189125061,0,0,45.0859069824219,0,44.1814231872559,0,0,281.520385742188,0,8.23999977111816,3183.54370117188
50007002701,2791.07397460938,303.447814941406,273.205780029297,0,0,216.159759521484,0,0,108.999847412109,3.25948309898376,0,0,214.419830322266,0,0,90.051872253418,0,0,102.320304870605,0,0,1.44951999187469,0,0,46.288330078125,12.8212299346924,0,0,109.14030456543,0,89.8027420043945,0,0,561.493041992188,0,30.8999977111816,4954.833984375
50007002702,2550.07446289063,122.17456817627,187.951263427734,0,0,142.122604370117,0,0,78.3334350585938,0.907217979431152,0,0,143.54606628418,0,0,45.5057220458984,0,0,78.7321014404297,0,0,0,0,0,21.6870174407959,8.02507877349854,0,0,51.4217185974121,0,51.980037689209,0,0,300.314544677734,0,31.9300003051758,3814.70556640625
50007002800,2741.70190429688,87.6765823364258,78.8050918579102,0,0,63.0222091674805,0,0,26.8088455200195,1.177001953125,0,0,61.8463287353516,0,0,24.2674999237061,0,0,69.4463272094727,0,0,0,0,0,11.6019706726074,3.71960997581482,0,0,31.9654598236084,0,26.4032173156738,0,0,202.164047241211,0,20.6000003814697,3451.20678710938
50007002900,3475.74145507813,108.891059875488,104.486450195313,0,0,83.1416320800781,0,0,42.557300567627,2.00244617462158,0,0,82.1783905029297,0,0,36.9253463745117,0,0,89.9106674194336,0,0,0.131159991025925,0,0,17.1382751464844,6.62582540512085,0,0,42.7966728210449,0,35.8474006652832,0,0,269.050872802734,0,140.080001831055,4537.5048828125
50007003000,1874.04467773438,94.1721572875977,78.9912719726563,0,0,65.5702819824219,0,0,30.9821910858154,1.08802795410156,0,0,61.7195510864258,0,0,27.0106525421143,0,0,52.1431541442871,0,0,0.291200011968613,0,0,12.0256652832031,4.00831031799316,0,0,37.0883445739746,0,29.4841556549072,0,0,204.931259155273,0,279.130004882813,2852.6806640625
50007003100,4773.75146484375,680.267150878906,774.762023925781,0,0,575.37548828125,0,0,297.400970458984,12.1506204605103,0,0,603.181335449219,0,0,193.069885253906,0,0,202.691925048828,0,0,0.349539995193481,0,0,107.391883850098,30.0035858154297,0,0,202.056518554688,0,183.131011962891,0,0,1085.03552246094,0,169.949996948242,9890.568359375
50007003301,2262.587890625,65.9261779785156,70.3993148803711,0,0,49.9687805175781,0,0,42.9697532653809,0.227951988577843,0,0,53.9796600341797,0,0,20.5613346099854,0,0,58.6844062805176,0,0,0,0,0,10.2315397262573,4.62435102462769,0,0,21.5752010345459,0,21.4330139160156,0,0,149.78352355957,0,0,2832.95288085938
50007003304,2935.72509765625,359.365356445313,349.206085205078,0,0,292.953948974609,0,0,123.363395690918,1.67422688007355,0,0,275.294982910156,0,0,135.817489624023,0,0,125.272491455078,0,0,5.46064043045044,0,0,65.4050750732422,20.5200271606445,0,0,160.693572998047,0,128.073089599609,0,0,782.564331054688,0,0,5761.3896484375
50007003400,4197.92431640625,289.695556640625,364.107696533203,0,0,282.723754882813,0,0,105.837516784668,4.73110914230347,0,0,281.435791015625,0,0,145.077087402344,0,0,152.656677246094,0,0,11.3955001831055,0,0,70.3851928710938,36.3576774597168,0,0,135.72998046875,0,113.619400024414,0,0,697.131896972656,0,128.75,7017.56005859375
50007003501,2400.93969726563,102.274307250977,91.3596572875977,0,0,70.0833282470703,0,0,33.7357978820801,1.02319192886353,0,0,70.8067321777344,0,0,29.4461612701416,0,0,63.3137550354004,0,0,1.93633997440338,0,0,15.0326614379883,5.64988088607788,0,0,33.5702514648438,0,27.9750423431396,0,0,204.61408996582,0,79.3099975585938,3231.07080078125
50007003502,2478.73706054688,154.892623901367,134.062103271484,0,0,100.87174987793,0,0,62.125846862793,2.69224214553833,0,0,104.188568115234,0,0,40.8662986755371,0,0,72.5184478759766,0,0,0.911620020866394,0,0,21.2360153198242,7.80069303512573,0,0,47.7738876342773,0,38.8060340881348,0,0,276.796661376953,0,340.929992675781,3885.20971679688
50007003503,1031.41857910156,31.5249900817871,31.0654468536377,0,0,22.9803371429443,0,0,9.54905319213867,0.385398000478745,0,0,24.6014556884766,0,0,10.5380573272705,0,0,26.3475360870361,0,0,0.484199970960617,0,0,5.20946073532104,2.62704634666443,0,0,9.36369895935059,0,7.47487258911133,0,0,64.6898498535156,0,99.9100036621094,1378.17004394531
50007003600,2158.92016601563,330.660003662109,304.162841796875,0,0,256.201202392578,0,0,108.624992370605,1.18067407608032,0,0,238.350997924805,0,0,110.221839904785,0,0,100.082984924316,0,0,0.729319989681244,0,0,51.1961784362793,16.0612850189209,0,0,147.839324951172,0,113.735420227051,0,0,693.859802246094,0,22.6599998474121,4654.4873046875
50007003900,934.578369140625,349.975402832031,366.399932861328,0,0,296.917877197266,0,0,86.2185211181641,0.680165946483612,0,0,305.028228759766,0,0,428.157470703125,0,0,180.314514160156,0,0,64.7860641479492,0,0,211.985397338867,134.316390991211,0,0,197.459030151367,0,186.362838745117,0,0,970.802917480469,0,0,4713.98291015625
50007004002,2453.69067382813,356.327819824219,404.198059082031,0,0,309.590606689453,0,0,144.929641723633,4.68043899536133,0,0,317.974273681641,0,0,120.366065979004,0,0,113.29175567627,0,0,7.88400024175644E-02,0,0,54.9185447692871,23.1733226776123,0,0,145.187484741211,0,119.475212097168,0,0,702.979187011719,0,0,5270.86181640625
50007980000,1.4799599647522,53.8476295471191,51.3547859191895,0,0,37.2060623168945,0,0,19.1879901885986,0.734292030334473,0,0,40.2166595458984,0,0,11.5250997543335,0,0,6.28115892410278,0,0,7.09199979901314E-02,0,0,6.896559715271,1.43385207653046,0,0,12.3202066421509,0,10.2955770492554,0,0,60.6412467956543,0,0,313.492004394531
50009950100,2090.28076171875,67.7778396606445,69.7151947021484,0,0,51.5556182861328,0,0,38.6666984558105,0.242189973592758,0,0,53.830509185791,0,0,22.5559387207031,0,0,55.5322914123535,0,0,9.87999979406595E-03,0,0,9.58529758453369,5.68515062332153,0,0,24.6107845306396,0,23.029712677002,0,0,154.404922485352,0,101.970001220703,2769.45263671875
50009950200,985.637390136719,36.319709777832,42.6474647521973,0,0,34.6262550354004,0,0,19.9502639770508,0.672731995582581,0,0,32.8361129760742,0,0,15.1550922393799,0,0,28.1438312530518,0,0,0,0,0,6.23323392868042,3.15438103675842,0,0,19.7396411895752,0,16.5851516723633,0,0,108.06566619873,0,51.5,1401.26708984375
50009950500,2051.00634765625,41.2705688476563,50.1398582458496,0,0,38.289234161377,0,0,13.3095445632935,1.15109992027283,0,0,39.0633087158203,0,0,17.3224220275879,0,0,50.9258804321289,0,0,0.655120015144348,0,0,8.12643909454346,4.39147806167603,0,0,17.0932445526123,0,14.4921598434448,0,0,119.961334228516,0,380.070007324219,2847.26806640625
50011010100,3686.01513671875,196.48551940918,165.673141479492,0,0,127.154441833496,0,0,66.2795791625977,3.66134405136108,0,0,129.354217529297,0,0,47.7799301147461,0,0,98.5009918212891,0,0,0.508620023727417,0,0,20.6618919372559,9.37886333465576,0,0,50.9599647521973,0,43.6454658508301,0,0,309.831878662109,0,527.359985351563,5483.2509765625
50011010200,1955.58581542969,151.113143920898,129.88850402832,0,0,103.067138671875,0,0,61.4297943115234,1.39062595367432,0,0,101.566139221191,0,0,41.3417739868164,0,0,60.659984588623,0,0,0.929599940776825,0,0,17.8862991333008,7.20930910110474,0,0,50.4440879821777,0,40.841926574707,0,0,264.1796875,0,262.649993896484,3250.18359375
50011010300,1846.7646484375,60.1956405639648,66.7353515625,0,0,56.9200820922852,0,0,19.5038280487061,0.842201948165894,0,0,52.5398292541504,0,0,32.4912300109863,0,0,52.6483688354492,0,0,1.91553997993469,0,0,13.9419069290161,7.59461069107056,0,0,34.7425346374512,0,27.8320732116699,0,0,191.196166992188,0,234.839996337891,2700.70434570313
50011010400,1826.86547851563,63.9184417724609,47.6502799987793,0,0,36.6235656738281,0,0,19.7550868988037,0.443574011325836,0,0,37.6313667297363,0,0,13.2517204284668,0,0,44.4503021240234,0,0,0,0,0,5.92939281463623,2.25352263450623,0,0,16.2759857177734,0,13.1618213653564,0,0,110.866401672363,0,138.020004272461,2377.09692382813
50011010500,3347.337890625,148.107650756836,178.52165222168,0,0,145.373550415039,0,0,56.8342781066895,3.00614404678345,0,0,138.699996948242,0,0,55.5697250366211,0,0,96.3552551269531,0,0,0.874520003795624,0,0,24.6431846618652,10.3703384399414,0,0,70.3990249633789,0,55.5932312011719,0,0,380.607330322266,0,221.450012207031,4933.74365234375
50011010600,3512.4384765625,222.816680908203,255.300903320313,0,0,190.134475708008,0,0,104.859024047852,1.58335196971893,0,0,198.370574951172,0,0,84.0974197387695,0,0,114.136444091797,0,0,4.91532039642334,0,0,42.9883689880371,20.1611595153809,0,0,79.3896408081055,0,67.2718658447266,0,0,443.066986083984,0,208.059997558594,5549.5908203125
50011010700,1529.958984375,233.619812011719,320.200378417969,0,0,250.993804931641,0,0,105.288032531738,10.3494272232056,0,0,248.367294311523,0,0,112.81990814209,0,0,86.1306915283203,0,0,1.60307991504669,0,0,49.4504928588867,27.428524017334,0,0,124.666343688965,0,102.001930236816,0,0,576.743286132813,0,39.1399993896484,3818.76147460938
50011010800,1725.29431152344,87.7644958496094,118.002639770508,0,0,110.626518249512,0,0,31.3481674194336,0.512135982513428,0,0,94.1866226196289,0,0,68.2674560546875,0,0,65.2405853271484,0,0,3.9420599937439,0,0,26.6626129150391,15.1189889907837,0,0,79.504264831543,0,60.1728897094727,0,0,374.265167236328,0,10.3000001907349,2871.20874023438
50011010900,2552.68432617188,89.0864028930664,73.3022232055664,0,0,55.2294158935547,0,0,34.2027778625488,1.31385588645935,0,0,57.0565452575684,0,0,19.0333251953125,0,0,62.5310401916504,0,0,5.13599999248981E-02,0,0,9.27945232391357,2.98801398277283,0,0,22.4479846954346,0,19.9936695098877,0,0,159.653717041016,0,93.7300033569336,3252.58447265625
50011011000,2843.515625,81.5795822143555,69.3457641601563,0,0,56.8327713012695,0,0,29.9013042449951,1.75879788398743,0,0,54.0835227966309,0,0,21.1198978424072,0,0,68.9708099365234,0,0,0,0,0,8.61361122131348,3.21125054359436,0,0,28.8729152679443,0,22.9579296112061,0,0,188.646347045898,0,179.220001220703,3658.62963867188
50013020100,3208.04077148438,85.3627243041992,85.6734237670898,0,0,65.6763000488281,0,0,28.0002975463867,1.55286002159119,0,0,67.4278335571289,0,0,32.5680999755859,0,0,81.5194854736328,0,0,0.934659957885742,0,0,15.1847620010376,7.90256834030151,0,0,30.3350391387939,0,25.6643390655518,0,0,205.841690063477,0,312.089965820313,4253.77490234375
50013020200,2652.25512695313,84.9496307373047,75.5735244750977,0,0,58.8864860534668,0,0,28.1640872955322,1.17293393611908,0,0,59.1678695678711,0,0,23.2472553253174,0,0,66.5909194946289,0,0,0,0,0,11.2382249832153,4.01073503494263,0,0,27.7322864532471,0,22.5874099731445,0,0,182.890686035156,0,351.230041503906,3649.69702148438
50015953000,1235.45568847656,30.808219909668,26.9783153533936,0,0,19.7595367431641,0,0,10.1108493804932,0.314388006925583,0,0,21.1150798797607,0,0,7.25876140594482,0,0,29.507791519165,0,0,0,0,0,3.95508694648743,1.30322897434235,0,0,8.24502849578857,0,7.18943166732788,0,0,65.0195388793945,0,304.880004882813,1771.90087890625
50015953100,2091.208984375,108.320495605469,106.305938720703,0,0,84.6957015991211,0,0,36.3950958251953,1.94527792930603,0,0,83.8356704711914,0,0,37.5502052307129,0,0,60.9923095703125,0,0,0.523120045661926,0,0,17.1128444671631,7.31728982925415,0,0,41.0478935241699,0,33.8636512756348,0,0,230.394561767578,0,145.230010986328,3086.73950195313
50015953200,1049.30773925781,84.0294418334961,100.147132873535,0,0,89.5907135009766,0,0,30.919527053833,1.20192110538483,0,0,80.0435333251953,0,0,72.7687377929688,0,0,51.1665649414063,0,0,8.5556001663208,0,0,32.459846496582,18.8459320068359,0,0,59.9225845336914,0,49.7640991210938,0,0,288.980621337891,0,181.279998779297,2198.98388671875
50015953300,1340.2705078125,83.6946792602539,78.5434112548828,0,0,59.1082496643066,0,0,31.4550666809082,1.05132603645325,0,0,61.1981048583984,0,0,23.6329593658447,0,0,39.6299018859863,0,0,0.711579978466034,0,0,11.2881021499634,5.00317907333374,0,0,25.6662998199463,0,21.7699604034424,0,0,145.350677490234,0,303.850006103516,2232.22412109375
50015953400,1302.87353515625,48.9421195983887,53.0404319763184,0,0,39.8841209411621,0,0,17.9274158477783,0.787464022636414,0,0,41.1931495666504,0,0,13.8752193450928,0,0,34.3684501647949,0,0,0.197660014033318,0,0,7.0259256362915,2.70451474189758,0,0,15.1507749557495,0,12.4639139175415,0,0,96.9293060302734,0,189.519989013672,1876.8837890625
50015953500,2797.13012695313,261.421478271484,279.484130859375,0,0,220.767456054688,0,0,111.255340576172,5.07604312896729,0,0,217.556198120117,0,0,98.6372299194336,0,0,104.681182861328,0,0,4.18058013916016,0,0,45.987735748291,20.4166278839111,0,0,107.670715332031,0,86.9553070068359,0,0,544.449890136719,0,155.529998779297,5061.19970703125
50015953600,4097.17431640625,286.982513427734,280.965576171875,0,0,239.243698120117,0,0,95.147819519043,2.01144242286682,0,0,223.646408081055,0,0,132.16584777832,0,0,144.873046875,0,0,0.365940004587173,0,0,56.620677947998,26.2467956542969,0,0,144.543716430664,0,116.274314880371,0,0,721.0361328125,0,111.23999786377,6678.5380859375
50017959000,1610.33081054688,56.0345497131348,50.4941520690918,0,0,39.5563888549805,0,0,19.0397777557373,0.527796030044556,0,0,39.7260551452637,0,0,15.767894744873,0,0,41.099437713623,0,0,1.40800001099706E-02,0,0,6.7480525970459,3.17850375175476,0,0,18.4520950317383,0,14.514196395874,0,0,115.201179504395,0,103,2133.68505859375
50017959101,1292.05615234375,37.7547492980957,34.1277961730957,0,0,25.7241802215576,0,0,14.9317922592163,0.90516597032547,0,0,26.5398178100586,0,0,11.1185417175293,0,0,32.3305130004883,0,0,0.247060000896454,0,0,5.63981533050537,2.29028248786926,0,0,12.3652534484863,0,10.7385082244873,0,0,85.8963851928711,0,142.139999389648,1734.80590820313
50017959102,1685.22827148438,40.206729888916,36.1815490722656,0,0,26.2489452362061,0,0,17.5584049224854,0.704447984695435,0,0,28.0777626037598,0,0,9.23688125610352,0,0,39.8452453613281,0,0,0,0,0,4.88199663162231,1.67177593708038,0,0,10.19553565979,0,9.10749626159668,0,0,83.5129470825195,0,184.369995117188,2177.02783203125
50017959200,1465.21630859375,91.9924240112305,111.601684570313,0,0,87.1473083496094,0,0,39.3897666931152,0.871343970298767,0,0,86.6855010986328,0,0,30.0597610473633,0,0,46.0837669372559,0,0,0.612980008125305,0,0,14.8758726119995,4.63102912902832,0,0,34.1013793945313,0,28.5973644256592,0,0,187.715545654297,0,246.169998168945,2475.75219726563
50017959300,1490.09533691406,40.459529876709,42.3095626831055,0,0,32.9583015441895,0,0,14.704231262207,1.05674755573273,0,0,32.9401473999023,0,0,13.1368789672852,0,0,37.306999206543,0,0,0.197640001773834,0,0,5.97057485580444,2.75953555107117,0,0,15.1322746276855,0,12.8483238220215,0,0,98.7789306640625,0,187.460006713867,2028.11486816406
50017959400,2385.33056640625,152.659973144531,171.274932861328,0,0,137.034027099609,0,0,62.7017555236816,2.22201347351074,0,0,135.779647827148,0,0,97.2275161743164,0,0,90.4099502563477,0,0,10.7568798065186,0,0,46.2254829406738,26.2786560058594,0,0,76.7540054321289,0,65.1396102905273,0,0,402.026763916016,0,129.779998779297,3991.60131835938
50017959500,2928.56616210938,115.551559448242,120.70304107666,0,0,92.0975189208984,0,0,39.8720741271973,2.05839586257935,0,0,94.4232711791992,0,0,37.7341117858887,0,0,79.1907653808594,0,0,1.57134008407593,0,0,18.646354675293,7.91241979598999,0,0,37.8464584350586,0,32.2333221435547,0,0,237.14094543457,0,209.089996337891,4054.63745117188
50017959600,1575.78466796875,62.7499580383301,59.0161781311035,0,0,46.4268608093262,0,0,21.3825969696045,1.05973196029663,0,0,45.9521560668945,0,0,17.0984172821045,0,0,41.3989639282227,0,0,0.247060000896454,0,0,8.15330123901367,2.90131521224976,0,0,21.7244091033936,0,17.8117694854736,0,0,132.562591552734,0,126.690002441406,2180.9599609375
50017959700,1315.21350097656,60.917610168457,56.2527732849121,0,0,43.8770751953125,0,0,19.7433395385742,0.67073392868042,0,0,44.4959487915039,0,0,30.1506080627441,0,0,40.2222633361816,0,0,0.629180014133453,0,0,13.0801391601563,8.60079956054688,0,0,23.5195388793945,0,19.5483112335205,0,0,134.043197631836,0,104.029998779297,1914.9951171875
50017959800,1537.37145996094,119.550338745117,150.591888427734,0,0,112.53783416748,0,0,54.994068145752,3.05490612983704,0,0,117.13639831543,0,0,49.0717430114746,0,0,55.5641937255859,0,0,2.2937798500061,0,0,23.5645542144775,12.4464378356934,0,0,44.4677848815918,0,38.8015594482422,0,0,236.150955200195,0,62.8300018310547,2620.427734375
50019951100,2030.5302734375,36.57080078125,24.8933238983154,0,0,18.4922924041748,0,0,12.0544586181641,0.482471972703934,0,0,19.4505710601807,0,0,7.48049879074097,0,0,45.7889671325684,0,0,0.217420011758804,0,0,3.513920545578,1.546431183815,0,0,8.35731601715088,0,6.96933841705322,0,0,81.2888641357422,0,196.730010986328,2494.36694335938
50019951200,1466.310546875,94.8502807617188,129.387329101563,0,0,96.1442337036133,0,0,37.0432243347168,5.52884387969971,0,0,99.8358993530273,0,0,43.7647972106934,0,0,50.8032722473145,0,0,0.900619983673096,0,0,20.0946483612061,12.9776048660278,0,0,37.8609466552734,0,32.1141891479492,0,0,199.498611450195,0,191.580001831055,2518.69506835938
50019951300,1032.86413574219,56.3389587402344,67.5196685791016,0,0,51.2124099731445,0,0,24.3705520629883,1.20511794090271,0,0,52.7827491760254,0,0,17.038387298584,0,0,30.2709503173828,0,0,0.233840003609657,0,0,8.7773609161377,2.70323276519775,0,0,18.4671802520752,0,16.3271751403809,0,0,108.927215576172,0,174.070007324219,1663.10888671875
50019951400,778.09326171875,68.6994781494141,96.7089233398438,0,0,77.7068634033203,0,0,33.3694763183594,2.8991916179657,0,0,75.0863494873047,0,0,39.3754348754883,0,0,34.4395027160645,0,0,1.45600008964539,0,0,16.8036346435547,9.94520854949951,0,0,40.5711555480957,0,33.0019683837891,0,0,193.50959777832,0,21.6299991607666,1523.29602050781
50019951500,1375.93151855469,150.910354614258,196.665664672852,0,0,159.724136352539,0,0,64.5839538574219,1.18330192565918,0,0,154.837051391602,0,0,86.7057418823242,0,0,68.1185684204102,0,0,7.15687990188599,0,0,39.010326385498,21.0004043579102,0,0,89.0529632568359,0,71.2753219604492,0,0,419.233764648438,0,0,2905.390625
50019951600,2814.96337890625,106.623275756836,115.088409423828,0,0,97.0704040527344,0,0,45.4815483093262,1.49736595153809,0,0,89.5802536010742,0,0,40.9679412841797,0,0,77.5164031982422,0,0,0.921700000762939,0,0,16.2057857513428,7.53028202056885,0,0,51.3830146789551,0,41.9034118652344,0,0,285.276824951172,0,218.360015869141,4010.36987304688
50019951700,2263.91479492188,104.036735534668,94.0119781494141,0,0,70.6708145141602,0,0,33.9950332641602,1.51145994663239,0,0,74.0735397338867,0,0,34.4207038879395,0,0,62.7795867919922,0,0,1.7622401714325,0,0,16.3581352233887,8.59126567840576,0,0,29.9383277893066,0,26.0022392272949,0,0,187.005310058594,0,302.820007324219,3311.89208984375
50019951800,1518.27453613281,87.7299499511719,92.3980941772461,0,0,79.2853546142578,0,0,39.5067672729492,0.760302007198334,0,0,71.9511566162109,0,0,38.764461517334,0,0,49.9486198425293,0,0,1.50080001354218,0,0,16.1355648040771,7.43991613388062,0,0,49.7501449584961,0,40.4008636474609,0,0,250.178527832031,0,99.9100036621094,2443.93505859375
50019951900,1593.17370605469,76.6720962524414,84.9598541259766,0,0,63.8155784606934,0,0,30.0968704223633,0.585395991802216,0,0,66.3565292358398,0,0,20.9184055328369,0,0,44.3043174743652,0,0,0.179199993610382,0,0,11.519588470459,2.96395969390869,0,0,21.588550567627,0,19.4914264678955,0,0,137.883682250977,0,247.199981689453,2421.70922851563
50019952000,1682.25256347656,40.5981292724609,48.5954856872559,0,0,36.9490737915039,0,0,14.7601928710938,0.672191977500916,0,0,38.1612548828125,0,0,22.9161224365234,0,0,44.7414321899414,0,0,2.22584009170532,0,0,10.866813659668,6.5898003578186,0,0,17.045129776001,0,14.9349498748779,0,0,113.59496307373,0,101.970001220703,2196.8740234375
50021962100,1381.00964355469,20.5120601654053,19.8962211608887,0,0,17.6191730499268,0,0,6.60709667205811,0.448379963636398,0,0,15.8027982711792,0,0,11.584867477417,0,0,33.4714775085449,0,0,0.197640001773834,0,0,4.34425067901611,2.855881690979,0,0,11.6647043228149,0,9.61769866943359,0,0,79.8820648193359,0,82.4000015258789,1697.91381835938
50021962200,1656.49645996094,137.57536315918,154.496871948242,0,0,124.35050201416,0,0,63.8669357299805,2.03261399269104,0,0,119.991348266602,0,0,48.9864959716797,0,0,59.3303680419922,0,0,0.063340000808239,0,0,20.8899593353271,9.06466579437256,0,0,62.6649475097656,0,51.9262580871582,0,0,315.023895263672,0,297.670013427734,3124.43017578125
50021962300,1962.00817871094,82.3624877929688,87.1551895141602,0,0,62.4665794372559,0,0,42.7672004699707,1.79827201366425,0,0,67.099983215332,0,0,27.4501991271973,0,0,54.7992820739746,0,0,0.294380009174347,0,0,12.7404766082764,7.46339273452759,0,0,27.063627243042,0,24.3026123046875,0,0,165.405288696289,0,216.300003051758,2841.47729492188
50021962400,1754.84729003906,63.8044700622559,58.392406463623,0,0,48.2788848876953,0,0,24.3390007019043,1.19615399837494,0,0,45.9567031860352,0,0,19.5464305877686,0,0,45.6588172912598,0,0,0.42901998758316,0,0,8.34352684020996,2.90455627441406,0,0,25.21901512146,0,20.5848827362061,0,0,150.695739746094,0,130.809997558594,2401.00708007813
50021962500,879.643981933594,38.6016883850098,47.4418792724609,0,0,41.763786315918,0,0,13.0273408889771,1.04970598220825,0,0,37.0011177062988,0,0,16.9916515350342,0,0,26.3370304107666,0,0,0.197280004620552,0,0,6.45568656921387,3.03260159492493,0,0,24.5759792327881,0,19.1023006439209,0,0,124.161972045898,0,26.7800025939941,1306.1640625
50021962600,1140.81494140625,68.1370239257813,68.2348327636719,0,0,60.3447608947754,0,0,34.614200592041,0.870516002178192,0,0,52.4036560058594,0,0,26.173526763916,0,0,36.6453399658203,0,0,0,0,0,8.79326725006104,4.57451820373535,0,0,40.460521697998,0,32.5077934265137,0,0,197.332061767578,0,26.7800025939941,1798.68701171875
50021962700,2151.35668945313,221.046752929688,260.916595458984,0,0,205.542007446289,0,0,93.1249084472656,2.68597435951233,0,0,203.496673583984,0,0,80.2102355957031,0,0,84.3889236450195,0,0,1.93104004859924,0,0,38.2503967285156,14.0239677429199,0,0,90.6056747436523,0,72.8523025512695,0,0,452.800903320313,0,22.6599998474121,3995.89282226563
50021962800,4208.7919921875,205.691192626953,232.473281860352,0,0,221.582183837891,0,0,71.8151397705078,1.93046033382416,0,0,186.026657104492,0,0,132.372665405273,0,0,144.608001708984,0,0,1.54561996459961,0,0,48.602165222168,26.1653327941895,0,0,156.956924438477,0,122.094291687012,0,0,755.268615722656,0,60.7699966430664,6576.6943359375
50021963000,2454.05883789063,171.433288574219,141.613616943359,0,0,119.901351928711,0,0,61.5837287902832,1.04228639602661,0,0,111.49137878418,0,0,46.0247917175293,0,0,74.1022186279297,0,0,0.259660005569458,0,0,21.8337097167969,4.0359206199646,0,0,70.2311172485352,0,52.5317649841309,0,0,360.609466552734,0,11.3299999237061,3702.08349609375
50021963100,1453.40112304688,219.641525268555,193.669464111328,0,0,185.393112182617,0,0,73.3449859619141,0.987335920333862,0,0,152.884536743164,0,0,95.8969116210938,0,0,74.023567199707,0,0,4.12314033508301,0,0,40.2130546569824,12.4137535095215,0,0,140.21012878418,0,108.815116882324,0,0,639.649230957031,0,13.3900012969971,3408.05712890625
50021963200,1516.02807617188,166.388534545898,193.1484375,0,0,164.372192382813,0,0,63.192928314209,3.82978796958923,0,0,151.421035766602,0,0,66.9982299804688,0,0,64.0491104125977,0,0,0.553880035877228,0,0,28.0761947631836,10.4755840301514,0,0,89.9606246948242,0,69.1179656982422,0,0,420.636474609375,0,6.17999935150146,3014.42919921875
50021963300,2441.85400390625,285.555480957031,371.140441894531,0,0,306.841552734375,0,0,119.085151672363,5.15820217132568,0,0,292.897857666016,0,0,180.549072265625,0,0,129.79460144043,0,0,15.4670000076294,0,0,81.4638671875,44.4891624450684,0,0,174.299758911133,0,139.843124389648,0,0,820.529541015625,0,202.910003662109,5611.87890625
50021963400,1234.30676269531,75.7852325439453,86.1150817871094,0,0,62.3904113769531,0,0,38.0357666015625,2.19740390777588,0,0,66.3097076416016,0,0,23.4262409210205,0,0,37.912784576416,0,0,0,0,0,11.4722003936768,5.63133382797241,0,0,23.6408710479736,0,20.1557064056396,0,0,135.126586914063,0,282.220001220703,2104.72631835938
50021963500,1141.05859375,32.7335395812988,25.2757682800293,0,0,19.1568069458008,0,0,11.2313623428345,0.391283988952637,0,0,19.8101100921631,0,0,6.86484241485596,0,0,27.245662689209,0,0,0,0,0,3.46677732467651,0.977899610996246,0,0,8.5211124420166,0,7.00289821624756,0,0,63.4103012084961,0,91.6699981689453,1458.81689453125
50021963600,2368.35375976563,79.3145065307617,117.144538879395,0,0,100.924903869629,0,0,32.6428756713867,1.33122599124908,0,0,94.0681457519531,0,0,94.0093536376953,0,0,86.2098236083984,0,0,12.8393402099609,0,0,42.6534576416016,27.2528686523438,0,0,59.6650505065918,0,52.4413795471191,0,0,323.74462890625,0,245.140014648438,3737.73583984375
50021963700,1241.63696289063,68.1357116699219,73.9715957641602,0,0,66.585319519043,0,0,28.076078414917,1.48300194740295,0,0,57.2444839477539,0,0,28.8724880218506,0,0,39.844913482666,0,0,7.99000039696693E-02,0,0,10.8429746627808,4.58203363418579,0,0,44.4999008178711,0,34.78857421875,0,0,217.945114135742,0,149.350006103516,2067.93920898438
50021963800,2937.01904296875,115.344009399414,227.443252563477,0,0,178.673278808594,0,0,38.3821792602539,2.50815582275391,0,0,178.036315917969,0,0,117.734230041504,0,0,108.007377624512,0,0,17.5307807922363,0,0,54.179931640625,36.698616027832,0,0,84.3492431640625,0,72.1916198730469,0,0,441.931030273438,0,211.149993896484,4821.1787109375
50021964000,2627.15625,76.0938568115234,73.6336975097656,0,0,54.8804931640625,0,0,28.9499092102051,1.49452185630798,0,0,57.5636253356934,0,0,24.2800407409668,0,0,66.1655807495117,0,0,1.28117990493774,0,0,12.1401739120483,5.71769666671753,0,0,23.4827976226807,0,20.5624046325684,0,0,166.297775268555,0,204.970001220703,3444.67041015625
50021964200,947.372985839844,35.384090423584,29.149507522583,0,0,23.9642276763916,0,0,12.8544569015503,0.208385989069939,0,0,22.7378921508789,0,0,9.36699867248535,0,0,24.4552268981934,0,0,0,0,0,3.971351146698,1.32210457324982,0,0,13.4847364425659,0,10.5559873580933,0,0,79.545036315918,0,164.800003051758,1379.17309570313
50021964300,930.903381347656,53.8575401306152,43.7220230102539,0,0,33.1267929077148,0,0,17.823169708252,1.03773593902588,0,0,34.318187713623,0,0,14.1556692123413,0,0,25.675687789917,0,0,0.42493999004364,0,0,6.3625955581665,3.25195670127869,0,0,14.5637617111206,0,12.4378442764282,0,0,85.3367309570313,0,38.1100006103516,1315.10778808594
50023954000,2413.61865234375,94.3711090087891,117.32559967041,0,0,91.0871200561523,0,0,31.1065158843994,1.08037793636322,0,0,91.422119140625,0,0,38.2421798706055,0,0,67.9610977172852,0,0,3.57987999916077,0,0,18.296199798584,8.98816776275635,0,0,40.0319557189941,0,32.8067932128906,0,0,229.942138671875,0,164.800003051758,3444.66015625
50023954100,1900.45825195313,43.0881004333496,32.7763862609863,0,0,25.4677486419678,0,0,17.609354019165,0.524681985378265,0,0,25.3215408325195,0,0,10.2211656570435,0,0,44.8846702575684,0,0,9.87999979406595E-03,0,0,4.73706579208374,1.74860537052155,0,0,13.758337020874,0,10.90989112854,0,0,102.871208190918,0,71.0699996948242,2305.45678710938
50023954200,1518.99084472656,59.4675178527832,66.8392715454102,0,0,48.6510047912598,0,0,22.2172012329102,0.941489994525909,0,0,52.4428558349609,0,0,16.8402347564697,0,0,40.4242668151855,0,0,0.221359997987747,0,0,8.44834804534912,3.44687962532043,0,0,16.5269908905029,0,14.3630714416504,0,0,109.831604003906,0,120.509994506836,2100.16284179688
50023954300,2648.21240234375,225.626968383789,321.944671630859,0,0,248.89860534668,0,0,84.7651062011719,3.02698802947998,0,0,253.982192993164,0,0,102.228363037109,0,0,105.444801330566,0,0,4.28889989852905,0,0,45.3727951049805,23.1523723602295,0,0,112.611892700195,0,92.6656951904297,0,0,552.314270019531,0,108.150001525879,4932.68603515625
50023954400,1711.30627441406,69.3161315917969,70.9899749755859,0,0,56.4210395812988,0,0,22.0488147735596,0.852227985858917,0,0,55.653377532959,0,0,20.0972862243652,0,0,46.1324424743652,0,0,0,0,0,9.60033798217773,2.92141270637512,0,0,26.3686084747314,0,20.4944839477539,0,0,153.814651489258,0,154.5,2420.51684570313
50023954500,1206.83093261719,270.925567626953,312.141204833984,0,0,227.853149414063,0,0,94.2643432617188,1.298987865448,0,0,248.151580810547,0,0,110.100456237793,0,0,76.7384338378906,0,0,10.8270797729492,0,0,62.0969390869141,25.0849628448486,0,0,83.1307907104492,0,70.1783828735352,0,0,421.700256347656,0,389.339996337891,3610.66333007813
50023954600,1231.71789550781,209.657821655273,250.67268371582,0,0,186.606109619141,0,0,68.5063781738281,0.732178807258606,0,0,199.065032958984,0,0,84.8850479125977,0,0,68.7412338256836,0,0,2.97633981704712,0,0,41.5096168518066,19.3725261688232,0,0,90.2825393676758,0,74.9089660644531,0,0,429.903564453125,0,0,2959.53759765625
50023954700,807.842224121094,35.683780670166,34.1505012512207,0,0,33.5428771972656,0,0,16.9661121368408,0.71424001455307,0,0,26.493127822876,0,0,15.0953588485718,0,0,23.7445907592773,0,0,0,0,0,4.91248893737793,1.69417190551758,0,0,25.4942398071289,0,20.07541847229,0,0,126.254936218262,0,6.17999935150146,1178.84399414063
50023954800,1025.37622070313,164.843490600586,162.261825561523,0,0,141.989013671875,0,0,54.3503723144531,2.6502799987793,0,0,127.811561584473,0,0,70.1043472290039,0,0,54.4782257080078,0,0,2.36252021789551,0,0,30.980806350708,11.4448232650757,0,0,94.3334350585938,0,75.7345428466797,0,0,441.686584472656,0,0,2460.408203125
50023954900,1057.11010742188,260.320953369141,225.381011962891,0,0,169.863006591797,0,0,65.5153045654297,1.02371394634247,0,0,179.570770263672,0,0,66.5416488647461,0,0,56.9933052062988,0,0,0.095380000770092,0,0,36.946159362793,8.57008171081543,0,0,82.3147048950195,0,64.9876556396484,0,0,395.648132324219,0,17.5100002288818,2688.39184570313
50023955000,1321.67944335938,71.8667907714844,79.6388244628906,0,0,62.5425567626953,0,0,28.6335029602051,2.38678193092346,0,0,61.5343017578125,0,0,23.6072959899902,0,0,38.7753601074219,0,0,0,0,0,9.80843639373779,5.14946603775024,0,0,26.9574184417725,0,22.2998447418213,0,0,146.478897094727,0,125.660003662109,2027.01904296875
50023955100,2345.06372070313,128.84245300293,115.723770141602,0,0,122.359016418457,0,0,48.6162910461426,0.824975967407227,0,0,90.6510009765625,0,0,65.715217590332,0,0,78.4722213745117,0,0,1.94422006607056,0,0,22.936653137207,8.70869827270508,0,0,105.515037536621,0,79.8073348999023,0,0,496.158386230469,0,28.8400001525879,3740.17993164063
50023955200,2019.79052734375,216.427841186523,347.358551025391,0,0,276.535369873047,0,0,103.605728149414,8.94034767150879,0,0,269.841949462891,0,0,121.200386047363,0,0,99.8405456542969,0,0,3.35620021820068,0,0,52.4784088134766,28.5842761993408,0,0,130.850143432617,0,111.172821044922,0,0,624.033996582031,0,32.9599990844727,4446.9775390625
50023955300,2377.43359375,42.9885101318359,43.4159774780273,0,0,31.5492610931396,0,0,17.2562828063965,1.12676405906677,0,0,33.9561462402344,0,0,9.86450004577637,0,0,54.6972312927246,0,0,0,0,0,5.73886013031006,1.40361297130585,0,0,10.1715965270996,0,9.17075634002686,0,0,101.028869628906,0,47.379997253418,2787.181640625
50023955400,2078.61547851563,128.670059204102,202.860153198242,0,0,154.941665649414,0,0,70.3985977172852,4.19971323013306,0,0,155.942626953125,0,0,54.4295043945313,0,0,71.4307327270508,0,0,0.284619987010956,0,0,25.0144348144531,12.3702974319458,0,0,59.6865539550781,0,52.1669921875,0,0,314.490570068359,0,95.7900009155273,3481.2919921875
50023955500,2849.7314453125,116.854225158691,185.755477905273,0,0,158.829788208008,0,0,43.3030433654785,2.59226989746094,0,0,149.526779174805,0,0,168.312561035156,0,0,123.963851928711,0,0,24.4940605163574,0,0,78.1009979248047,51.4322662353516,0,0,99.8206481933594,0,89.0635070800781,0,0,521.093933105469,0,260.589996337891,4923.46484375
50023955600,2346.3779296875,58.0234527587891,60.9498672485352,0,0,74.1304397583008,0,0,17.7031955718994,0.459449976682663,0,0,48.1607322692871,0,0,41.8678817749023,0,0,66.5223770141602,0,0,0.044939998537302,0,0,11.3235387802124,5.5128607749939,0,0,69.2854232788086,0,51.5792808532715,0,0,334.203430175781,0,48.4099998474121,3234.5546875
50023955700,1196.95617675781,126.852195739746,119.060539245605,0,0,93.7211685180664,0,0,48.1981201171875,1.41961646080017,0,0,93.5788726806641,0,0,36.519645690918,0,0,43.1496238708496,0,0,0.089599996805191,0,0,18.1287517547607,5.23010015487671,0,0,43.5300064086914,0,36.0283622741699,0,0,224.184097290039,0,49.4399948120117,2136.0869140625
50023955800,1480.99584960938,47.2895698547363,61.3133163452148,0,0,52.1817398071289,0,0,25.7621593475342,2.04373335838318,0,0,47.2157363891602,0,0,27.6338539123535,0,0,43.4903869628906,0,0,0.089599996805191,0,0,10.2567434310913,6.7988748550415,0,0,32.1975212097168,0,26.5137767791748,0,0,169.785217285156,0,19.5699996948242,2053.13818359375
50025967000,1396.02124023438,136.27571105957,164.369583129883,0,0,143.550384521484,0,0,60.2957992553711,2.73434400558472,0,0,128.673843383789,0,0,78.4223403930664,0,0,64.2576446533203,0,0,4.28601980209351,0,0,33.1893692016602,16.2950172424316,0,0,90.9614486694336,0,74.9276657104492,0,0,427.327667236328,0,20.6000003814697,2842.18823242188
50025967100,1088.98876953125,84.043098449707,114.87377166748,0,0,86.8667907714844,0,0,25.2864933013916,2.26141166687012,0,0,88.271728515625,0,0,37.9032211303711,0,0,41.6180038452148,0,0,1.19702005386353,0,0,17.1861820220947,11.7208242416382,0,0,35.0495834350586,0,31.4016799926758,0,0,180.855285644531,0,152.440002441406,1999.9638671875
50025967200,2701.4482421875,101.721076965332,114.915817260742,0,0,86.5800170898438,0,0,38.9933166503906,1.10016000270844,0,0,90.2453460693359,0,0,36.2110023498535,0,0,74.2143096923828,0,0,1.06327998638153,0,0,18.7555751800537,7.32956266403198,0,0,34.9865303039551,0,30.9419040679932,0,0,221.821823120117,0,170.979995727539,3731.30810546875
50025967300,1855.33508300781,68.3944320678711,84.0823364257813,0,0,67.0866241455078,0,0,23.960916519165,1.33083009719849,0,0,66.4995651245117,0,0,43.1186332702637,0,0,57.106315612793,0,0,0.211119994521141,0,0,18.6426734924316,11.7929716110229,0,0,34.577262878418,0,28.5274620056152,0,0,193.90168762207,0,53.5600051879883,2608.12744140625
50025967400,1066.89038085938,21.7138786315918,20.4204692840576,0,0,17.9396152496338,0,0,6.97301959991455,0.269603997468948,0,0,16.1534595489502,0,0,7.26539516448975,0,0,25.5616683959961,0,0,0,0,0,2.75137281417847,0.925384163856506,0,0,10.549370765686,0,8.31700706481934,0,0,68.1923294067383,0,121.539993286133,1395.462890625
50025967500,2613.61669921875,18.459939956665,22.3176593780518,0,0,31.7527122497559,0,0,7.45364856719971,0.518831968307495,0,0,17.3320770263672,0,0,16.0268154144287,0,0,61.0568237304688,0,0,0,0,0,2.8929922580719,1.2674366235733,0,0,32.4886054992676,0,24.1028594970703,0,0,187.042739868164,0,33.9900016784668,3070.31958007813
50025967600,1838.86791992188,124.135559082031,147.037094116211,0,0,110.314018249512,0,0,47.2936744689941,4.51997995376587,0,0,113.725944519043,0,0,47.2923889160156,0,0,60.4681701660156,0,0,1.54032015800476,0,0,22.8846416473389,12.2950620651245,0,0,44.5064849853516,0,38.2973175048828,0,0,242.674545288086,0,115.360000610352,2971.21337890625
50025967700,1356.03283691406,86.2338562011719,90.6700897216797,0,0,75.8566360473633,0,0,27.9533042907715,0.58555793762207,0,0,72.6255569458008,0,0,55.7820777893066,0,0,51.0593643188477,0,0,6.40320014953613,0,0,25.8851280212402,14.3967266082764,0,0,41.8359527587891,0,33.6140594482422,0,0,215.347732543945,0,82.4000015258789,2236.68188476563
50025967800,1295.43615722656,59.5835990905762,49.3460655212402,0,0,37.4718055725098,0,0,19.1330947875977,0.518849968910217,0,0,38.8689765930176,0,0,15.5873432159424,0,0,34.5244636535645,0,0,0.66022002696991,0,0,7.41985607147217,3.29819989204407,0,0,16.6459674835205,0,14.2740850448608,0,0,103.55835723877,0,67.9800033569336,1764.30700683594
50025967900,3451.59521484375,79.937385559082,147.902267456055,0,0,123.380043029785,0,0,35.2023429870605,7.81104564666748,0,0,114.312110900879,0,0,67.8094863891602,0,0,100.82396697998,0,0,0.409700006246567,0,0,25.5142517089844,19.3822536468506,0,0,66.8586273193359,0,54.4624900817871,0,0,355.588562011719,0,47.379997253418,4698.369140625
50025968000,3115.42993164063,108.839859008789,118.025421142578,0,0,97.489875793457,0,0,36.9305992126465,1.58840990066528,0,0,92.6382293701172,0,0,43.1624374389648,0,0,85.4962158203125,0,0,0.117700003087521,0,0,18.8092308044434,8.13525581359863,0,0,51.2622184753418,0,40.1791839599609,0,0,289.886322021484,0,71.0699996948242,4179.06103515625
50025968100,1211.04089355469,30.5892391204834,28.7100410461426,0,0,21.3613891601563,0,0,11.4985494613647,0.542573928833008,0,0,22.3521041870117,0,0,8.42662811279297,0,0,29.4345169067383,0,0,0,0,0,4.17335224151611,1.85361313819885,0,0,8.97951126098633,0,7.5223560333252,0,0,67.3442840576172,0,56.6499977111816,1510.47912597656
50025968200,1158.34985351563,25.5895595550537,32.2911415100098,0,0,25.406795501709,0,0,10.2490491867065,0.449711978435516,0,0,25.712272644043,0,0,24.1058177947998,0,0,33.829402923584,0,0,2.79360008239746,0,0,11.0611000061035,7.65045070648193,0,0,13.6286535263062,0,12.9049434661865,0,0,88.2505798339844,0,90.6399993896484,1562.91284179688
50025968300,1300.59362792969,36.5051116943359,34.1803741455078,0,0,26.5336055755615,0,0,14.4241704940796,0.691271960735321,0,0,26.6992092132568,0,0,10.8461894989014,0,0,32.2250633239746,0,0,0.261839985847473,0,0,4.92012882232666,2.11831879615784,0,0,12.481915473938,0,10.9256916046143,0,0,85.8233947753906,0,33.9900016784668,1633.21997070313
50025968400,1730.5126953125,91.7901306152344,82.0377578735352,0,0,72.9745178222656,0,0,33.2262077331543,1.63510549068451,0,0,64.5073013305664,0,0,31.3764476776123,0,0,50.4531288146973,0,0,0.224279999732971,0,0,12.701587677002,3.94570422172546,0,0,45.8836097717285,0,36.6018867492676,0,0,238.420654296875,0,362.559997558594,2858.85107421875
50025968500,2609.8271484375,378.252471923828,458.424224853516,0,0,378.562896728516,0,0,152.122253417969,9.89785480499268,0,0,358.756683349609,0,0,186.192749023438,0,0,139.705154418945,0,0,8.99264049530029,0,0,84.8960037231445,39.9571990966797,0,0,209.903198242188,0,165.482757568359,0,0,977.609619140625,0,59.7400054931641,6218.3232421875
50025968600,1162.64318847656,409.246429443359,458.550445556641,0,0,344.898376464844,0,0,138.53288269043,3.43182158470154,0,0,364.938262939453,0,0,183.525482177734,0,0,107.694374084473,0,0,13.4021406173706,0,0,94.1940841674805,44.4407806396484,0,0,152.929794311523,0,128.428527832031,0,0,733.155395507813,0,29.870002746582,4369.8818359375
50025968700,2386.69213867188,139.121719360352,171.940139770508,0,0,129.770401000977,0,0,56.591495513916,3.38728666305542,0,0,133.83137512207,0,0,52.21875,0,0,74.0293960571289,0,0,1.89740002155304,0,0,25.6959228515625,12.6059350967407,0,0,51.0315818786621,0,43.4522247314453,0,0,286.703186035156,0,151.410003662109,3720.37890625
50027965000,2067.87719726563,121.971237182617,88.4725494384766,0,0,69.5054168701172,0,0,42.225040435791,0.60231602191925,0,0,70.1602325439453,0,0,28.2693099975586,0,0,57.4110336303711,0,0,0.134819999337196,0,0,14.9772386550903,3.10585856437683,0,0,37.0626029968262,0,30.7312049865723,0,0,213.99299621582,0,58.7099990844727,2905.208984375
50027965100,1244.302734375,84.7073745727539,84.8845367431641,0,0,77.0480880737305,0,0,30.714391708374,0.822059988975525,0,0,66.2761611938477,0,0,29.9875011444092,0,0,40.4529457092285,0,0,0.132679998874664,0,0,11.8996934890747,2.75846076011658,0,0,48.8023948669434,0,36.8327865600586,0,0,235.676239013672,0,269.859985351563,2265.15795898438
50027965200,2062.57055664063,76.3790283203125,86.119140625,0,0,65.386604309082,0,0,33.3555603027344,1.52879285812378,0,0,66.7605667114258,0,0,25.0531368255615,0,0,55.5414199829102,0,0,0.12270000576973,0,0,12.496862411499,4.5451340675354,0,0,27.9537754058838,0,24.9484272003174,0,0,175.527420043945,0,119.480010986328,2837.76953125
50027965300,154.778259277344,9.09961986541748,10.4366178512573,0,0,11.1654748916626,0,0,3.38793730735779,0.268633008003235,0,0,8.19199657440186,0,0,6.52617359161377,0,0,6.00731992721558,0,0,0.286339998245239,0,0,2.2677640914917,1.09532237052917,0,0,9.71948432922363,0,7.28030157089233,0,0,44.1017532348633,0,0,274.613006591797
50027965400,3072.93237304688,108.590087890625,117.618865966797,0,0,88.3841171264648,0,0,44.85791015625,2.92591762542725,0,0,91.3958435058594,0,0,36.7475433349609,0,0,81.9141998291016,0,0,0.10869999974966,0,0,16.9781227111816,8.8099193572998,0,0,37.1884231567383,0,32.0199737548828,0,0,235.073974609375,0,256.470001220703,4232.01611328125
50027965501,2490.14135742188,110.573524475098,102.082565307617,0,0,99.004508972168,0,0,38.5595512390137,0.681901156902313,0,0,80.3175964355469,0,0,46.7930030822754,0,0,73.6173934936523,0,0,0,0,0,17.789119720459,5.23539781570435,0,0,74.4424209594727,0,57.6067886352539,0,0,372.984924316406,0,153.470001220703,3723.29956054688
50027965502,1425.17004394531,80.6026458740234,78.9572677612305,0,0,73.5692749023438,0,0,29.1001625061035,0.981341958045959,0,0,61.715389251709,0,0,39.5180625915527,0,0,47.3260307312012,0,0,2.13709998130798,0,0,16.6298866271973,6.51173210144043,0,0,53.5777893066406,0,41.6472587585449,0,0,263.490020751953,0,24.7199974060059,2245.65405273438
50027965600,2061.20947265625,245.551681518555,322.841827392578,0,0,248.068298339844,0,0,90.9255523681641,1.3336523771286,0,0,254.459686279297,0,0,89.4987030029297,0,0,91.0468597412109,0,0,0.484379976987839,0,0,41.0481414794922,16.7095603942871,0,0,111.690612792969,0,91.4016723632813,0,0,538.417053222656,0,122.570007324219,4327.25732421875
50027965700,1916.73718261719,72.2469329833984,88.7475280761719,0,0,67.5619659423828,0,0,30.3390102386475,2.29858207702637,0,0,69.4715270996094,0,0,30.4321384429932,0,0,54.1603507995605,0,0,1.5440000295639,0,0,14.2623023986816,7.6374363899231,0,0,29.9806079864502,0,24.8569602966309,0,0,175.546569824219,0,198.790008544922,2784.61328125
50027965800,2566.80224609375,175.369979858398,162.383316040039,0,0,125.274688720703,0,0,68.3963928222656,1.8180741071701,0,0,127.995239257813,0,0,65.9203567504883,0,0,84.3399887084961,0,0,1.40817999839783,0,0,32.3920059204102,14.3175706863403,0,0,66.1490173339844,0,55.3800621032715,0,0,358.495635986328,0,72.1000061035156,3978.54321289063
50027965900,3460.61669921875,74.2785491943359,85.8752288818359,0,0,74.0606994628906,0,0,24.830846786499,1.15457403659821,0,0,67.2172546386719,0,0,37.9183197021484,0,0,88.8441619873047,0,0,0.214280009269714,0,0,14.6344881057739,8.54334735870361,0,0,42.8305320739746,0,33.9677352905273,0,0,257.592224121094,0,123.599990844727,4396.17919921875
50027966000,1684.60815429688,195.495132446289,166.901733398438,0,0,140.584518432617,0,0,57.7082214355469,3.67306995391846,0,0,132.235061645508,0,0,75.3612518310547,0,0,68.9764785766602,0,0,2.9905800819397,0,0,35.1693305969238,13.5275316238403,0,0,87.3617782592773,0,70.5203552246094,0,0,425.714782714844,0,130.809997558594,3291.63842773438
50027966100,1463.16394042969,73.9790115356445,75.0841522216797,0,0,54.1913833618164,0,0,25.8056526184082,1.73699867725372,0,0,58.9843482971191,0,0,22.2042217254639,0,0,41.0206527709961,0,0,0.831239998340607,0,0,12.061502456665,4.9591326713562,0,0,19.2270088195801,0,17.787202835083,0,0,125.845527648926,0,338.869995117188,2335.751953125
50027966200,1178.87719726563,52.3712310791016,61.174690246582,0,0,48.5275230407715,0,0,24.2769203186035,1.14330589771271,0,0,47.5440406799316,0,0,21.294864654541,0,0,34.8478317260742,0,0,0.447280019521713,0,0,9.79398536682129,4.24629783630371,0,0,23.3676891326904,0,21.0207023620605,0,0,132.457336425781,0,76.2200012207031,1737.61083984375
50027966300,2914.564453125,133.512893676758,141.67724609375,0,0,143.967025756836,0,0,45.7108879089355,2.30380201339722,0,0,111.512802124023,0,0,72.3141555786133,0,0,92.7350540161133,0,0,1.47214007377625,0,0,24.9619083404541,9.9631233215332,0,0,111.318649291992,0,84.5094680786133,0,0,530.375366210938,0,162.740005493164,4583.63916015625
50027966500,3102.43090820313,145.512008666992,168.690795898438,0,0,132.27734375,0,0,56.0206413269043,3.16884565353394,0,0,131.356079101563,0,0,54.846752166748,0,0,90.923942565918,0,0,0.278679996728897,0,0,24.5640659332275,12.1287937164307,0,0,59.8716201782227,0,49.1796607971191,0,0,333.613616943359,0,173.039993286133,4537.90380859375
50027966600,2420.94189453125,268.659484863281,249.373626708984,0,0,195.921020507813,0,0,103.723182678223,4.14565181732178,0,0,195.094619750977,0,0,95.1878890991211,0,0,96.5444793701172,0,0,3.22854018211365,0,0,47.1006469726563,18.6533641815186,0,0,107.889610290527,0,89.7261810302734,0,0,539.915893554688,0,87.5500030517578,4523.65576171875
50027966700,1866.72497558594,109.414909362793,108.365043640137,0,0,95.7276763916016,0,0,47.0879745483398,2.07516598701477,0,0,84.7114181518555,0,0,49.3965263366699,0,0,61.4755821228027,0,0,1.55263996124268,0,0,19.9908866882324,9.14657115936279,0,0,63.3561973571777,0,51.3760261535645,0,0,315.968444824219,0,81.370002746582,2967.740234375

