Tract,RES1F,RES2F,RES3AF,RES3BF,RES3CF,RES3DF,RES3EF,RES3FF,RES4F,RES5F,RES6F,COM1F,COM2F,COM3F,COM4F,COM5F,COM6F,COM7F,COM8F,COM9F,COM10F,IND1F,IND2F,IND3F,IND4F,IND5F,IND6F,AGR1F,REL1F,GOV1F,GOV2F,EDU1F,EDU2F,TotalSqft
50001960100,2008.59,248.23,35.73,42.876,0,0,0,0,21.491,2.1,0,61.459,15.356,24.116,70.135,0,0,5.657,3.625,0,0,32.126,11.005,7.53,0,2,60.72,52.97,10.36,6.955,0,39.413,0,2762.444
50001960200,1911.42,119.48,30.966,38.112,17.829,0,0,0,14.175,2.1,0,50.556,60.094,37.704,34.114,2.354,0,4.173,25.46,0,0,20.464,39,3.5,0,0,78.546,54.305,16.925,7.667,0,14.691,0,2583.635
50001960300,852.39,132.87,97.662,80.988,124.803,11.886,28.866,0,18.725,201.6,9.042,210.353,27.178,55.103,90.551,10.807,0,32.26,39.316,4.387,0,0,15.35,1.01,0,0,19.476,12.359,48.814,25.927,4.815,30.923,0,2187.461
50001960400,3010.79,209.09,54.786,47.64,11.886,0,0,0,45.903,0,0,135.31,63.568,57.557,108.812,2.249,0,15.943,44.966,0,0,56.068,238.338,1.015,61.251,0.001,101.832,165.26,61.094,22.377,19.271,39.162,0,4574.169
50001960500,1637.95,228.66,157.212,76.224,89.145,35.658,0,0,12.289,8.4,0,100.689,54.152,44.813,80.619,2.996,0,16.973,48.045,1.498,0,57.258,17.017,20.162,0.67,0,48.251,30.263,26.265,9.978,0,29.425,0,2834.612
50001960600,1866.4,128.75,57.168,38.112,5.943,0,0,0,64.936,4.2,1.712,42.518,10.454,13.772,55.558,0,0,0,26.708,1.23,0,214.858,4,3.97,0,0,34.54,23.664,9.321,18.8,5.671,20.009,0,2652.294
50001960700,1634.92,135.96,109.572,171.504,112.917,23.772,28.866,63.675,52.751,16.6,0,162.486,78.966,103.115,150.31,8.779,0,23.829,46.752,4.922,0,91.75,42.528,0,0,0,65.237,79.697,58.105,24.077,4.387,25.736,0,3321.214
50001960800,988.182,9.27,104.808,204.852,106.974,23.772,28.866,0,63.472,1027.6,51.895,249.12,111.373,105.67,274.918,19.687,72.937,98.853,93.405,0,0,38.598,115.524,112.795,0,27.999,32.888,18.759,70.675,30.816,8.988,46.573,129.883,4269.152
50001960900,3257.53,270.89,95.28,28.584,11.886,0,0,0,12.572,1.4,0,125.745,78.346,59.36,114.231,5.35,0,16.129,26.96,1.23,0,22.04,23.938,2.4,2.502,0,59.709,242.94,38.642,13.011,46.942,61.251,1.04,4619.908
50001961000,1598.51,168.92,7.146,0,5.943,0,0,0,14.98,13.3,0,39.008,7.911,35.102,26.137,0,0,3.264,6.626,0,0,13.2,8.7,0,0,0,27.979,35.2,16.058,7.911,14.824,16.121,0,2066.84
50003970200,1980.05,33.99,42.876,28.584,0,0,0,0,28.462,0,0,42.668,29.052,12.016,51.915,0,0,4.28,31.137,3.103,0,28.7,5.055,0,1.8,0,48.334,24.49,10.914,13.168,0,47.935,0,2468.529
50003970300,863.46,45.32,26.202,0,0,0,0,0,33.705,12.6,15.087,39.389,3.519,8.152,23.824,0,0,4.066,3.745,0,0,45.61,16.5,1.3,0,0,18.3,25.157,14.197,11.488,9.882,51.36,0,1272.863
50003970400,3100.5,156.56,147.684,100.044,172.347,0,0,63.675,286.193,16.1,10.165,660.838,145.397,109.473,327.992,46.331,11.235,58.55,215.916,6.901,0,19.131,46.039,71.5,3.5,13,84.475,27.666,79.759,19.847,22.149,88.168,11.021,6122.156
50003970500,3166.02,18.54,235.818,185.796,65.373,11.886,0,0,91.913,0,0,60.223,7.49,7.747,79.037,3.531,0,0,66.54,0,0,5.31,4.1,5.052,0,0,58.669,11.559,16.799,8.392,2.889,15.301,0,4127.985
50003970600,2271.07,119.48,54.786,38.112,5.943,0,0,0,28.233,0,0,63.445,40.431,26.758,50.86,0,0,0,8.989,0,0,36,31.701,0.001,2.502,0,34.146,8.809,19.046,8.302,12.353,19.725,0,2880.692
50003970700,1415.24,61.8,73.842,109.572,35.658,0,0,0,58.503,0,0,61.056,24.064,27.305,81.424,6.848,0,11.555,14.658,0,0,17.415,363.776,23.499,0,0,18.229,10.05,20.8,6.509,0,35.631,0,2477.435
50003970800,2107.97,71.07,92.898,128.628,11.886,0,0,0,3.21,0,0,43.587,45.521,21.325,50.46,0,0,6.206,20.22,0,0,37.6,327.5,54.2,1.6,0,47.286,44.738,5.785,7.881,20.611,34.347,0,3184.529
50003970900,458.79,197.76,78.606,114.336,101.031,35.658,0,0,0,0,0,88.081,54.878,22.566,32.339,0,0,3.252,14.478,0,0,203,13.856,0,0,0,39.299,2.998,20.188,0,0,28.463,0,1509.579
50003971000,1294.21,162.74,131.01,95.28,17.829,35.658,0,0,100.144,361.2,16.799,191.004,72.433,72.395,256.695,7.49,0,6.42,56.78,0,0,131.888,291.328,2.8,0,0,46.651,25.199,23.433,8.385,0,59.706,62.06,3529.538
50003971100,1754.23,245.14,145.302,147.684,47.544,11.886,28.866,0,40.125,216.3,81.106,105.937,101.695,71.009,138.115,1.284,257.869,105.801,40.906,18.081,0,79.939,31.924,6,0,7.5,34.694,16.1,28.174,2.14,5.992,15.514,0,3786.857
50003971200,1154.56,13.39,433.524,976.62,160.461,11.886,28.866,63.675,36.166,167.1,17.12,389.303,170.675,141.679,223.698,37.236,0,67.421,138.562,0,0,213.529,182.528,14.2,0,3.2,71.754,10.49,80,106.575,5.671,83.887,14.338,5018.115
50003971300,1759.39,328.57,26.202,19.056,29.715,11.886,0,0,4.05,0,0,75.601,20.697,21.78,25.782,1.07,0,1.765,307.304,1.498,0,13.8,10.53,2.6,0,0,33.079,14.447,16.264,11.332,5.778,21.293,0,2763.489
50005957000,2842.53,333.72,4.764,14.292,0,0,0,0,12.824,2.8,0,47.561,32.221,29.824,53.7,0,15.622,4.28,10.269,0,0,33.312,17.554,9,0,0,29.283,33.009,1.498,10.078,17.294,31.621,0,3587.056
50005957100,1318.56,106.09,64.314,80.988,29.715,11.886,0,0,47.294,0,0,33.298,3.161,11.647,27.795,0,0,0,11.342,0,0,2.6,0,4.221,3.8,0,27.257,12.8,10.058,11.192,0.494,20.651,0,1839.163
50005957200,900.36,165.83,121.482,119.1,77.259,11.886,28.866,0,5.778,35.7,321,91.834,37.176,25.031,34.619,14.367,0,6.206,13.91,4.066,0,7.62,0.032,25,8.2,0,18.929,5.229,18.554,6.346,0,31.281,0,2135.661
50005957300,933.57,47.38,161.976,166.74,83.202,0,0,0,21.261,333.5,0,145.971,154.585,54.257,52.603,23.754,0,6.898,36.273,0,0,192.736,26.7,7,0,0,59.76,12.268,37.886,18.959,0,7.081,30.709,2615.069
50005957400,839.434,31.93,231.054,404.94,202.062,35.658,230.928,63.675,83.039,106.2,11.128,377.991,99.871,139.245,331.107,27.82,29.746,69.928,79.551,0,0,62.9,56.129,0,22.518,0,54.694,8.61,132.695,90.062,10.593,49.754,8.988,3892.25
50005957500,1325.94,183.34,147.684,166.74,65.373,35.658,0,0,7.787,72.8,0,235.735,42.586,115.815,77.013,3.424,121.338,65.099,46.459,0,0,312.986,50.4,9.641,2.301,0,82.131,7.2,26.388,29.155,9.882,10.593,0,3253.468
50005957600,1432.21,82.4,66.696,42.876,41.601,23.772,0,0,8.988,0,0,48.434,16.465,21.25,44.265,3.745,0,15.622,25.849,0,0,27.952,9.598,4.1,0,0,41.188,41.37,6.142,8.335,0,19.153,0,2032.011
50005957700,1341.93,200.85,21.438,66.696,53.487,0,0,0,19.943,18.2,0,223.23,44.69,61.203,58.518,8.025,20.544,16.821,20.222,0,0,25.62,14.923,2.021,0,0,26.636,26.339,33.116,24.711,0,28.548,0,2357.711
50005957800,2245.73,111.24,9.528,71.46,17.829,0,0,0,8.025,0,1.498,44.867,29.278,48.594,31.047,1.819,0,0,10.004,0,0,45.651,3.856,0,0,0,26.039,33.116,32.636,21.138,9.882,4.248,0,2807.485
50005957900,2008.84,93.73,83.37,9.528,0,0,0,0,17.227,27.3,0,42.572,45.9,16.542,31.286,0,0,6.206,22.674,2.461,0,28.188,17.433,0,0,0,48.812,19.32,25.251,4.532,0,28.569,0,2579.741
50007000100,2059.02,119.48,121.482,152.448,35.658,0,57.732,63.675,0,4.2,0,24.688,8.975,25.904,44.99,6.313,0,0.91,18.632,0,0,25.2,5.738,2.3,0,0,33.896,4.168,34.061,22.216,0,31.242,0,2902.928
50007000200,2599.48,0,166.74,247.728,124.803,71.316,57.732,0,29.211,219.1,68.266,63.233,22.788,36.26,101.725,3.531,3.959,22.919,13.961,2.568,0,1.6,69.988,1.4,0,0,37.726,5.189,93.893,20.651,0,87.028,3.852,4176.647
50007000300,549.81,0,621.702,357.3,124.803,59.43,0,0,0,0,0,89.182,126.214,49.109,60.97,0,0,21.561,45.138,1.23,0,3.3,9.339,12,0,0,30.778,7.978,7.918,0,0,35.206,14.98,2227.948
50007000400,145.386,5.15,407.322,743.184,249.606,71.316,57.732,0,0,57.9,0,71.772,8.69,116.519,77.238,1.605,6.848,11.503,26.53,2.461,0,7.2,6.65,4,0,0,23.42,2.14,70.484,17.773,6.099,22.47,0,2220.998
50007000500,343.334,0,283.458,514.512,522.984,190.176,0,0,5.136,170.2,0,85.479,42.776,54.172,134.2,0,0,56.614,26.586,0,0,2.376,18.1,0,0,0,7.436,2.9,160.714,0,6.099,16.157,0,2643.409
50007000600,667.316,23.69,412.086,242.964,273.378,285.264,144.33,63.675,17.441,383,0,51.05,15.729,77.799,136.933,0,0,63.698,53.147,0,0,4.2,11.328,50,0,0,29.24,4.3,43.556,0.867,5.885,33.063,4.922,3098.861
50007000800,786.626,0,200.088,181.032,130.746,35.658,0,63.675,6.099,13.1,6.652,95.551,62.793,33.031,142.881,1.07,0,12.251,19.367,0,0,4.5,201.346,24.8,0,0,12.888,6.047,21.186,27.196,0,24.187,0,2112.77
50007000900,331.28,12.36,290.604,319.188,178.29,47.544,28.866,127.35,47.654,254.5,26.75,7.156,31.196,14.231,101.014,1.124,0,16.019,16.332,0,0,6.2,4.05,56.581,0,0,12.219,5.998,13.469,0,0,12.733,62.595,2025.303
50007001000,191.88,0,135.774,181.032,196.119,142.632,259.794,254.7,57.641,67,0,704.514,240.142,264.94,1175.97,132.52,4.494,135.311,332.546,0,0,243.776,143.378,34.687,1,0,38.502,5.118,102.402,159.599,18.832,10.357,127.942,5362.602
50007001100,777.606,0,176.268,404.94,83.202,23.772,0,0,3.103,1.1,0,99.697,33.234,41.163,81.494,0,0,4.44,22.463,0,0,43.6,78.161,27,0,0,26.085,12.4,13.803,0,0,1.059,0,1954.59
50007002101,1584.32,43.26,76.224,52.404,0,0,0,0,8.453,0,0,22.214,16.648,23.24,20.665,0,0,6.313,7.274,1.498,0,31.1,2,4.6,0,0,32.433,13.57,2.579,2.461,0,0.661,0,1951.917
50007002102,3350.03,360.5,123.864,109.572,89.145,47.544,28.866,0,3.103,0,0,157.077,457.083,117.132,91.219,14.445,0,22.225,60.176,1.498,0,144.188,87.484,218.6,4,0,92.162,29.555,35.406,20.336,9.736,24.289,0,5699.235
50007002200,2120.19,701.43,47.64,443.052,190.176,35.658,86.598,0,29.532,758.1,18.939,317.243,298.352,128.743,411.277,8.667,14.546,68.159,114.073,1.391,0,57.099,68.701,5.499,5.8,0,130.43,29.148,39.783,31.886,1.712,23.471,2.033,6189.329
50007002301,1199.41,19.57,92.898,104.808,71.316,0,0,0,9.17,0,0,26.781,65.917,13.76,76.783,0,0,3.156,52.537,0,0,9.6,5.922,1.4,0,0,45.268,10.762,16.799,0,0,0,0,1825.857
50007002302,3726.41,69.01,373.974,204.852,23.772,0,28.866,0,33.796,0,0,184.486,96.515,97.331,198.382,7.009,0,71.991,85.007,0,0,8.108,21.956,3.4,0.021,0,102.779,28.27,45.397,65.723,0,54.243,17.12,5548.418
50007002400,654.36,0,445.434,404.94,130.746,0,28.866,0,0,30.8,0,33.094,38.282,43.55,47.775,11.157,0,10.158,10.498,0,0,1.18,108.356,60.3,13.279,0,49.098,2.527,14.666,0,0,10.844,0,2149.91
50007002500,854.686,25.75,216.762,262.02,142.632,23.772,86.598,509.4,12.626,101.6,0,84.364,39.553,52.816,264.118,9.363,0,26.232,58.408,0,0,26.1,41,0,0,0,29.396,5.218,35.417,43.576,7.383,187.727,0,3146.517
50007002601,2260.74,19.57,109.572,128.628,219.891,130.746,86.598,0,4.05,1.4,0,213.038,36.138,88.792,162.819,17.655,0,40.547,129.37,0,0,6.103,6.533,4.201,0,0,64.447,8.829,41.575,39.102,0.002,116.951,0,3937.297
50007002602,1816.38,8.24,138.156,138.156,130.746,47.544,0,0,0,1.1,0,72.631,36.776,42.385,91.598,0,0,27.258,49.997,0,0,5.7,36.727,1.011,2.502,413.4,35.47,4.651,52.72,8.132,6.741,15.523,0,3183.544
50007002701,2433.19,30.9,133.392,104.808,166.404,11.886,115.464,63.675,129.042,3.3,0,274.092,239.234,153.383,464.799,6.42,0,71.97,93.411,8.346,0,61.4,58.546,7.6,0,0,107.998,37.009,65.974,15.411,0,29.984,67.196,4954.834
50007002702,2450.73,31.93,123.864,71.46,83.202,23.772,0,0,9.721,0,0,44.708,216.031,42.24,75.261,0,0,1.862,27.64,0,0,19.151,262.4,2.8,215.17,0,31.25,12.049,14.675,0.011,0,54.779,0,3814.706
50007002800,2714.04,20.6,166.74,14.292,11.886,0,0,0,12.305,0,0,62.621,31.377,28.796,111.305,3.089,0,7.511,62.395,0,0,10.788,14.184,0,0,0,54.601,17.4,29.744,4.578,0,72.954,0,3451.206
50007002900,3382.91,140.08,90.516,52.404,89.145,11.886,28.866,0,92.774,0,0,86.397,55.667,60.118,113.412,0,0.031,30.569,61.532,0,0,18.624,23.404,2.303,0,0,92.623,24.862,40.194,28.551,6.527,4.11,0,4537.504
50007003000,1761.03,279.13,135.774,100.044,29.715,0,0,0,11.9,9.1,0,100.066,29.244,42.222,101.279,5.364,0,6.08,19.861,0,0,5.3,23.148,0,3.5,0,55.146,38.184,34.657,4.986,0,56.951,0,2852.681
50007003100,4530.58,169.95,157.212,100.044,0,11.886,86.598,191.025,139.505,3.5,0,749.509,1178.82,304.645,779.715,88.596,0,160.428,129.8,5.082,0,281.564,155.205,38,9.855,42.799,306.702,42.965,50.536,80.783,6.955,83.388,4.922,9890.569
50007003301,2307.32,0,69.078,0,0,0,0,0,9.209,0,0,45.174,55.522,9.865,91.19,0,0,4.622,19.468,0,0,1.188,190.928,3.032,5.004,0,11.476,2.949,0.867,0,0,6.061,0,2832.953
50007003304,2214.66,0,61.932,247.728,101.031,47.544,346.392,382.05,103.35,166.9,0,477.875,339.223,142.554,617.09,26.857,0,26.107,107.922,10.914,0,41.778,76.534,75.7,0,0,35.955,9.891,35.058,0.984,5.992,59.369,0,5761.391
50007003400,3793.07,128.75,159.594,185.796,47.544,11.886,28.866,191.025,116.424,113.4,374.5,353.601,114.687,85.672,280.952,7.597,0,82.542,174.656,1.391,0,198.368,94.639,2.71,47.5,0,62.524,42.255,64.013,25.039,13.835,214.723,0,7017.56
50007003501,2383.74,79.31,59.55,47.64,11.886,0,0,0,3.103,0,90.932,69.201,72.451,34.131,106.255,1.177,0,12.091,18.49,0,0,12.6,13.18,17.68,0,0,44.244,63.157,47.855,8.813,5.885,27.7,0,3231.071
50007003502,2463.53,340.93,16.674,33.348,89.145,23.772,0,0,13.228,1.4,0,79.451,56.943,224.644,105.679,5.939,0,29.842,60.505,0,0,75.268,23.028,30.613,1.251,0,74.301,23.506,17.441,12.451,8.132,38.98,35.209,3885.21
50007003503,1046.48,99.91,16.674,9.528,0,0,0,0,18.293,0,0,24.11,4.494,15.922,40.734,0,24.21,1.177,4.601,0,0,1.598,4.951,10.297,0,0,19.813,13.247,4.922,6.414,0,10.795,0,1378.17
50007003600,1399.25,22.66,97.662,338.244,332.808,95.088,57.732,191.025,227.678,4.2,0,548.643,55.161,147.381,354.856,15.087,1.07,163.324,152.957,0,0,23.9,25.31,5.052,0,0,41.693,12.077,45.206,21.86,7.383,245.887,21.293,4654.486
50007003900,428.45,0,16.674,138.156,95.088,83.202,28.866,0,327.618,1918.4,0,36.787,8.825,24.14,936.674,0,7.169,213.306,72.991,0,0,27.876,1.5,0,0,0,9.911,11.021,20.251,65.588,0,78.796,162.694,4713.983
50007004002,1877.47,0,366.828,138.156,101.031,202.062,144.33,0,80.356,0,0,253.907,203.092,229.175,402.674,33.812,0,49.337,152.37,49.211,0,52.643,110.942,23.319,0,0,138.486,39.126,61.823,497.046,3.315,59.724,0.627,5270.862
50007980000,0,0,0,0,0,0,0,0,0,0,0,80.296,44.122,31.555,65.683,0,0,2.001,8.275,0,0,7.394,4.249,0,0,0,33.4,11.473,4.111,14.477,0,2.91,3.546,313.4919
50009950100,2076.24,101.97,54.786,38.112,23.772,11.886,0,0,30.603,0,0,31.716,29.853,7.289,36.362,0,0,1.819,59.795,0,0,8.386,162.2,1.01,0,0,5.069,29.155,7.49,11.008,0.494,40.438,0,2769.453
50009950200,908.97,51.5,23.82,104.808,29.715,0,0,0,16.569,0,0,34.931,25.014,23.088,21.491,3.959,0,5.992,9.523,0,0,21.755,51.8,3.101,0,0,15.619,7.049,19.168,11.09,0,12.305,0,1401.267
50009950500,2070.5,380.07,64.314,14.292,5.943,0,0,0,6.848,11.2,7.918,33.434,9.725,14.615,51.646,0,0,4.494,8.882,0,0,39.244,3.1,3.31,2.9,0,24.706,7.63,14.147,26.834,6.918,34.598,0,2847.268
50011010100,3640.06,527.36,178.65,23.82,29.715,11.886,28.866,0,37.022,9.1,0,80.637,132,64.904,107.081,0,0,2.621,30.167,0,0,121.573,15.001,8.821,62.55,0,81.835,190.578,10.914,26.255,10.871,50.964,0,5483.25
50011010200,1799.49,262.65,100.044,142.92,41.601,0,57.732,0,15.408,23.8,0,185.256,64.711,44.939,59.913,6.955,0,19.688,66.233,0,0,44.336,94.933,1.3,1.7,0,32.921,109.646,18.86,15.183,8.4,31.565,0,3250.184
50011010300,1710.93,234.84,90.516,100.044,47.544,0,28.866,0,38.52,51.1,14.017,55.35,12.947,30.035,53.198,2.996,0,5.115,34.754,6.42,0,11.399,4.639,18.1,0,0,26.402,19.03,37.778,23.44,0,42.724,0,2700.704
50011010400,1840.57,138.02,45.258,9.528,17.829,0,0,0,17.738,0,0,47.402,14.257,13.182,24.873,0,0,5.884,43.741,0,0,3.564,9.556,6.9,0,0,21.079,58.217,17.73,12.13,0,29.639,0,2377.097
50011010500,3097.88,221.45,211.998,238.2,29.715,71.316,0,0,21.277,14,5.136,165.019,112.788,92.124,119.601,9.523,4.848,10.647,35.68,0,0,132.687,16.956,105.9,30,0,34.321,47.581,53.579,21.911,11.342,18.265,0,4933.744
50011010600,3455.56,208.06,61.932,61.932,41.601,0,0,63.675,23.005,120.3,53.286,306.571,119.353,141.114,143.089,9.416,0,45.861,75.464,0,0,19.478,206.939,162,0,0,68.486,50.857,60.689,32.947,0,17.976,0,5549.59
50011010700,945.624,39.14,281.076,428.76,118.86,11.886,115.464,0,0,40.6,0,176.76,77.991,132.967,290.745,29.211,1.07,45.24,84.513,4.333,0,541.9,113.438,11.121,0,0,27.002,4.547,73.804,174.881,0,33.705,14.124,3818.762
50011010800,1140.21,10.3,340.626,347.772,71.316,59.43,28.866,0,176.015,19.6,0,110.893,17.227,65.619,76.156,6.634,162.64,40.424,50.338,0,0,0,13.7,0,0,0,28.452,0.88,52.965,1.284,0,46.759,3.103,2871.209
50011010900,2595.05,93.73,21.438,52.404,5.943,0,0,0,4.708,0,2.568,42.085,104.585,38.763,49.45,0,0,8.453,12.442,0,0,29.688,22.086,1.3,1,0,43.304,72.184,25.402,6.955,0,19.046,0,3252.584
50011011000,2802.27,179.22,183.414,23.82,5.943,23.772,0,0,1.819,0,0,68.003,38.554,42.287,51.836,0,0,7.168,15.659,0,0,27.729,12.938,18.187,0,0,69.982,55.927,15.43,4.079,0,10.593,0,3658.63
50013020100,3201.2,312.09,38.112,38.112,29.715,23.772,0,0,96.697,0,0,67.827,39.481,28.773,110.536,2.354,20.544,4.708,9.036,0,0,32.4,10.627,4.5,0,0,53.87,35.282,22.371,15.298,26.189,30.281,0,4253.774
50013020200,2646.47,351.23,95.28,33.348,5.943,0,0,0,38.611,0,0,77.911,27.782,42.874,92.861,2.354,0,8.987,21.931,0,0,9.364,10.45,15.6,10,0,55.799,33.545,26.879,12.285,0,30.193,0,3649.697
50015953000,1270.84,304.88,7.146,0,5.943,0,0,0,4.922,0,0,14.643,17.26,13.844,39.262,0,0,5.232,3.637,0,0,3.465,5,5.2,2.502,0,14.001,12.664,13.81,14.489,0,13.161,0,1771.901
50015953100,1960.13,145.23,145.302,61.932,41.601,11.886,0,0,84.89,7.7,0,97.26,39.206,41.133,132.782,0,0,5.243,70.671,0,0,17.532,15.812,18.7,0,0,90.539,26.943,18.197,13.282,13.836,26.932,0,3086.739
50015953200,749.398,181.28,66.696,223.908,154.518,11.886,28.866,0,0,247.3,0,91.866,32.03,38.338,87.124,6.955,0,23.219,50.748,2.461,0,43.5,20.899,2.3,5.253,0,19.828,15.566,31.48,2.266,0,29.199,32.1,2198.984
50015953300,1318.81,303.85,78.606,14.292,11.886,0,0,0,11.77,0,5.029,99.571,20.787,29.691,78.229,0,0,4.387,14.255,0,0,16.048,49.567,0,0,0,42.359,34.936,6.919,15.742,30.55,44.94,0,2232.224
50015953400,1318.56,189.52,23.82,19.056,5.943,0,0,0,9.327,0,0,88.894,21.124,23.4,29.007,0,0,7.624,9.469,0,0,18.853,9.528,1.2,5.004,0,24.895,14.269,6.42,7.276,9.883,33.812,0,1876.884
50015953500,2422.85,155.53,326.334,147.684,166.404,0,28.866,0,44.405,72.1,70.085,347.49,122.801,160.306,193.724,40.232,17.655,57.244,86.664,15.621,0,123.8,95.724,21.1,16.904,0,136.333,65.939,40.154,16.898,5.929,62.424,0,5061.2
50015953600,3197.75,111.24,423.996,338.244,231.777,71.316,57.732,0,644.139,2.1,0,287.307,101.627,58.422,422.997,12.626,0,47.979,288.456,9.202,0,18.126,69.218,10.221,1.5,0,80.738,35.125,60.278,29.689,14.937,51.796,0,6678.538
50017959000,1584.24,103,26.202,28.584,35.658,23.772,0,0,34.025,0,0.704,46.643,18.298,30.046,23.251,3.745,0,9.202,26.857,0,0,11.104,0.91,17.6,0,0,18.218,38.03,5.999,30.37,0,17.227,0,2133.685
50017959101,1307.74,142.14,26.202,9.528,5.943,0,0,0,9.309,0,0,18.365,18.462,39.49,35.986,0,0,5.136,5.135,0,0,17.6,7.186,0,0,0,32.687,8.988,17.556,3.658,12.353,11.342,0,1734.806
50017959102,1735.78,184.37,21.438,0,0,0,0,0,0,0,0,33.578,28.715,13.278,27.964,0,0,11.813,6.525,0,0,24.6,24.922,1.3,2.3,0,14.536,25.401,15.522,4.986,0,0,0,2177.028
50017959200,1392.36,246.17,42.876,52.404,47.544,35.658,0,0,34.133,9.1,3.959,197.674,156.624,41.141,46.752,1.686,0,5.992,14.968,0,0,19.164,27.09,1.39,0,0,29.244,19.387,0,3.852,12.13,34.454,0,2475.752
50017959300,1483.63,187.46,52.404,19.056,23.772,0,0,0,3.103,0,0,31.708,23.914,5.008,36.592,0,0,10.032,9.824,1.498,0,39.3,7.328,0,0,0,17.311,20.447,14.659,9.573,9.882,21.614,0,2028.115
50017959400,2143.64,129.78,107.19,166.74,101.031,0,57.732,0,22.644,237.5,45.387,134.568,25.477,78.052,134.462,6.955,108.391,90.512,41.73,2.568,0,11.252,68.697,3.9,0,0,108.598,35.493,60.243,4.432,0,60.562,4.066,3991.602
50017959500,2937.24,209.09,85.752,33.348,5.943,0,28.866,0,0,42.8,0,99.815,56.973,66.279,95.632,1.07,0,3.745,48.371,0,0,55.91,11.807,16.152,36.5,2.1,54.537,44.686,28.879,25.606,10.087,53.45,0,4054.638
50017959600,1555.7,126.69,92.898,28.584,0,0,0,0,1.819,0,0,78.721,21.079,30.002,52.171,2.354,0,15.193,7.167,0,0,0.94,2.784,2.1,0,0,57.934,18.97,17.002,7.707,12.353,48.792,0,2180.96
50017959700,1222.13,104.03,52.404,9.528,11.886,0,0,0,191.374,7,0,62.187,6.784,38.389,49.742,7.276,0,1.391,11.126,0,0,5.3,3.521,0,0,0,31.963,33.557,10.7,6.842,20.259,27.606,0,1914.995
50017959800,1463.45,62.83,35.73,119.1,17.829,11.886,0,0,5.136,45.1,3.103,137.554,97.477,39.14,70.654,9.523,37.45,16.628,40.863,0,0,123.9,88.128,10.8,7.202,0,45.817,45.026,32.602,11.166,1.976,40.358,0,2620.427
50019951100,2098.38,196.73,4.764,14.292,0,0,0,0,3.103,0,0,19.353,10.035,26.557,19.196,0,0,0,0,0,0,8.723,4.07,0,0,0,18.081,31.94,7.726,4.924,10.871,15.622,0,2494.367
50019951200,1400.97,191.58,28.584,80.988,41.601,11.886,0,0,23.434,16.1,0,80.462,23.647,51.649,81.065,3.424,0,9.309,15.513,0,0,274.9,5.656,5.441,0,0,32.258,29.057,21.965,14.881,19.271,55.054,0,2518.695
50019951300,1014.01,174.07,14.292,47.64,23.772,0,0,0,7.49,0,4.28,60.655,94.053,24.728,40.807,5.778,0,5.971,40.66,0,0,34.699,4.811,3.031,0,0,32.252,10.351,4.837,7.51,7.412,0,0,1663.109
50019951400,586.71,21.63,138.156,138.156,41.601,0,0,0,13.482,45.5,0,90.209,17.38,52.601,46.044,5.939,0,2.835,39.309,1.498,0,145.112,50.23,0,0,0,13.857,5.18,22.47,30.631,0,14.766,0,1523.296
50019951500,940.95,0,288.222,209.616,142.632,59.43,0,0,8.346,88.9,43.656,198.19,18.274,60.978,145.106,8.239,159.964,72.332,44.267,0,0,23.19,121.284,11.2,0,0,42.549,10.12,52.356,70.096,4.922,73.509,7.062,2905.39
50019951600,2596.28,218.36,161.976,123.864,166.404,11.886,0,0,60.134,11.2,0,123.783,131.384,54.193,38.049,4.922,0,8.399,10.963,0,0,35.21,36.5,26.7,0,0,47.977,61.847,14.238,16.216,28.165,21.72,0,4010.37
50019951700,2270.58,302.82,21.438,28.584,0,0,28.866,0,50.702,35.2,0,49.013,64.675,58.291,59.576,0,22.898,4.895,42.907,0,0,32.063,5.026,2.9,0,0,51.907,69.644,23.462,14.365,8.894,63.186,0,3311.892
50019951800,1276.74,99.91,161.976,133.392,83.202,47.544,0,0,10.058,46.9,0,116.394,33.365,30.129,65.923,11.342,0,10.004,33.323,0,0,7.703,91.713,8.6,2.502,0,34.536,27.095,56.396,12.466,0,42.722,0,2443.935
50019951900,1611.3,247.2,16.674,14.292,5.943,0,0,0,38.471,5.6,0,99.585,154.575,37.529,48.003,0,0,0.824,36.269,0,0,15.33,5.2,0,4.1,0,17.192,24.505,12.733,2.737,0,23.647,0,2421.709
50019952000,1691.25,101.97,2.382,33.348,5.943,11.886,0,0,18.297,51.1,29.532,28.983,20.406,17.141,20.224,0,0,5.177,24.073,0,0,18.164,8.4,9.2,0,0,19.18,23.157,18.304,22.065,0,16.692,0,2196.874
50021962100,1338.73,82.4,40.494,52.404,0,11.886,0,0,60.669,0,0,7.441,6.302,6.313,24.662,0,0,0,7.594,0,0,5.1,0.928,0,0,0,19.81,11.758,4.838,3.795,9.882,2.908,0,1697.914
50021962200,1377.6,297.67,73.842,219.144,95.088,59.43,28.866,0,55.854,0,0,176.153,103.532,62.057,73.573,26.108,0,27.392,56.281,0,0,20.6,97.61,6,2.2,0,92.323,31.046,32.892,37.95,3.167,68.052,0,3124.43
50021962300,1972.67,216.3,23.82,28.584,0,23.772,0,0,18.067,7.8,0,70.082,14.36,45.046,47.112,0,0,4.494,11.556,0,0,71.049,125.369,0,2.502,0,28.855,41.763,32.771,32.829,2.239,20.437,0,2841.477
50021962400,1685.35,130.81,131.01,19.056,35.658,0,28.866,0,0,11.2,0,46.269,44.552,34.796,56.388,3.852,0,4.323,32.217,1.23,0,6.614,10.1,4.4,0,0,58.117,26.2,8.56,14.27,3.531,3.638,0,2401.007
50021962500,744.642,26.78,183.414,52.404,5.943,11.886,0,0,4.05,0,0,44.368,4.485,18.828,31.633,2.99,0,3.081,30.065,0,0,24.691,0,17.971,0,0,33.626,1.9,15.507,5.522,9.864,32.514,0,1306.164
50021962600,904.788,26.78,235.818,152.448,41.601,0,0,0,0,0,0,66.875,24.788,42.071,28.903,0,0,2.632,12.412,1.605,0,21.376,103.539,0,0,0,24.739,30,15.836,20.425,0,42.051,0,1798.687
50021962700,1818.92,22.66,202.47,76.224,47.544,83.202,86.598,63.675,83.674,49.7,10.7,495.568,184.798,62.69,189.883,0.006,0,30.495,35.546,6.207,0,55.463,109.326,28.449,1,0,85.068,46.729,33.819,62.298,6.332,16.849,0,3995.893
50021962800,2958.15,60.77,312.042,314.424,350.637,213.948,375.258,127.35,627.324,37.8,0,264.832,37.418,60.081,169.346,3.638,0,27.285,367.776,4.922,0,29.256,35.737,3.4,0,0,71.101,22.157,42.051,21.684,16.801,21.507,0,6576.694
50021963000,2163.08,11.33,281.076,152.448,11.886,47.544,0,63.675,26.964,3.5,0,275.523,26.784,88.702,165.458,20.33,0,64.928,87.307,5.457,0,9.49,13.238,19.376,0,0,40.775,40.549,53.345,3.959,7.383,17.976,0,3702.083
50021963100,528.572,13.39,416.85,566.916,249.606,71.316,57.732,63.675,8.453,113.4,24.717,216.651,95.051,114.544,342.741,15.89,0,50.696,120.423,0,0,12.3,44.92,10.2,1.3,0,42.552,7.42,123.222,20.048,0,75.472,0,3408.057
50021963200,998.104,6.18,319.188,395.412,124.803,11.886,0,0,45.78,14.5,0,256.686,85.695,101.574,139.243,18.19,0,18.832,155.522,0,0,177.4,4,1.4,0,0,35.366,7.23,19.61,40.253,4.494,33.081,0,3014.428
50021963300,1534.14,202.91,752.712,304.896,249.606,47.544,28.866,0,111.922,219.7,61.24,254.907,145.191,220.262,216.685,22.365,288.9,157.803,145.819,3.852,0,212.955,65.902,0,0,0,68.219,16.849,79.607,34.656,0,92.681,71.69,5611.879
50021963400,1235.41,282.22,11.91,52.404,0,0,0,0,8.346,0,0,113.278,28.743,57.189,35.724,0,0,3.852,18.474,0,0,89.002,77.504,3,0,0,33.076,23.934,12.312,9.328,0,9.02,0,2104.726
50021963500,1165.3,91.67,19.056,14.292,0,0,0,0,0,0,0,27.339,10.901,15.21,34.993,0,0,1.98,10.401,0,0,3.888,10.7,2.021,0,0,17.85,16.372,4.708,2.72,0,9.416,0,1458.817
50021963600,2173.9,245.14,157.212,123.864,53.487,35.658,28.866,0,11.968,383.8,6.206,128.352,70.067,55.531,40.804,0,0,7.609,36.737,0,0,18.661,19.195,0,5.004,0,55.296,11.232,0,13.547,17.294,33.919,4.387,3737.735
50021963700,981.54,149.35,307.278,52.404,71.316,23.772,0,0,8.239,0,2.818,63.627,38.593,61.865,50.831,8.456,0,5.35,25.236,0,0,55.396,26,0,0,0,26.993,8.899,35.629,18.978,1.177,44.192,0,2067.939
50021963800,2723.47,211.15,202.47,138.156,47.544,23.772,0,0,84.787,200.8,0,76.105,38.318,42.709,50.863,1.124,0,13.054,39.002,1.23,0,64.532,29.2,15.701,66.285,0,73.088,38.314,34.25,15.007,20.259,34.989,535,4821.178
50021964000,2679.43,204.97,54.786,4.764,0,0,0,0,10.272,20.3,0,66.225,24.702,51.853,48.229,1.124,0,10.08,19.073,1.605,0,15.464,15.812,7.9,1.8,0,65.318,31.833,32.308,11.217,31.579,34.026,0,3444.67
50021964200,916.104,164.8,90.516,9.528,0,0,0,0,6.848,0,0,35.417,7.093,28.687,24.426,0,0,0,10.33,0,0,0,15.8,1.4,6.2,0,11.577,17.1,7.219,10.719,0,15.409,0,1379.173
50021964300,916.104,38.11,26.202,38.112,0,0,0,0,14.231,0,0,22.904,16.53,11.17,36.732,2.996,0,6.42,13.571,0,0,35.876,4.226,4.041,2.4,0,21.776,48.263,13.161,4.986,21.247,16.05,0,1315.108
50023954000,2372.92,164.8,78.606,90.516,35.658,0,0,0,7.704,1.4,0,116.296,54.889,34.229,64.125,0,0,16.691,31.689,0,0,21.801,12.215,9.6,1,0,38.22,28.278,13.489,14.074,26.954,59.706,149.8,3444.66
50023954100,1931.35,71.07,59.55,14.292,0,0,0,0,0,0,0,27.499,9.381,60.743,28.317,0,0,3.103,0,0,0,9,20.66,7.021,1.7,0,20.149,15.038,1.612,9.567,0.494,14.911,0,2305.457
50023954200,1548.32,120.51,38.112,9.528,0,0,0,0,5.029,4.9,1.409,73.067,36.081,21.228,55.684,1.391,0,5.757,15.994,0,0,3.2,12.411,0,3.5,0,49.105,17.087,0,59.068,1.819,16.963,0,2100.163
50023954300,2183.33,108.15,304.896,233.436,219.891,59.43,0,0,31.014,37.8,10.486,276.403,89.796,82.054,218.194,7.169,25.68,34.818,91.09,0,0,57.276,25.806,25.121,1.9,0,110.89,21.984,70.642,450.944,89.337,36.687,28.462,4932.686
50023954400,1666.4,154.5,78.606,47.64,23.772,11.886,0,0,13.588,0,0,115.459,19.44,39.787,68.31,0,0,0.952,40.334,0,0,9.478,3.12,1.01,0,0,37.868,7.588,12.943,24.929,0,42.907,0,2420.517
50023954500,1173.42,389.34,28.584,0,5.943,23.772,0,0,10.272,169.4,48.792,412.393,196.714,69.019,373.296,11.877,203.3,91.452,116.772,0,0,14.301,29.64,7.961,0,0,57.865,19.958,46.332,59.385,18.222,32.653,0,3610.663
50023954600,932.832,0,69.078,133.392,184.233,0,57.732,0,27.071,77.7,0,133.514,13.767,86.893,357.757,6.929,1.712,52.773,50.877,16.264,0,1.7,31.901,3.1,0,0,16.207,4.47,117.268,505.083,3.953,54.5,18.832,2959.538
50023954700,631.728,6.18,40.494,95.28,118.86,35.658,28.866,0,0,0,0,33.903,18.19,12.733,45.128,0,0,6.538,8.399,0,0,8.4,39.1,0,0,0,31.28,7.3,9.737,1.07,0,0,0,1178.844
50023954800,463.71,0,285.84,333.48,154.518,11.886,57.732,0,17.655,53.9,19.26,110.688,61.356,105.67,262.379,5.029,0,46.201,52.269,0,0,4.7,26.029,4.1,0,70,12.26,4.999,113.298,104.71,5.564,66.113,7.062,2460.408
50023954900,847.716,17.51,116.718,95.28,71.316,35.658,28.866,0,12.841,2.1,1.409,221.419,28.305,57.444,657.829,6.155,0,19.046,39.986,0,0,38.8,3.75,0,0,0,18.073,2.449,58.396,285.391,0,21.935,0,2688.392
50023955000,1246.32,125.66,133.392,42.876,23.772,0,0,0,1.712,0,0,72.27,60.773,18.596,43.388,2.782,0,3.66,7.916,0,0,102.71,23.478,4.7,0,0,29.889,45.188,1.016,4.891,0,32.03,0,2027.019
50023955100,1582.35,28.84,264.402,500.22,243.663,47.544,86.598,127.35,30.586,53.2,12.091,137.638,23.36,110.237,126.557,14.339,0,47.541,67.022,8.025,0,8.063,36.833,0,0,0,26.534,2.049,49.113,19.046,0,86.978,0,3740.179
50023955200,1358.17,32.96,252.492,352.536,285.264,83.202,0,63.675,44.726,78.8,16.478,207.659,247.383,99.39,150.938,15.804,25.252,32.934,109.39,0,0,369.788,90.191,0.72,30.3,0,126.898,6.88,117.48,176.512,0,71.155,0,4446.977
50023955300,2468.12,47.38,7.146,0,0,0,0,0,0,0,0,46.817,40.606,25.893,37.624,0,0,7.971,23.485,0,0,13.371,1.1,0,0,0,49.227,8.42,10.022,0,0,0,0,2787.182
50023955400,1912.9,95.79,195.324,76.224,95.088,0,0,0,10.899,0,4.28,203.86,219.659,52.352,56.335,6.313,0,12.091,13.564,1.391,0,174.188,119.52,52.852,2.2,0,57.182,10.698,24.289,29.49,9.951,44.852,0,3481.292
50023955500,2519.45,260.59,183.414,200.088,83.202,47.544,28.866,0,25.886,701.8,36.273,104.099,86.313,79.846,91.17,4.548,0,20.314,66.892,0,0,80.876,8.973,3.25,4,0,63.139,18.507,68.882,9.657,0.494,60.336,65.056,4923.465
50023955600,1748.08,48.41,195.324,200.088,178.29,130.746,144.33,127.35,122.622,0,0,79.606,21.816,13.653,75.273,0,0,0.91,47.287,0,0,11.302,11.715,0,0,0,14.223,9.079,11.565,7.83,2.247,32.809,0,3234.555
50023955700,1045.83,49.44,66.696,61.932,65.373,35.658,28.866,0,57.11,2.8,0,148.061,95.352,25.911,152.865,13.23,0,40.123,65.86,0,0,24.273,32.677,3.61,0,1.083,52.579,28.475,14.07,5.98,0,18.233,0,2136.087
50023955800,1306.26,19.57,71.46,114.336,47.544,0,86.598,0,55.24,2.8,0,26.065,13.467,31.633,36.914,3.355,0,8.541,24.433,0,0,91.199,62.161,1.69,0,0.117,22.124,4.858,5.315,0.906,0,16.552,0,2053.138
50025967000,844.846,20.6,250.11,490.692,47.544,35.658,57.732,0,22.149,89.6,16.05,83.253,124.552,40.75,182.296,9.523,49.434,61.776,52.852,0,0,125,87.527,0,0,0,26.908,4.249,49.606,16.781,5.457,47.243,0,2842.188
50025967100,1039.6,152.44,45.258,42.876,29.715,0,0,0,20.116,25.2,0,48.194,56.715,28.904,42.439,7.49,0,7.935,9.419,0,0,88.464,11.079,23,0,0,37.17,13.887,18.019,10.274,19.531,222.239,0,1999.964
50025967200,2696.16,170.98,95.28,33.348,0,0,0,0,60.99,0,0,58.284,166.904,42.455,154.957,12.741,49.648,14.297,9.769,0,0,27.098,20.839,5.1,0,0,34.022,10.198,11.417,21.205,3.516,32.1,0,3731.308
50025967300,1668.62,53.56,40.494,19.056,41.601,0,0,63.675,299.994,0,1.498,108.752,19.046,21.057,76.698,5.059,0,7.383,41.293,0,0,22.839,4.428,10.883,0,0,51.096,13.969,19.281,4.08,9.058,4.708,0,2608.128
50025967400,1034.43,121.54,50.022,38.112,17.829,0,0,0,11.021,0,0,20.651,15.275,4.28,19.875,0,0,0,12.943,0,0,0,0,0,0,0,14.978,12.296,7.918,10.99,0,3.303,0,1395.463
50025967500,2379.89,33.99,42.876,28.584,65.373,118.86,144.33,127.35,4.065,0,0,20.007,20.266,5.457,20.77,0,0,0,3.959,0,0,9.41,7.8,0,0,0,19.414,2.553,0,4.987,0,10.379,0,3070.32
50025967600,1783.01,115.36,78.606,66.696,23.772,0,0,0,12.733,26.2,0,80.053,87.982,65.954,100.962,0,0,24.182,20.005,0,0,197.138,15.019,31.1,1.6,0,53.972,48.494,40.018,2.72,0,60.541,35.096,2971.213
50025967700,1228.03,82.4,66.696,128.628,11.886,11.886,28.866,0,10.464,200.1,0,182.582,10.58,14.852,68.538,10.807,0,6.473,38.999,3.21,0,17.773,12.1,6.3,0,0,10.264,41.898,12.105,3.103,0,28.142,0,2236.682
50025967800,1300.36,67.98,52.404,9.528,0,0,0,0,15.622,0,0,36.475,17.308,30.452,40.99,2.889,0,3.947,33.424,0,0,2.38,6.3,0,0,0,26.445,30.18,3.317,6.444,33.011,44.851,0,1764.307
50025967900,3073.28,47.38,61.932,61.932,118.86,297.15,57.732,63.675,174.621,0,0,45.938,15.836,24.567,99.692,2.996,0,1.177,37.877,0,0,387.935,4.8,0,0,0,46.012,6.342,20.651,12.395,20.485,15.105,0,4698.369
50025968000,2927.89,71.07,47.64,266.784,71.316,0,0,0,121.766,0,0,178.945,29.853,35.813,114.567,7.062,0,12.733,72.517,0,0,41.848,17.356,9,0,0,46.397,14.19,19.581,12.676,5.885,54.172,0,4179.06
50025968100,1236.89,56.65,16.674,0,0,11.886,0,0,10.165,0,0,14.795,12.091,26.397,32.75,0,0,0,10.257,0,0,12.292,12.4,16.4,0,0,17.851,8.598,2.889,2.72,0,8.774,0,1510.479
50025968200,1156.2,90.64,47.64,0,0,0,0,0,24.396,87.3,0,12.767,4.708,5.842,27.309,0,0,0,10.91,0,0,7.1,27.556,0,5.003,0,17.884,8.6,2.889,1.359,0,24.81,0,1562.913
50025968300,1300.44,33.99,71.46,0,0,0,0,0,9.406,0,0,12.408,34.834,26.017,30.381,2.75,0,3.178,0.024,0,0,0,5.566,1.9,0,0,38.404,17.037,9.309,14.389,9.882,8.635,3.21,1633.22
50025968400,1479.61,362.56,30.966,185.796,213.948,0,28.866,0,27.376,4.2,0,69.572,45.658,35.171,98.448,0,0,28.463,53.071,1.498,0,16.875,9.934,4.7,3.1,0,71.867,28.389,32.543,4.626,4.494,17.12,0,2858.851
50025968500,1548.82,59.74,376.356,595.5,386.295,142.632,57.732,127.35,17.959,157.2,28.997,368.583,176.915,213.913,468.433,98.868,157.397,152.785,107.582,47.187,0,424.79,22.127,76.231,40,0,59.029,5.056,143.667,22.793,7.255,122.668,4.463,6218.323
50025968600,666.66,29.87,202.47,214.38,35.658,35.658,28.866,63.675,267.395,96.6,28.034,200.332,336.011,146.867,789.81,23.219,428,69.378,101.328,5.243,0,78.749,138.014,56.401,0,32,45.012,39.149,59.256,52.943,0.021,39.391,59.492,4369.882
50025968700,2312.89,151.41,54.786,52.404,53.487,11.886,57.732,0,5.671,39.9,28.89,84.522,108.685,54.307,171.747,1.049,0,12.039,41.811,18.939,0,62.052,55.872,152.9,0,0,99.616,30.628,32.4,14.912,2.14,7.704,0,3720.378
50027965000,2005.31,58.71,50.022,90.516,53.487,0,0,0,26.519,0,0,58.192,56.531,42.469,172.232,16.692,0,45.261,78.09,0,0,4.05,21.661,0,0,0,29.412,32.596,27.097,7.365,6.741,22.256,0,2905.209
50027965100,953.004,269.86,142.92,214.38,130.746,23.772,0,0,6.075,0,0,171.958,46.078,24.106,104.712,3.531,0,10.133,11.663,0,0,19.075,26.5,0,0,0,26.595,15.847,25.488,13.785,4.708,18.296,1.926,2265.158
50027965200,2034.67,119.48,47.64,57.168,17.829,11.886,0,0,24.285,0,6.135,46.787,17.259,28.591,107.165,9.309,0,7.158,18.257,0,0,21.701,61.594,3.5,75.4,1.642,60.176,14.544,35.768,7.169,0,2.656,0,2837.769
50027965300,79.95,0,61.932,33.348,23.772,0,0,0,0,7.7,1.997,10.157,0,6.592,12.351,4.387,0,0,5.6,0,0,12,0,0,0,0.158,2.63,0,8.988,1.391,0,1.66,0,274.6129
50027965400,3058.03,256.47,109.572,33.348,23.772,0,0,0,56.496,0,0,97.305,36.22,49.096,95.609,0,0,7.982,46.936,0,0,78.74,67.755,17.432,0,0,83.811,33.646,18.768,12.438,5.435,43.155,0,4232.015
50027965501,2004.41,153.47,85.752,271.548,433.839,11.886,0,0,94.588,0,0,103.421,85.6,69.397,147.907,2.354,0,12.283,63.889,1.391,0,9.552,20.6,3.1,0,0,26.384,12.194,62.861,17.877,0,28.997,0,3723.3
50027965502,1117.82,24.72,71.46,52.404,196.119,166.404,28.866,0,13.474,39.9,37.13,67.191,50.895,74.19,96.982,12.946,0,14.326,41.192,0,0,35.016,2.228,3,0,0,19.503,2.689,42.158,0.907,0,28.249,5.885,2245.654
50027965600,1607.77,122.57,273.93,209.616,237.72,35.658,0,0,29.746,14,0,280.008,164.37,116.053,235.4,10.166,1.819,50.696,113.554,3.317,0,6.801,23.356,14.6,0,0,62.647,15.159,92.22,526.65,0,79.431,0,4327.257
50027965700,1872.47,198.79,69.078,104.808,0,0,0,0,6.099,0,1.409,62.059,21.046,43.736,60.741,3.96,58.497,15.771,26.995,0,0,75.688,29.728,0,0,0,52.011,15.808,22.553,3.174,17.294,22.898,0,2784.613
50027965800,2354.88,72.1,183.414,57.168,17.829,11.886,0,0,211.967,31.5,20.009,164.594,22.92,72.019,213.042,21.828,0,62.231,101.582,0,0,4.2,77.538,14.42,1.7,3.7,89.918,34.988,83.84,31.714,0,17.556,0,3978.543
50027965900,3277.21,123.6,135.774,123.864,47.544,71.316,0,0,155.043,0,0,98.071,36.799,20.542,71.874,0,0.338,0.962,16.424,0,0,23.271,15.028,28.7,1.7,0,40.872,29.063,15.016,13.951,10.376,38.841,0,4396.179
50027966000,1274.44,130.81,159.594,362.064,71.316,35.658,57.732,0,20.544,78.4,21.827,65.148,35.738,69.449,440.859,9.095,0.015,17.068,90.486,0,0,123.888,34.028,10,3.752,17.5,47.602,13.011,42.914,26.921,2.247,29.532,0,3291.638
50027966100,1499.62,338.87,0,0,0,0,0,0,26.912,6.3,0,68.167,40.529,20.191,99.233,0,0,5.993,17.556,1.499,0,12.139,7.53,3.8,0,2.1,78.354,20.055,28.25,9.303,31.482,17.869,0,2335.752
50027966200,1109.21,76.22,71.46,47.64,41.601,0,0,0,20.275,10.5,0,21.577,85.307,20.95,65.883,0,0,5.831,16.584,0,0,34.6,38.63,1.001,0,0,28.917,5.497,10.928,4.381,5.564,15.055,0,1737.611
50027966300,2092.23,162.74,235.818,338.244,421.953,320.922,57.732,0,66.966,33.9,19.367,157.604,34.079,51.037,170.417,8.774,0,22.47,127.207,1.23,0,74.179,20.032,1.4,2.502,0,52.088,2.548,41.532,14.591,0,52.077,0,4583.639
50027966500,2927.65,173.04,119.1,85.752,118.86,23.772,28.866,0,99.51,8.4,0,165.501,90.257,53.887,136.747,10.914,0,21.848,32.096,0,0,89.449,40.02,58.2,1.9,0,86.598,42.206,28.326,39.941,0.494,54.57,0,4537.905
50027966600,2072.14,87.55,211.998,95.28,166.404,47.544,57.732,63.675,0,71.4,12.519,153.079,87.492,130.313,465.648,22.898,27.606,82.432,63.061,0,0,175.521,149.3,6.3,0,0,54.793,12.729,70.841,52.741,0,75.598,7.062,4523.656
50027966700,1517.82,81.37,140.538,157.212,166.404,59.43,28.866,63.675,24.824,44.6,0,80.081,41.232,51.808,124.542,6.848,0,21.366,65.752,0,0,69.801,84.6,0,0,0,45.486,19.149,34.952,0,6.272,31.112,0,2967.74

