Tract,RES1F,RES2F,RES3AF,RES3BF,RES3CF,RES3DF,RES3EF,RES3FF,RES4F,RES5F,RES6F,COM1F,COM2F,COM3F,COM4F,COM5F,COM6F,COM7F,COM8F,COM9F,COM10F,IND1F,IND2F,IND3F,IND4F,IND5F,IND6F,AGR1F,REL1F,GOV1F,GOV2F,EDU1F,EDU2F,TotalSqft
54001965500,2256.47,340.656,0,30.24,0,0,0,0,0,0,0,9.63,1.712,0,10.981,0,0,0,0,0,0,7.094,0,0,0.01,0,0,1.7,8.089,0.962,0,6.313,0,2673.857
54001965600,1809.75,179.352,51.03,30.24,102.592,0,0,137.4,14.766,180.3,3.531,209.153,34.914,75.551,102.245,15.408,26.75,55.105,62.193,7.275,0,9.419,22.6,6.5,5.407,0,17.593,33.8,108.444,54.432,10.379,70.104,59.064,3495.297
54001965700,3116.77,582.048,0,0,0,0,0,0,0,0,0,5.273,2.312,8.132,6.848,0,0,0,1.07,15.836,0,2.5,0,0,0,0,7.9,0.88,6.634,1.603,0,0,0,3757.806
54001965800,1992.44,249.288,20.79,11.34,64.12,25.648,0,0,87.419,46.9,26.323,72.454,49.541,35.437,46.65,8.56,0,12.091,8.809,0,0,39.238,3.146,1.3,0,0,23.634,5.91,59.984,7.913,14.121,23.861,0,2936.917
54003971101,2750.82,613.632,15.12,11.34,0,0,0,0,0,4.9,0,29.654,26.494,17.099,17.7,0,0,1.926,11.526,0,0,14.8,0,93.801,0,0,10.41,6.319,17.783,0,8.025,23.647,0,3674.996
54003971102,4435.7,1005.05,0,15.12,109.004,38.472,0,0,13.161,0,0,54.181,30.452,41.43,70.438,4.173,0,3.135,6.206,0,0,23.6,2.446,0,1.214,0,32.055,34.6,31.351,14.011,0,9.523,0,5975.323
54003971201,6516.05,524.52,18.9,3.78,6.412,12.824,0,0,1.926,1.6,0,67.334,43.603,37.127,88.692,8.774,0,8.398,16.102,0,0,49.1,7.199,2.4,15.7,0,73.869,45.667,44.727,4.81,2.824,47.936,0,7650.274
54003971202,5239.99,516.624,0,34.02,0,0,0,0,48.063,0,0,84.327,17.206,23.561,41.573,0,0,1.819,83.032,0,0,40.751,6.784,0,0,0,48.245,5.39,29.488,0,0,17.044,0,6237.918
54003971300,3022.76,645.216,11.34,11.34,307.776,512.96,155.72,0,108.207,53.9,45.047,167.741,210.762,330.714,215.762,41.195,249.31,42.075,72.22,12.305,0,145.805,532.935,5.9,4.8,0,131.255,29.091,45.539,8.571,0,45.903,0,7166.149
54003971400,5397.06,291.024,9.45,71.82,134.652,115.416,0,68.7,1.819,0,0,38.452,71.221,29.745,58.324,0,0,21.048,15.382,0,0,3.5,10.696,0,2.2,0,42.235,27.927,20.18,0,0,11.021,0,6441.872
54003971500,1710.79,135.36,79.38,158.76,25.648,0,62.288,206.1,0,28.7,31.672,228.003,24.847,75.647,107.738,47.811,1.819,47.105,44.211,1.605,0,2.4,4.732,0,1.1,0,21.301,3.859,118.769,10.7,16.946,24.931,0,3222.222
54003971600,2566.13,0,122.85,185.22,256.48,38.472,62.288,0,5.137,72.8,0,131.384,112.715,126.587,174.512,6.955,5.029,126.484,40.93,3.679,0,40.1,16.529,0,0,0,15.038,7.85,110.681,77.418,17.12,10.517,0,4332.905
54003971700,2408.11,29.328,103.95,177.66,269.304,76.944,62.288,274.8,88.51,61.6,9.141,491.993,44.279,93.982,160.883,28.676,0,46.929,148.546,0,0,110.413,36.5,12.2,2.7,0,30.814,19.7,81.062,20.538,0,61.846,37.557,4990.254
54003971800,4571.81,802.008,30.24,7.56,0,0,0,0,4.922,5.6,0,32.603,23.273,42.007,26.666,0,0,2.033,9.247,0,0,7.1,0,0,2.6,0,40.189,63.178,21.635,1.603,0,19.26,0,5713.534
54003971900,6378.61,624.912,0,0,109.004,0,0,0,10.165,0,0,241.739,314.882,81.505,163.595,2.729,0,18.725,41.588,1.391,0,143.458,31.801,40.001,6.465,0,75.52,180.22,38.896,9.709,0,5.379,0,8520.293
54003972000,4981.38,1328.78,136.08,79.38,64.12,12.824,31.144,0,22.149,298.5,25.68,136.419,107.034,49.33,109.847,0,101.436,2.833,35.814,0,0,16.542,121.8,32.3,10.442,0,47.802,4.549,21.184,88.4,0,43.728,0,7909.497
54003972101,3024.28,312.456,0,0,0,0,0,0,1.177,1.4,2.568,59.644,27.082,43.613,18.134,0,0,3.745,34.137,0,0,0,3.2,6.249,1.214,0,33.603,18.698,20.18,2.565,0,23.968,0,3637.913
54003972102,5703.86,470.376,20.79,0,51.296,115.416,0,0,5.243,0,0,103.768,82.231,56.774,98.426,15.943,0,16.883,93.908,3.852,0,81.727,18.492,41,5.2,0,68.54,47.18,38.306,8.45,33.891,60.315,0,7241.868
54005958200,1938.91,693.72,18.9,0,0,0,0,0,0,0,2.888,27.926,15.943,12.562,17.955,0,0,15.942,1.177,0,0,17.7,0,0,0,0,6.402,0.849,23.54,46.496,3.852,17.01,0,2861.772
54005958300,1647.06,588.816,5.67,0,6.412,0,0,68.7,17.763,66.4,62.026,160.674,18.575,42.445,57.648,9.63,0,14.478,25.342,0,0,3.441,1.3,0,5.627,0,12.656,3.199,42.436,17.223,0,19.26,0,2896.781
54005958400,1036.32,353.064,5.67,15.12,0,0,0,0,8.56,0,0,55.306,17.592,39.609,35.207,0,0,20.651,19.795,0,0,0,11.025,0,0,0,1.984,1,42.5,2.565,6.099,26.429,0,1698.496
54005958501,1481.61,541.44,13.23,18.9,32.06,0,31.144,0,15.621,0,0,9.737,2.14,14.441,7.157,0,0,0,8.025,0,0,1.419,0,0,31.407,0,0.97,0,37.985,1.603,0,29.68,0,2278.569
54005958502,1483.9,576.408,73.71,34.02,51.296,0,0,0,6.848,4.9,7.062,28.689,38.696,23.967,51.19,11.556,0,11.556,13.072,0,0,5,0,0,40.233,0,8.163,3.849,57.987,22.147,4.922,470.605,0,3029.776
54005958600,991.934,374.496,5.67,0,6.412,0,0,0,0,0,0,24.075,1.069,6.162,41.514,4.173,0,2.033,4.708,0,0,0,0,0,22.031,0,3.961,0,1.883,1.923,0,13.911,0,1505.955
54005958700,1171.96,204.168,0,0,0,0,0,0,0,0,0,15.055,10.379,7.275,6.227,0,0,2.461,11.984,0,0,3.56,0,0,53.17,0,0,1.1,16.628,2.885,19.77,17.441,0,1544.063
54005958800,1200.91,637.32,0,26.46,0,0,0,0,0,0,0,31.031,3.639,13.47,7.565,0,21.4,16.127,2.431,0,0,0,1.6,0,1.72,0,0.81,0,74.905,8.56,14.122,16.05,0,2078.12
54007967900,2892.17,792.984,1.89,41.58,44.884,12.824,0,0,59.191,67.3,64.2,100.181,67.292,88.72,56.717,2.355,0,13.482,77.555,0,0,60.661,7.93,0,0,0,21.365,3.429,27.456,21.718,7.908,47.829,0,4581.622
54007968000,2293.62,824.568,17.01,22.68,32.06,25.648,0,0,1.07,0,0,226.718,35.171,40.969,69.696,11.877,48.151,23.993,29.928,0,0,48.291,7.8,0,68.227,0,79.676,5.6,40.446,28.351,23.709,13.91,0,4019.169
54007968100,2473.83,637.32,22.68,22.68,25.648,25.648,0,0,4.719,7,0,130.721,50.958,74.362,78.422,11.77,0,22.47,28.173,1.498,0,100.637,15.868,0,2.8,0,33.59,3.2,46.651,16.249,24.246,34.133,0,3895.273
54009031101,3048.38,102.648,66.15,90.72,83.356,102.592,31.144,137.4,33.277,0,0.653,120.803,131.026,61.852,94.662,9.954,301.312,73.279,76.057,0,0,216.077,32.348,86.3,764.941,0,47.148,4.049,82.926,1.603,14.121,37.378,0,5852.156
54009031102,2798.73,107.16,68.04,37.8,70.532,0,31.144,0,2.889,15.6,0,43.578,38.476,21.752,32.664,1.577,0,17.811,47.632,0,0,229.07,0.946,37.9,100.6,0,31.822,6.5,47.957,2.354,0,15.879,0,3808.413
54009031200,1886.81,171.456,75.6,45.36,0,0,62.288,0,0,96.6,31.672,65.069,38.485,59.988,30.435,4.922,0,22.415,61.363,2.452,0,48.243,9.1,0,0,0,13.135,0.99,52.28,8.017,23.159,35.845,0,2845.685
54009031400,2479.64,182.736,153.09,102.06,96.18,0,0,0,0,0,10.958,129.64,47.749,50.831,102.439,19.154,0,42.624,72.128,0,0,285.4,46.099,94.351,7,0,18.258,2.49,81.384,29.849,1.498,88.195,0,4143.753
54009031600,2170.18,66.552,9.45,11.34,12.824,0,0,0,3.103,280,0,21.475,5.639,34.269,26.897,0,0,6.204,38.842,0,0,12.6,1.1,0,1.214,0,15.183,13.521,41.088,13.374,35.021,14.048,615.588,3449.513
54009031700,1864.04,78.96,3.78,3.78,0,12.824,0,0,0,2.8,0,5.318,1.156,7.255,0,0,0,0,2.568,0,0,0,0,1.871,0,0,1.8,0,6.205,0,0,1.877,0,1994.234
54011000101,935.736,173.712,0,0,12.824,0,0,0,0,0,0,5.487,42.651,3.21,8.307,0,0,0,1.391,0,0,71.7,0,0,1885,0,22.43,1.819,36.379,0,0,11.128,0,3211.774
54011000102,1008.89,7.896,0,18.9,141.064,64.12,31.144,0,9.63,2.1,0,88.363,51.895,25.926,52.188,0,0,6.738,14.69,0,0,0,1,0,0,0,9.353,1,15.836,0,0,45.903,0,1596.636
54011000200,1973.77,9.024,43.47,26.46,102.592,12.824,31.144,68.7,0,5.6,0,81.991,56.337,85.342,104.226,7.705,0,14.329,14.303,0,0,42.4,18.92,0,7.284,0,42.969,0,49.392,0.32,0,12.827,0,2811.929
54011000300,1607.82,31.584,109.62,64.26,0,25.648,62.288,0,3.443,65.1,4.494,39.376,942.562,51.67,41.737,1.177,267.5,109.996,13.628,0,0,36.057,120.75,4.599,5.1,0,12.273,19.9,73.723,0.321,0,25.038,0,3739.664
54011000400,1093.28,0,71.82,41.58,83.356,243.656,0,0,0,0,0,123.477,180.895,45.583,157.72,9.309,0,54.249,68.25,0,0,25,17.4,38.1,2.429,0,69.284,0.91,33.064,4.494,0,24.61,107.856,2496.322
54011000500,261.366,0,103.95,7.56,121.828,115.416,31.144,0,0,777,0,76.55,95.979,11.449,19.142,15.729,0,25.819,9.848,0,0,56,11.8,0,46.814,0,30.2,0,32.207,20.33,0,32.314,274.027,2176.472
54011000600,82.677,0,98.28,162.54,115.416,128.24,155.72,274.8,3.443,190.4,4.708,140.951,304.801,111.774,144.312,0,40.874,46.317,44.191,0,0,5,3.8,0,1.8,0,67.79,9.338,60.497,13.045,0,17.12,0,2227.834
54011000900,516.065,40.608,111.51,60.48,166.712,76.944,31.144,0,21.079,13.9,8.56,219.546,229.582,86.883,96.872,6.634,0,17.334,28.034,1.284,0,62.094,12.546,39,3.8,0,34.482,7.988,76.674,198.408,0,0,0,2168.163
54011001000,1234.82,33.84,34.02,79.38,57.708,38.472,0,0,0,0,0,22.424,41.515,22.651,77.923,2.033,0,0,18.235,0,0,83.6,0,25.1,1.214,0,15.476,0.95,58.817,0,0,15.088,0,1863.266
54011001100,1146.62,16.92,37.8,71.82,109.004,25.648,0,0,0,39.2,3.424,106.097,63.75,72.229,123.107,9.737,0,0,57.586,10.7,0,41,5.746,81.5,1.1,0,17.545,7.993,48.02,24.717,0,44.255,0,2165.518
54011001200,1449.99,0,113.4,34.02,83.356,89.768,0,137.4,0,0,2.782,33.81,139.509,18.113,68.81,11.877,0,6.313,20.249,0,0,18.3,0,0,0,0,24.802,1.5,8.432,1.926,0,30.709,0,2295.066
54011001300,908.304,0,228.69,419.58,256.48,89.768,62.288,0,0,0,0,43.817,12.156,32.046,54.347,0,0,21.29,32.1,8.025,0,0,12.292,0,5.4,0,12.461,2.5,34.561,4.815,0,0,0,2240.92
54011001400,1474.09,0,113.4,113.4,70.532,25.648,0,0,0,21,0,26.793,19.691,45.206,35.237,7.631,44.191,87.489,24.73,0,0,25.837,13.7,0,0.607,0,18.692,0.89,49.477,0,0,56.631,0,2274.872
54011001500,1370.84,19.176,75.6,11.34,70.532,102.592,0,68.7,0,126,0,16.967,4.345,13.532,34.636,1.926,452.396,131.514,6.078,0,0,2.838,7.292,0,0,0,6.784,4.739,28.569,8.346,0,14.488,0,2579.23
54011001600,672.084,0,39.69,79.38,0,0,31.144,0,0,70,7.835,19.29,25.13,36.861,16.175,3.852,414.68,9.63,1.823,0,0,0,6.4,0,0,0,14.023,0,40.102,0,6.634,0,0,1494.733
54011001800,1897.19,49.632,81.27,75.6,179.536,76.944,0,0,0,0,0,44.938,21.186,23.069,13.019,0,0,4.011,10.593,0,0,0,2.446,0,1.7,0,37.722,0,41.173,0,0,19.152,0,2579.181
54011001900,1688.59,0,0,0,6.412,0,0,0,19.26,2.1,0,77.455,5.457,12.016,40.656,0,0,42.749,26.718,0,0,0,0,0,3,0,12.31,0.95,43.121,0.962,4.066,30.15,0,2015.972
54011002000,2524.51,0,7.56,7.56,0,0,0,0,21.293,0,0,20.462,40.169,10.355,31.605,0,0,11.748,12.485,1.226,0,0,0.946,0,1.7,0,10.161,0.849,11.727,0,0,82.652,0,2797.008
54011002100,2201.04,40.608,0,11.34,0,12.824,62.288,137.4,0,51.8,0,85.704,153.77,67.196,91.963,7.301,0,43.441,104.651,0,0,18.1,7.501,0,25.6,0,18.509,6.17,26.964,6.741,0,28.695,0,3209.606
54011010102,3318.89,505.344,28.35,7.56,19.236,0,0,0,0,0,0,80.722,165.123,59.46,62.002,0,0,3.424,16.336,0,0,12.1,17.738,1.9,1.6,0,97.895,22.93,73.006,0,2.461,149.713,0,4645.79
54011010201,2890.36,29.328,11.34,120.96,512.96,179.536,31.144,68.7,33.17,30.8,0,244.261,61.931,55.865,90.617,7.062,11.02,26.944,59.568,0,0,0,16,0,5.7,0,16.984,13.1,55.908,0,0,17.555,0,4590.814
54011010202,2394.87,148.896,211.68,45.36,12.824,0,31.144,0,0,0,0,144.939,18.642,64.586,58.509,4.207,0,21.956,10.599,0,0,0,1.945,0,0,0,23.396,14.808,74.538,0,0,11.127,0,3294.027
54011010300,1480.66,291.024,18.9,0,64.12,0,0,0,0,0,0,411.279,66.341,14.989,15.597,0,0,14.017,99.353,0,0,2.837,221.201,0,2.707,0,29.425,3,15.408,1.603,0,45.185,0,2797.646
54011010400,3105.63,187.248,52.92,181.44,134.652,115.416,0,0,72.225,177.7,42.051,711.08,71.244,140.114,154.49,14.231,17.762,70.32,110.99,17.013,0,10.538,16.258,0,1.1,0,44.923,19.874,101.113,74.075,35.021,59.599,0,5739.027
54011010500,3377.37,345.168,0,0,0,0,0,0,1.819,0,0,51.286,19.144,26.781,38.645,0,0,1.015,17.762,0,0,18.8,0,50.1,1,0,33.818,11.539,33.705,1.283,18.075,24.182,0,4071.492
54011010600,2061.5,611.376,0,0,12.824,0,0,0,1.07,0,0,35.491,69.015,5.167,43.026,0,0,0.507,8.744,0,0,18.2,0,0,1.9,0,15.149,9.648,24.567,3.206,11.297,0,0,2932.687
54011010700,3920.97,659.88,18.9,0,44.884,0,0,0,5.136,15.6,5.885,25.733,62.167,34.631,46.829,2.996,0,0,19.414,0,0,4.6,3.8,14.7,3.9,0,24.65,33.527,25.978,2.245,5.885,23.999,0,5006.309
54011010800,3202.3,569.64,56.7,18.9,70.532,153.888,0,0,1.819,2.8,31.031,196.238,362.734,84.484,121.616,12.412,0,25.854,55.272,9.466,0,96.399,14.7,4.442,486.949,0,57.424,17.108,94.052,9.301,7.918,47.279,0,5811.257
54011010900,352.044,55.272,224.91,147.42,147.476,115.416,155.72,206.1,456.034,149.8,0,405.008,321.223,253.553,927.971,143.059,9.903,139.851,185.312,35.31,0,165.7,145.242,1.5,54.814,0,116.338,10.234,135.205,167.526,28.997,80.835,16.05,5353.823
54013962600,2235.33,360.96,0,37.8,12.824,0,0,0,0,15.4,0,82.604,12.177,43.462,55.188,9.951,42.799,10.436,10.344,2.453,0,8.619,16.099,0,16.481,0,13.907,9.138,40.872,25.566,1.392,60.134,0,3123.936
54013962700,1939.67,751.248,17.01,7.56,0,0,0,0,0,0,1.498,27.638,7.276,3.584,8.303,2.354,0,10.914,3.103,0,0,7.095,4.1,0,17.7,0,22.03,0.7,8.667,0.962,5.35,9.951,0,2856.713
54015957900,1633.16,460.224,0,0,0,0,62.288,0,0,43.4,0,23.861,3.103,4.911,1.038,0,0,0,0,5.136,0,2.1,0.9,0,0,0,3.56,0,6.099,1.282,0,0,0,2251.062
54015958000,1933.19,498.576,13.23,41.58,12.824,38.472,0,0,8.453,8.4,15.729,88.852,11.967,72.035,23.562,3.317,0,28.676,7.886,0,0,8.45,3.6,0,7.842,0,11.23,2.698,19.174,19.082,0,54.677,1.177,2934.679
54015958100,1203.1,425.256,0,0,0,0,0,0,3.317,0,0,15.392,21.368,46.224,3.317,0,0,5.671,0,0,0,17.676,0,3.2,30.148,0,4.523,0.849,53.672,2.566,4.922,12.519,0,1853.72
54017965000,2370.01,459.096,0,7.56,0,0,0,0,0,22.7,0,24.42,6.934,26.129,36.528,0,0,14.916,22.947,0,0,6.02,6.8,18.8,14.8,0,22.76,19.87,33.919,0.962,9.458,55.597,0,3180.226
54017965100,2185.23,397.056,18.9,3.78,38.472,25.648,0,0,0,56.7,0,59.187,72.654,65.968,40.655,5.35,0,15.706,8.667,0,0,6.1,12.283,0,17.956,0,32.268,12.396,57.437,5.136,48.578,29.211,0,3215.338
54019020100,3794,453.456,0,11.34,6.412,0,0,0,73.004,34.4,7.704,116.29,12.84,81.981,73.248,15.711,0,32.391,98.928,2.461,0,14.8,5.945,0,8.4,0,30.302,15.63,67.837,39.881,7.276,67.944,0,5072.18
54019020201,2476.79,392.544,15.12,11.34,25.648,0,0,0,1.819,74.9,45.903,81.105,11.234,35.649,31.179,0,0,7.918,11.487,0,0,7.099,0,0,8.6,0,23.168,5.5,23.518,1.54,0,6.634,0,3298.695
54019020202,2150.36,303.432,24.57,56.7,128.24,0,0,0,2.247,12.6,7.383,277.846,67.368,73.678,84.457,15.842,64.842,20.921,80.896,0,0,80.368,5.938,5.299,28,0,33.28,15.648,69.999,35.966,0,43.831,0,3689.711
54019020300,1639.92,86.856,22.68,37.8,38.472,0,62.288,68.7,0,29.4,4.601,164.641,63.088,54.515,61.421,11.568,34.24,44.618,46.663,1.391,0,0,25.1,0,0,0,25.507,4.244,34.047,19.681,20.335,34.561,0,2636.337
54019020400,2377.44,491.808,0,37.8,0,0,0,0,0,79.1,37.878,10.272,11.173,17.655,10.255,0,0,2.568,5.715,0,0,0,2.4,0,11,0,5.151,2.3,21.614,35.524,0,14.124,0,3173.777
54019020500,1164.53,32.712,66.15,7.56,51.296,12.824,0,0,0,0,0,22.728,15.729,24.095,19.136,10.058,0,2.537,24.721,0,0,22.538,0,7.4,0,0,5.289,2.547,31.265,23.747,2.26,24.502,0,1573.624
54019020600,1261.87,263.952,28.35,3.78,0,0,0,0,0,0,0,26.458,14.831,6.944,10.144,0,0,26.536,0.608,0,0,0,12.4,0,6,0,9.4,3.5,6.634,1.603,10.167,8.025,0,1701.202
54019020700,1958.72,427.512,47.25,34.02,32.06,25.648,0,68.7,0,159,0,63.204,20.01,32.453,60.522,5.671,203.3,43.039,25.987,2.452,0,11.3,3.1,3,92.271,0,12.958,0,88.572,62.588,16.946,61.725,21.514,3583.522
54019020800,2628.8,143.256,43.47,113.4,32.06,12.824,31.144,0,16.692,122.4,19.581,131.794,26.847,34.412,21.624,12.865,0,14.659,35.4,2.354,0,5.4,47.44,8,10.8,0,18.03,3.396,73.359,6.948,30.383,15.087,0,3662.425
54019020900,2602.99,454.584,11.34,7.56,12.824,12.824,0,0,19.334,38.5,23.54,63.119,21.892,11.171,41.238,8.132,0,2.568,32.175,2.247,0,5.1,7.6,0,3.7,0,6.9,7.68,8.346,28.546,1.177,19.902,0,3454.989
54019021000,1820.61,319.224,0,0,25.648,0,0,0,6.206,0,0,34.141,39.985,9.844,13.022,0,0,4.922,25.145,0,0,8.6,0,4.499,0,0,16.88,4.06,12.091,2.567,11.297,29.639,0,2388.38
54019021100,1629.73,466.992,0,7.56,6.412,0,0,0,9.309,0,0,35.096,33.649,14.432,15.26,0,0,15.326,13.987,0,0,2.18,0,0,0,0,6.23,4.38,14.51,17,6.099,34.668,0,2332.82
54021967700,2832.45,587.688,3.78,11.34,0,0,0,0,0,177.3,0,15.608,22.856,7.747,45.415,0,0,5.81,0,0,0,30.389,2.4,2.083,11.2,0,11.929,5.6,0,3.848,0,8.025,0,3785.468
54021967800,979.932,183.864,56.7,49.14,25.648,12.824,0,0,13.482,204.1,10.7,113.275,22.3,48.363,54.49,11.128,7.811,7.704,41.252,0,0,3.6,54.547,0,28.963,0,8.5,1,48.172,26.531,7.681,21.614,53.5,2096.821
54023969400,2561.27,486.168,0,0,0,0,0,0,3.444,2.1,0,16.279,13.859,9.693,3.492,2.889,0,2.033,0,0,0,13.1,2.046,0,18.083,0,6.48,19.11,7.597,2.244,16.946,44.927,0,3231.76
54023969500,2556.8,350.808,0,0,0,0,0,0,14.98,0,0,19.611,9.032,8.503,9.865,0,0,1.015,4.804,0,0,2.78,2.4,0,0,0,13.78,9.7,9.951,0.641,0,0,0,3014.67
54023969600,2433.83,551.592,71.82,79.38,128.24,12.824,0,0,19.688,86.1,26.429,187.325,97.252,96.402,138.7,17.548,48.15,60.342,61.185,0,0,250.16,39.038,1083.19,16.997,0,49.081,42.097,140.808,35.203,0,90.55,2.151,5866.083
54025950100,3863.72,610.248,24.57,45.36,121.828,12.824,0,0,109.781,71,0,188.247,54.936,58.006,95.476,0,0,59.853,107.276,0,0,14.758,2.101,5.965,6.2,0,28.034,22.287,59.278,16.069,21.465,17.43,0,5616.711
54025950200,2479.55,480.528,13.23,30.24,51.296,0,0,0,3.444,0,0,77.072,25.756,32.476,118.389,6.206,57.78,17.034,6.099,0,0,22.269,11.585,0,4.6,0,26.296,15.1,33.812,8.236,5.701,47.32,0,3574.02
54025950300,2635.19,307.944,15.12,64.26,25.648,0,0,0,5.798,40.6,14.338,166.865,70.319,70.927,60.742,4.708,0,60.374,38.56,0,0,6.49,19.6,0.057,0,0,11.897,7.148,95.015,4.137,0.899,18.66,0,3745.296
54025950400,4666.96,564,60.48,30.24,0,0,0,0,47.936,5.6,8.025,82.187,93.103,52.322,114.833,17.832,0,26.811,19.376,0,0,9.877,51.348,2.6,0,0,40.775,29.73,38.146,7.695,25.419,33.919,0,6029.214
54025950500,1870.9,369.984,0,11.34,102.592,0,0,0,0,0,0,52.419,30.646,20.089,31.227,9.523,0,3.424,33.486,0,0,42.296,5,15.543,3.036,4.5,25.821,7.221,28.226,30.493,0,21.924,0,2719.69
54025950600,3396.52,291.024,71.82,136.08,83.356,12.824,62.288,0,56.924,65.6,35.738,556.303,183.95,187.964,323.996,15.39,34.562,158.522,191.606,38.52,0,30.857,57.9,7.4,9.721,0,65.961,113.268,112.125,57.076,35.878,87.702,285.262,6766.137
54025950700,3922.78,647.472,43.47,105.84,76.944,0,0,0,4.708,79.2,37.45,150.595,100.323,83.606,51.653,23.968,0,25.664,18.267,0,0,79.6,0.946,12.9,0,0,49.889,23.395,60.519,16.571,5.778,40.785,0,5662.323
54027968200,4100.13,564,30.24,0,19.236,0,0,0,2.996,0,0,49.648,30.935,26.665,32.199,2.675,0,0,2.431,0,0,30.3,6.299,0,0,0,40.21,21.191,35.673,7.167,12.992,9.202,0,5024.189
54027968300,3560.06,649.728,0,64.26,0,0,31.144,0,0,69.7,0,11.128,3.135,10.968,6.856,0,0,0,0,0,0,39.9,1.4,0,0,0,5.23,43.83,7.383,14.765,18.076,5.885,0,4543.447
54027968400,2413.25,432.024,62.37,52.92,64.12,38.472,31.144,0,16.585,91.8,31.993,191.784,69.411,108.709,81.983,11.92,28.89,29.822,15.515,0,0,15.6,31.8,17.9,3,0,61.591,28.308,90.212,23.741,5.885,51.253,0,4102.001
54027968500,2147.32,312.456,24.57,41.58,19.236,12.824,0,0,0,0,0,24.182,26.75,26.822,19.788,11.235,0,10.914,22.866,0,0,0,11.3,0,0,0,20.68,12.29,11.139,0.962,0,8.988,0,2765.902
54027968600,3704.84,864.048,92.61,3.78,0,0,0,0,51.594,18.9,4.815,28.49,4.387,19.956,27.78,3.317,18.404,1.723,4.425,0,0,17.1,2.7,0,0,0,35.159,17.06,31.028,3.848,6.985,13.268,0,4976.217
54029020600,2670.24,56.4,102.06,94.5,96.18,38.472,31.144,0,4.922,95.9,82.572,72.301,50.234,38.76,92.401,8.56,0,46.994,41.499,2.354,0,49.782,3.292,1.6,5.6,0,12.238,1.78,29.014,1.498,0,11.556,0,3741.853
54029020700,2689,0,102.06,102.06,57.708,89.768,0,0,0,16.1,0,385.778,50.223,79.106,109.402,13.888,0,32.469,70.578,2.452,0,8.623,4.689,0,0.856,2.3,44.365,5.449,55.37,17.531,0,43.859,6.313,3989.947
54029020900,1341.12,487.296,3.78,30.24,0,25.648,0,0,0,0,0,38.517,58.338,20.917,44.502,2.568,0,1.523,30.405,1.498,0,931.8,5.5,16.8,0,0,12.983,0,13.546,1.603,0,15.857,0,3084.441
54029021100,2116.36,303.432,0,34.02,0,0,0,0,0,0,0,5.915,4.173,2.985,0,0,0,0,1.284,0,0,0,2,0,0,0,10.3,0,2.782,0,0,0,0,2483.251
54029021200,1942.05,302.304,20.79,45.36,32.06,0,0,137.4,1.819,0,0,36.089,29.104,25.529,20.405,7.918,0,6.635,18.086,0,0,46,6.71,26.5,0,0,8.36,1.698,25.145,26.957,41.582,51.683,0,2860.185
54029021300,1820.8,13.536,151.2,139.86,25.648,12.824,0,68.7,3.638,4.9,23.54,76.262,47.753,84.594,63.59,23.647,4.708,33.042,57.86,1.391,0,21.5,3.646,0,18.6,0,15.079,0.99,79.665,30.28,0,27.82,0,2855.073
54029021400,2529.94,21.432,18.9,52.92,44.884,0,0,0,4.708,0,12.444,20.7,50.719,17.703,34.532,0,0,2.033,20.17,1.227,0,3.518,0,0,0,0,6.513,1.6,39.154,5.885,0,1.449,0,2890.431
54029021500,2629.28,272.976,64.26,109.62,76.944,0,0,0,73.188,41.3,21.4,95.558,55.032,45.569,54.478,12.733,0,9.094,161.57,0,0,174,6,19.7,7.851,0,28.76,6.15,60.668,5.772,11.296,15.943,0,4059.142
54031970100,3671.32,547.08,5.67,30.24,0,0,31.144,0,3.21,40.6,13.589,34.238,14.424,27.154,37.139,13.694,0,29.68,5.281,0,0,35.764,0,18.3,0,0,14.76,29.81,16.692,2.244,0.564,19.448,0,4642.044
54031970200,2708.34,841.488,5.67,94.5,160.3,89.768,0,0,36.487,0,0,93.057,26.643,52.616,41.221,18.811,14.873,24.005,27.041,0,0,51,45.7,59.383,0,0,14.905,14.149,46.437,25.855,25.419,58.842,2.151,4578.661
54031970300,2479.55,602.352,9.45,7.56,0,0,0,0,21.935,0,0,203.921,157.394,61.248,62.714,12.18,0,5.97,21.943,0,0,1008.4,0,2,0,0,38.323,99.33,35.524,24.388,25.418,13.161,12.305,4905.067
54033030100,1329.5,0,211.68,189,115.416,89.768,31.144,274.8,8.025,4.6,3.851,349.898,343.408,182.027,520.487,30.064,0,57.491,102.192,4.387,0,4.318,84.399,2.1,6.843,0,32.376,5.497,120.214,114.202,58.461,33.384,11.246,4320.778
54033030200,1735.84,31.584,43.47,98.28,6.412,0,0,0,0,0,0,16.516,6.099,15.425,21.894,0,0,0,14.873,2.354,0,0,6.1,5,0,0,15.474,0.849,17.013,0,0,42.969,0,2080.152
54033030300,1065.66,30.456,109.62,71.82,64.12,25.648,0,0,7.276,95.9,0,40.443,97.628,71.637,44.132,0,0,6.849,52.345,1.391,0,28.513,0,0,6.3,0,40.6,12.688,38.413,10.593,0,0,0,1922.032
54033030400,2059.69,27.072,115.29,94.5,0,0,0,0,12.947,11.4,0,35.782,33.589,24.471,50.15,0,0,45.793,27.629,0,0,0,7.146,3.125,4.3,0,10.469,0,24.931,0.46,0,73.937,29.582,2692.263
54033030500,3057.81,134.232,94.5,30.24,32.06,0,0,0,1.07,124.4,24.503,74.469,63.326,49.023,49.013,8.667,0,23.529,42.907,0,0,3.838,13.901,10.1,0.607,0,23.022,11.271,26.193,18.553,5.671,39.162,1.177,3963.244
54033030601,1588.01,22.56,28.35,52.92,70.532,0,0,0,0,0,0,28.92,16.049,19.152,21.398,0,0,3.659,4.862,0,0,14.494,4.4,0,0,0,19.2,3.698,13.482,0,0,20.009,0,1931.695
54033030602,3023.9,128.592,68.04,34.02,38.472,89.768,93.432,137.4,1.722,67.2,64.628,152.572,124.103,67.732,68.887,4.173,0,105.396,54.287,0,0,24.3,3.9,0,10.25,1.567,33.168,14.7,59.341,55.426,0,0.953,0,4527.928
54033030700,1472.37,152.28,26.46,0,0,12.824,31.144,0,0,0,0,0,0,2.461,27.82,0,0,0,0,0,0,0,0,0,2.3,0,4,0.849,0,0.642,0,0,0,1733.15
54033030800,2228.85,515.496,17.01,56.7,19.236,0,0,0,0,0,0,26.995,3.317,15.664,13.838,0,0,0,9.629,0,0,0,1.401,0,1.821,0,12.481,0.97,15.194,4.169,3.723,26.416,0,2972.91
54033031000,1924.81,271.848,0,26.46,25.648,12.824,0,0,6.848,15.4,26.444,31.04,199.127,31.939,44.66,0,0,1.523,4.105,0,0,130,18.5,13.9,4.4,0,22.203,5.549,54.911,0,5.137,0,0,2877.275
54033031100,1277.11,83.472,11.34,0,38.472,0,0,0,151.191,0,0,449.657,462.22,61.526,283.481,17.763,0,42.226,88.382,0,0,129.6,79.081,0,3.1,0,33.437,5.05,2.14,75.257,5.672,67.281,0,3367.459
54033031200,1493.23,77.832,0,0,0,0,0,0,0,0,0,22.256,1.177,1.926,11.92,2.89,0,12.306,6.205,0,0,3.3,0,0,4.7,0,12.161,8.901,0,7.062,0,0,0,1665.866
54033031300,1627.35,210.936,3.78,0,0,0,0,0,0,0,0,21.935,6.098,12.647,18.806,4.28,0,2.567,1.177,0,0,0,4.946,0,6.9,0,31.93,10.079,14.231,0.962,24.289,37.129,0,2040.042
54033031400,1426.46,209.808,0,11.34,0,0,0,0,0,5.6,0,0,0,8.774,2.91,0,0,4.922,1.926,0,0,1.419,0,0,0,0,4.13,0,0,8.983,14.121,13.481,0,1713.874
54033031500,877.633,102.648,0,0,0,0,0,0,0,0,0,1.177,0,3.379,6.891,0,0,0,5.136,0,0,0,0,0,3.5,0,0,1.5,1.498,0,0,0,0,1003.362
54033031600,1294.16,127.464,22.68,22.68,32.06,64.12,31.144,0,0,142.8,26.428,66.265,2.461,28.022,18.864,2.888,0,5.029,7.815,0,0,1.8,0,0,4.321,0,4.2,1.87,35.309,21.487,0,21.343,56.603,2041.813
54033031700,936.688,293.28,13.23,0,0,0,0,0,0,0,0,1.038,0,0,3.167,0,0,0,0,0,0,0,0,0,0,0,3.1,6,0,1.283,11.297,0,0,1269.083
54033031800,1365.41,120.696,0,37.8,0,0,0,0,0,0,0,25.039,19.046,9.298,8.025,0,0,0,10.773,0,0,14.188,4,0,59.999,0,7.442,5.4,22.364,0.641,0,0,0,1710.121
54033031900,1273.02,72.192,43.47,90.72,38.472,25.648,0,0,3.103,0,0,101.646,15.859,48.978,35.3,8.881,0,18.722,34.669,0,0,16.4,31.5,29,0,0,12.753,1,38.306,3.848,0,17.12,0,1960.607
54033032000,1363.98,245.904,88.83,0,0,0,31.144,0,0,1.4,0,318.967,35.717,27.691,58.528,2.889,0,10.486,32.956,26.976,0,4.42,6.9,4,17.8,0,71.44,0.849,19.752,2.032,4.387,25.466,0,2402.514
54033032101,2470.78,104.904,11.34,83.16,51.296,12.824,31.144,0,0,34.3,0,174.087,58.64,74.419,118.848,3.959,0,40.168,18.631,2.782,0,72.4,59.491,0,84.795,0,63.86,3,16.456,17.334,7.908,26.322,8.025,3650.873
54033032102,4603.05,14.664,13.23,185.22,96.18,115.416,31.144,68.7,29.532,40.6,62.496,204.781,114.53,60.912,224.351,17.117,0,50.755,100.523,1.391,0,61.119,6.685,0,35.206,0,90.421,11.469,94.117,1.498,3.531,229.598,0,6568.237
54035963200,2820.64,491.808,15.12,0,0,0,0,0,6.741,0,0,51.414,525.884,15.064,31.345,3.317,0,2.033,32.404,0,0,250.5,289.6,1.8,343.801,0,26.559,25.972,26.782,7.383,6.213,41.623,0,5016.003
54035963300,2260.19,319.224,77.49,139.86,38.472,64.12,0,68.7,3.103,42,46.331,146.976,60.252,58.12,65.146,8.56,0,32,32.716,0,0,0,3.5,1.6,0,0,21.9,1,84.081,5.772,0,36.273,0,3617.386
54035963400,2238.09,490.68,0,0,0,0,0,0,0,0,0,24.899,53.607,26.183,51.713,0,0,2.03,1.862,0,0,16,0,0,2.9,0,12.22,7.18,10.165,3.206,5.671,10.807,0,2957.213
54035963500,1675.92,204.168,0,0,0,0,0,0,32.1,0,0,14.873,6.206,15.194,7.597,0,0,17.655,11.557,0,0,78,0,0,0,0,17.801,2.86,0,1.283,0,8.164,0,2093.378
54035963600,2418.97,394.8,139.86,75.6,83.356,25.648,0,0,49.648,84,0,483.434,147.799,155.297,141.446,20.116,0,44.883,81.84,3.638,0,54.1,8.1,3,3.5,0,28.021,32.058,124.793,73.008,12.198,107.143,18.618,4814.875
54035963700,4418.84,857.28,22.68,11.34,115.416,38.472,0,0,0,0,0,63.451,31.18,20.653,34.492,0,0,4.601,15.023,0,0,8.799,8.668,0,5.5,0,43.358,11.97,54.353,3.848,0,14.124,0,5784.049
54037972201,3186.78,25.944,47.25,3.78,38.472,38.472,31.144,0,43.336,320.4,14.66,46.5,24.036,50.923,95.859,0,0,4.063,63.665,1.391,0,13.5,7.61,0,0,0,34.373,17.951,11.985,75.328,0,0.963,0,4198.385
54037972203,1724.03,60.912,0,30.24,19.236,0,0,0,0,91,0,10.761,2.354,3.103,20.51,1.284,0,2.03,0,3.317,0,0,0,0,0,0,6.5,7.95,2.782,0,0,15.087,0,2001.096
54037972204,1640.2,143.256,7.56,75.6,19.236,12.824,0,0,2.996,136.8,17.869,92.748,36.102,38.423,92.794,20.437,0,22.609,50.124,2.14,0,4,55.81,0,0,0,32.717,27.012,128.893,10.375,0,31.18,2.69,2704.395
54037972300,2412.11,419.616,7.56,15.12,0,0,0,0,1.07,0,0,81.084,35.958,49.723,42.689,3.852,0,6.719,6.287,9.309,0,240.6,457.3,2,0,0,147.676,56.561,25.551,14.338,3.531,13.162,5.778,4057.595
54037972401,1233.68,134.232,83.16,30.24,102.592,12.824,0,0,13.589,0,0,173.2,17.613,62.581,101.715,0,96.3,39.907,19.388,0,0,32.4,6,12.884,0,0,58.002,15.508,28.653,14.975,2.461,13.054,0,2304.958
54037972402,1862.14,359.832,22.68,7.56,64.12,76.944,31.144,0,0,0,0,29.426,32.272,12.626,11.289,0,0,0,10.593,0,0,0,3.784,0,0,0,4.412,6.59,49.114,14.446,0,28.676,0,2627.648
54037972501,3208.02,0,39.69,11.34,6.412,38.472,0,0,42.479,0,0,29.852,12.379,10.549,47.025,0,0,6.527,26.034,0,0,8.394,4.73,0,0,0,16.225,22.92,21.25,0,5.992,3.091,0,3561.381
54037972503,1623.06,171.456,0,68.04,44.884,89.768,0,0,22.256,0,0,59.995,20.117,5.864,20.075,0,0,2.889,51.605,0,0,6.619,3.784,0,0,0,14.652,0,7.897,0,0,0,0,2212.961
54037972505,1299.02,0,52.92,124.74,115.416,153.888,0,68.7,155.365,0,2.889,166.795,41.227,113.683,124.572,28.034,0,62.911,102.399,0,0,19.2,7.659,0,0,0,50.393,29.47,128.421,24.181,5.35,52.965,0,2930.198
54037972506,2169.79,100.392,0,0,64.12,12.824,31.144,0,7.597,110.6,0,23.86,0,12.304,56.596,0,0,8.219,53.79,0,0,2.838,0,0,0,3.999,13.775,13.057,37.129,0,0,13.482,0,2735.516
54037972601,1655.44,67.68,26.46,11.34,51.296,25.648,0,0,49.647,0,0,41.205,30.992,20.626,43.109,9.31,0,9.515,42.671,0,0,0.071,10.1,6.5,3,0,25.728,6.333,33.833,52.21,0,38.451,0,2261.165
54037972602,2759.58,86.856,5.67,0,0,0,0,0,24.075,0,56.068,24.548,21.239,30.067,72.148,0,3.959,2.763,36.779,0,0,111.729,7.1,3.1,0,0,32.514,11.28,17.034,27.268,22.594,13.406,0,3369.777
54037972701,1656.87,310.2,0,0,0,12.824,0,0,0,0,0,0.005,0,0,1.177,0,0,0,0,0,0,0,0,0,0,0,1.1,0,0,0,0,0,0,1982.176
54037972702,3127.53,0,86.94,26.46,0,0,0,0,0,0,0,0.886,6.146,9.343,3.145,0,0.001,0,0.719,0,0,3,0,0,0,0,1.902,5.4,0,0,0,0,0,3271.472
54037972800,3923.82,210.936,0,0,0,0,0,0,2.996,3.5,0,21.506,18.362,2.503,17.774,0,0,2.568,29.328,0,0,49.873,3.8,67.699,0,0,21.608,25.407,25.209,1.924,0,16.168,0,4444.98
54039000100,552.641,0,119.07,64.26,57.708,25.648,31.144,0,19.795,0,0,441.967,209.185,69.451,58.368,5.136,0,5.67,79.474,1.226,0,74.202,74.399,3.5,1.799,0,28.945,4.696,53.564,0.321,0,15.301,0,1997.47
54039000200,1351.12,31.584,3.78,18.9,44.884,38.472,0,0,0,3.5,0,8.835,14.725,14.014,177.295,0,0,0.845,14.165,0,0,9,13.9,3,4.101,0,19.806,0.89,29.49,5.564,0,20.891,0,1828.761
54039000300,2157.6,6.768,24.57,0,19.236,12.824,0,0,2.889,0,0,19.025,23.68,19.91,23.715,5.671,0,7.062,1.712,0,0,22,1.6,0,8,0,38.623,0.849,19.345,0,0,12.947,0,2428.026
54039000500,1574.29,0,69.93,56.7,6.412,38.472,0,68.7,0,0,0,89.066,79.363,47.785,119.412,9.309,74.365,71.037,55.075,0,0,27.256,7.538,0,38,0,51.805,2.749,86.412,24.927,0,9.768,0,2608.372
54039000600,2979.42,18.048,124.74,79.38,0,38.472,62.288,0,0,2.8,0,25.586,11.944,11.534,36.233,0,0,1.015,6.825,0,0,0,2.5,0,0,0,13.536,0,29.874,9.95,0,25.145,0,3479.29
54039000700,1627.63,0,51.03,34.02,83.356,0,0,68.7,0,10.5,0,168.69,174.243,181.875,236.026,0,0,3.852,164.288,1.498,0,14.8,12.146,0,4.72,0,30.74,1.698,84.124,1.926,14.017,19.153,0,2989.032
54039000800,852.297,0,243.81,200.34,57.708,0,0,68.7,15.301,4.9,0,169.739,70.995,187.056,278.822,45.263,0,52.908,71.465,2.782,0,5.676,8.301,28.5,0,0,27.168,8.208,137.92,31.869,0,5.885,0,2575.613
54039000900,110.681,0,0,34.02,109.004,115.416,62.288,274.8,165.957,160.6,11.257,503.213,316.839,319.78,2286.81,232.395,308.588,222.611,384.416,23.54,0,59.719,33.386,9.842,58.652,0,60.485,11.28,453.943,668.022,73.188,156.711,4.922,7232.364
54039001100,2927.03,0,100.17,102.06,32.06,12.824,93.432,412.2,18.618,237.9,29.746,134.575,324.32,199.812,392.218,6.399,0,42.77,43.951,1.07,0,21.799,14.992,24,66.859,0,65.95,23.903,161.819,1722.77,2.824,76.612,0,7292.682
54039001200,648.843,0,117.18,185.22,96.18,0,0,137.4,0,2.1,87.49,186.36,389.524,114.153,80.986,0,3.21,56.286,25.009,0,0,75,11.146,7.3,0,0,20.371,0.97,83.886,105.096,0,16.484,0,2450.194
54039001300,573.596,0,56.7,351.54,224.42,153.888,280.296,343.5,7.383,23.1,0,51.315,52.453,81.985,263.4,11.449,0,169.113,98.546,27.713,0,4.5,12.4,1.042,6.25,0,32.343,1,127.437,39.479,5.029,39.064,0,3038.941
54039001500,2458.88,25.944,24.57,249.48,51.296,38.472,0,206.1,13.91,278.9,9.654,237.141,233.167,128.81,280.904,28.783,34.24,192.76,99.869,1.226,0,0,14.238,0,0,0,14.163,11.701,59,92.942,0,89.988,178.582,5054.72
54039001700,888.492,2.256,69.93,109.62,25.648,115.416,62.288,0,92.662,0,16.05,417.958,153.356,41.674,68.477,4.602,0,41.908,75.965,0,0,2.6,6.892,0,13.106,0,44.643,26.918,55.127,17.333,0,8.774,0,2361.695
54039001800,1505.62,30.456,30.24,90.72,76.944,25.648,0,0,0,168.7,39.59,9.708,8.346,19.794,40.605,0,0,64.118,999.902,0,0,0,2.746,5.326,0,0,10.307,3.659,18.511,0,0,0,0,3150.939
54039001901,3269.46,0,15.12,71.82,0,0,0,0,0,0,9.523,48.168,5.778,8.239,48.873,0,29.531,18.258,23.152,0,0,14.095,0.946,1.1,1.821,0,17.789,3.79,141.644,0,0,24.535,0,3753.643
54039001902,3358.42,50.76,11.34,22.68,0,0,0,68.7,0,0,0,18.784,15.836,21.935,70.973,0,0,15.186,26.788,0,0,1.7,0,3.5,7.7,0,28.831,2.65,30.26,0,0,39.162,0,3795.205
54039002000,2014.06,0,43.47,166.32,12.824,89.768,0,0,0,0,0,56.051,12.477,69.279,97.1,12.198,0,27.746,45.126,0,0,1.6,12.338,0,2.2,0,17.899,0.86,36.273,8.667,0,15.823,0,2742.079
54039002100,3044.57,9.024,17.01,370.44,57.708,64.12,0,0,0,0.4,0,90.827,43.071,34.346,105.302,13.482,0,45.462,24.155,0,0,1.8,1.4,22.622,3.014,0,29.295,10.989,48.256,0,0,11.214,0,4048.507
54039010100,2474.21,22.56,20.79,60.48,147.476,192.36,31.144,0,52.109,79.1,32.422,113.325,70.561,100.678,150.731,7.49,0,16.099,30.455,1.498,0,53.348,17.038,0,17.4,0,38.692,0,81.964,12.305,5.35,9.202,0,3838.787
54039010200,1457.99,0,71.82,86.94,64.12,12.824,0,68.7,0,0,0,102.466,85.697,59.304,115.255,22.898,0,39.163,23.871,1.391,0,13.8,2.98,0,3.2,0,39.096,2.5,76.867,19.467,0,33.555,1.177,2405.081
54039010300,1655.73,49.632,122.85,11.34,6.412,0,0,0,0,2.8,0,36.532,40.981,18.518,32.984,0,0,8.239,29.074,0,0,47,1.892,0,0,0,55.935,1.739,46.01,6.11,0,17.869,0,2191.647
54039010400,614.934,94.752,83.16,0,109.004,0,0,0,0,167.3,8.132,10.499,40.554,45.496,39.107,0,0,14.017,9.361,0,0,0,1.199,137.898,0,0,10.861,0,32.848,69.978,6.099,14.23,61.204,1570.633
54039010500,2974.47,210.936,0,117.18,64.12,141.064,31.144,0,0,0,0,70.093,77.128,59.8,168.583,55.64,0,15.516,53.156,0,0,63.9,12.5,1.4,3.5,0,30.931,21.847,100.491,3.852,8.473,39.27,0,4324.995
54039010600,3263.65,127.464,58.59,381.78,134.652,0,0,68.7,25.038,0,2.697,540.195,182.88,164.613,124.816,24.573,0,35.223,258.493,0,0,64.7,25.192,118.399,1.6,0,70.253,3.547,108.69,12.985,0,30.633,0,5829.363
54039010701,2654.81,270.72,0,257.04,115.416,51.296,93.432,0,15.513,5.6,0,88.594,23.058,39.792,57.542,10.02,0,40.799,67.838,1.391,0,49.2,4.858,7,3,0,26.845,7.5,79.426,5.131,28.807,23.024,18.618,4046.27
54039010702,3001.23,318.096,0,37.8,6.412,0,0,0,1.819,0,0,32.202,27.158,44.245,41.22,0,0,3.128,19.104,0,0,12.895,3,14.801,4.7,0,34.684,6.49,54.578,8.017,0,0,0,3671.579
54039010801,3708.75,582.048,18.9,52.92,109.004,25.648,0,0,1.819,0,0,149.29,40.386,98.515,79.964,8.346,0,9.734,55.088,2.354,0,28.4,0.946,6.324,8.17,0,98.596,18.608,57.731,13.261,16.946,19.581,0,5211.329
54039010802,1618.49,465.864,7.56,0,0,0,0,0,0,0,4.708,46.329,16.446,37.23,24.916,0,0,14.017,15.518,0,0,5.1,103,0,7.9,0,34.448,13.5,29.658,0,0,23.326,0,2468.01
54039010900,1197.86,397.056,0,0,0,0,0,0,0,0,0,7.17,18.433,1.07,104.11,0,0,0,1.177,0,0,0,0,0,0,0,8.586,1.201,19.029,0,0,0,0,1755.692
54039011000,2780.73,219.96,117.18,22.68,89.768,76.944,0,0,43.87,0,2.612,176.905,68.214,78.736,110.785,5.885,0,27.142,43.627,0,0,10.699,9.485,0,6.599,0,49.631,5.698,78.476,10.166,0,91.807,0,4127.6
54039011100,2010.44,1016.33,0,0,0,0,0,0,0,0,0,128.58,21.055,48.694,56.334,6.206,0,21.774,28.857,1.391,0,68.739,12.092,0,21.612,0,52.232,7.708,17.74,12.833,12.426,30.431,0,3575.474
54039011200,2783.01,332.76,26.46,11.34,12.824,0,0,0,1.819,0,9.202,80.449,12.774,45.791,39.124,6.741,0,10.269,8.025,0,0,10.438,7,0,3.414,0,41.846,0,70.554,8.663,2.461,16.799,1.177,3542.94
54039011301,1400.94,492.936,39.69,15.12,12.824,0,0,0,0,42,15.194,34.636,17.333,26.94,114.858,0,0,9.951,37.407,0,0,7.299,10.914,0,0,0,31.362,0,23.518,86.402,0,53.5,3.959,2476.783
54039011302,3713.8,463.608,0,0,12.824,25.648,0,0,10.486,0,0,51.282,12.857,55.315,71.73,4.387,0,3.991,29.131,7.357,0,17.601,35,0,4,0,46.775,10.858,62.262,0,0,14.659,0,4653.572
54039011401,1233.39,291.024,0,0,0,0,0,0,0,0,0,18.715,0,18.335,33.815,0,0,5.723,9.697,0,0,5.9,5.676,0,0,0,8.009,2.795,13.343,24.074,0,21.982,0,1692.478
54039011402,1875.95,688.08,9.45,22.68,12.824,0,0,0,4.922,0,0,50.308,46.633,19.183,46.689,0,0,4.815,10.503,0,0,7.438,4.3,0,9.5,0,17.237,28.994,32.078,0,0,9.459,0,2901.043
54039011500,2575.46,190.632,5.67,37.8,109.004,12.824,31.144,0,22.149,6.3,4.494,73.784,208.738,50.766,61.261,5.778,0,5.671,45.739,0,0,13.375,13.975,49.5,13.127,0,25.454,9.149,64.498,9.733,23.61,30.494,0,3700.129
54039011800,2532.32,739.968,68.04,49.14,38.472,0,0,0,0,76.3,19.153,125.157,111.131,52.494,72.472,5.564,0,3.796,23.31,0,0,46.376,1.946,0,2.7,0,4.59,2,41.15,16.895,17.545,42.586,0,4093.105
54039012100,2453.35,525.648,49.14,45.36,32.06,12.824,62.288,0,0,7.7,0,66.796,14.36,39.023,45.492,0,0,11.235,26.086,0,0,18.1,6.1,0,10.299,0,7.193,0,52.281,14.654,23.112,61.231,0,3584.333
54039012200,2996.18,567.384,32.13,26.46,6.412,0,62.288,0,3.444,0,0,74.288,56.964,37.984,49.721,0,14.873,4.066,7.578,0,0,22.275,0,0,15.9,0,9.312,3.701,60.198,7.071,0,9.737,0,4067.966
54039012300,3525.77,835.848,18.9,41.58,12.824,12.824,31.144,0,0,96.2,18.725,353.783,85.669,80.483,102.412,25.894,7.596,16.398,86.501,22.577,0,20.819,0.946,10.3,11.4,0,39.497,15.716,69.571,19.684,5.67,37.909,0,5606.641
54039012800,3031.71,13.536,134.19,113.4,25.648,12.824,0,0,5.35,0,0,69.497,44.09,19.852,93.211,1.243,0,1.498,20.151,0,0,9.719,3.7,13.3,1.821,0,18.216,0.89,85.524,0,0,37.988,28.355,3785.713
54039012900,783.336,20.304,147.42,64.26,25.648,25.648,0,0,31.245,0,2.889,265.47,888.184,131.107,490.844,12.474,0,73.446,65.997,4.222,0,145.899,24.302,84.679,4.2,0,24.454,206.348,163.718,39.68,4.922,30.954,0,3761.65
54039013000,2258.57,131.976,86.94,52.92,288.54,320.6,62.288,0,53.61,3.5,0,460.677,36.875,92.703,169.055,4.494,323.782,212.548,111.789,0,0,10.373,7.583,8.991,0.78,0,50.559,10.07,66.834,2.674,28.783,23.006,0,4880.52
54039013100,2228.85,67.68,45.36,128.52,224.42,12.824,0,0,3.424,87.5,0,167.625,18.725,60.237,60.883,2.566,0,23.1,73.993,2.354,0,5.693,7.399,1.041,2.428,0,33.145,12.275,72.76,0.321,0,16.585,0,3359.708
54039013200,1577.82,708.384,0,7.56,6.412,12.824,0,0,34.989,63,0,77.365,119.903,29.728,48.309,0,0,2.923,13.674,0,0,10,13.1,6.101,3.8,0,60.529,0,19.175,3.207,14.121,0,0,2832.925
54039013300,1815.18,37.224,0,0,0,12.824,0,0,0,0,0,10.423,0,4.387,11.66,0,0,3.103,3.317,0,0,0,5.4,0,0,0,6.631,1.22,2.675,0,0,2.354,0,1916.398
54039013400,1031.75,77.832,175.77,102.06,38.472,12.824,0,0,13.803,29.2,18.618,112.744,19.39,33.94,71.156,0,0,8.525,49.434,0,0,0,0,0,0,0,7.6,0,57.95,0,0,34.026,0,1895.094
54039013500,1967.58,0,43.47,98.28,12.824,12.824,0,0,0,4.9,14.232,44.969,6.42,37.203,25.506,6.328,0,3.636,24.302,0,0,0,4.3,0,1.699,0,10.16,3.849,48.171,0,0,25.68,0,2396.332
54039013600,2704.24,16.92,130.41,79.38,128.24,64.12,31.144,68.7,0,44.1,0,265.09,50.078,121.091,170.363,5.564,0,53.669,124.823,1.226,0,14.5,12.355,0,0,0,55.997,14.698,196.816,35.083,10.807,34.485,0,4433.899
54039013701,1516.19,46.248,0,0,0,0,0,0,0,0,0,5.448,10.681,4.472,11.704,4.173,0,1.725,15.225,0,0,0,0,0,0,0,17.132,6.411,22.363,1.282,0.565,11.128,0,1674.747
54039013702,2896.17,636.192,79.38,49.14,32.06,12.824,62.288,0,0,0,17.238,62.976,48.289,41.952,44.906,0,0,7.342,18.256,0,0,6.3,1.892,0,0,0,65.88,21.269,58.935,2.354,6.213,34.24,0,4206.096
54039013800,1148.52,227.856,34.02,86.94,25.648,0,0,0,0,4.9,2.354,80.017,195.267,38.932,43.452,0,0,0,13.46,0,0,73.467,10.23,195.35,1,0,46.87,7.698,41.665,17.326,5.778,13.739,0,2314.489
54041967200,1975.96,534.672,0,0,19.236,0,0,0,16.692,0,0,45.216,27.843,31.853,21.814,1.284,135.248,9.845,13.345,0,0,7.6,8.992,2.8,23.1,0,18.987,5.308,6.42,1.819,2.354,5.457,0,2915.845
54041967300,1838.23,245.904,37.8,3.78,57.708,12.824,31.144,0,1.818,44.8,0.653,75.981,28.316,21.722,27.495,0,0,2.034,19.171,0,0,3.6,4.2,0,10.5,0,32.258,7.247,37.471,1.391,15.815,14.552,0,2576.414
54041967400,1494.28,117.312,3.78,30.24,141.064,25.648,31.144,137.4,0,0,0,82.007,91.988,63.772,73.261,13.91,0,52.452,42.8,1.226,0,48.678,24.9,3,44.4,0,22.865,3.86,38.07,81.468,7.811,396.027,0,3073.363
54041967500,1808.99,124.08,11.34,26.46,0,25.648,0,0,21.614,123,0,88.061,16.415,35.629,56.794,9.416,0,27.21,18.939,0,0,0,2.839,0,7.5,0,3.746,2.56,34.177,8.56,2.354,3.317,0,2458.649
54041967600,2231.14,284.256,0,22.68,0,0,0,0,73.101,2.8,0,271.377,45.84,37.788,67.081,3.68,0,0.749,22.729,0,0,537.677,27.3,3.9,7.3,0,24.739,11.629,29.349,19.462,0,25.685,0,3750.262
54043955400,2863.41,1056.94,18.9,0,0,0,0,0,0,0,0,35.725,21.809,29.036,27.742,0,0,28.455,5.346,0,0,16.342,3.2,0,1.2,0,24.851,13.262,34.347,3.847,5.992,0,0,4190.405
54043955500,1540.76,488.424,49.14,7.56,38.472,38.472,0,0,0,42,9.631,71.37,46.613,53.606,68.901,7.276,0,30.859,15.087,0,0,1.9,8.5,0,7.1,0,28.489,14.942,28.44,24.717,21.868,59.492,3.745,2707.364
54043955600,1958.72,857.28,15.12,15.12,44.884,0,31.144,0,0,3.5,0,66.61,13.697,23.08,35.064,4.173,2.997,13.48,17.195,0,0,0,3.783,0,4.4,0,8.82,4.509,16.158,11.225,19.77,46.819,0,3217.549
54043955700,1638.3,569.64,0,0,0,0,0,0,0,0,0,28.997,9.95,5.115,22.148,2.889,0,6.955,3.103,0,0,12.851,1.4,0,1.7,0,12.13,7.97,28.441,1.924,16.946,52.719,0,2423.178
54043955800,1220.72,1002.79,0,0,0,0,0,0,1.819,0,0,48.277,7.514,8.667,9.23,0,0,0,20.223,0,0,5.202,0,0,2.5,0,26.883,7.049,15.492,2.565,36.15,14.98,0,2430.061
54045956101,3514.44,841.488,17.01,30.24,64.12,0,0,0,63.344,79.1,99.109,228.873,44.279,83.597,106.086,9.203,3.317,23.005,55.086,0,0,166.114,2.6,3.8,16.756,0,49.35,11.32,60.026,8.025,5.564,24.161,0,5610.012
54045956102,1534.67,337.272,3.78,7.56,109.004,38.472,0,68.7,0,0,0,13.297,29.952,17.851,9.64,0,0,0,0,0,0,0.557,1.1,0,5.997,0,5.332,3.36,2.996,3.848,0,43.871,0,2237.26
54045956200,1988.82,327.12,52.92,22.68,32.06,51.296,0,0,45.689,30.7,15.729,284.405,54.356,87.782,70.62,8.763,0,52.482,153.867,0,0,22.6,3.1,20.001,45.529,0,24.585,11.7,57.586,46.599,4.387,115.142,85.6,3716.118
54045956400,1734.31,379.008,35.91,11.34,102.592,25.648,0,0,2.14,16.1,7.596,101.027,18.11,46.354,40.135,13.482,0,8.987,14.445,0,0,1.3,1.5,0,12.385,0,35.366,0,0,6.434,0,30.722,0,2644.891
54045956500,967.74,280.872,0,0,32.06,0,0,0,0,0,0,6.634,0,36.401,5.564,0,0,0,0,0,0,0,0,0,0.607,0,0,0,11.235,0.643,0,0,0,1341.756
54045956600,2439.45,576.408,30.24,18.9,25.648,38.472,0,0,7.811,44.1,0,106.381,47.626,21.667,42.706,0,21.535,46.241,36.86,0,0,6.5,15.301,3.4,16.376,0,22.525,80,40.874,4.917,0,42.907,0,3736.845
54045956700,1798.03,588.816,17.01,52.92,44.884,12.824,0,0,0,0,4.708,53.587,53.63,94.866,43.411,0,0,9.416,19.478,0,0,44.118,6.76,0,16.256,0,46.5,2.2,29.811,23.644,25.869,42.051,0,3030.789
54045956800,2383.35,778.32,13.23,0,57.708,0,0,0,0,0,0,15.041,8.888,23.268,31.002,0,0,1.015,0,0,0,3.302,0,0,0.003,0,15.303,3.998,9.329,2.543,30.502,0,0,3376.802
54045956900,1251.2,226.728,28.35,49.14,179.536,64.12,0,0,17.227,0,0,179.957,115.715,118.685,128.118,16.157,53.5,64.284,47.974,4.387,0,4.5,11.439,0,2.3,0,15.861,5.596,83.994,45.382,14.122,22.471,0,2750.743
54047953600,960.12,160.176,1.89,0,0,0,0,0,0,0,0,24.334,1.498,3.959,7.062,0,0,6.314,1.216,0,0,0,3.781,10.415,0,0,0,0,36.166,7.376,0,10.251,0,1234.558
54047953800,1559.62,469.248,18.9,34.02,6.412,0,0,0,3.444,23.1,0,22.454,25.552,8.795,13.515,0,40.018,2.568,18.802,0,0,14.1,0,0,0,0,2.27,0.849,48.32,15.723,0,44.298,0,2372.009
54047953900,974.598,472.632,0,11.34,0,0,0,0,0,0,0,2.781,24.686,2.781,1.42,0,0,0,2.431,0,0,2.399,0,0,2.1,0,0,0.989,2.781,4.811,6.778,0,0,1512.527
54047954000,1031.18,516.624,11.34,0,0,0,0,0,0,0,0,15.45,7.383,10.251,9.202,3.531,0,2.033,0,0,0,0,0,0,0,0,1.3,0.59,13.482,1.283,0,33.157,0,1656.806
54047954200,1101.47,129.72,9.45,11.34,6.412,0,0,0,0,0,0,14.84,1.156,1.016,2.226,0,0,0,0,0,0,0,0,0,0,0,3.1,0,21.08,0.642,0,0,0,1302.452
54047954501,1458.47,187.248,22.68,0,0,0,0,0,0,74.2,12.881,12.788,0,0.845,3.549,0,0,1.605,0,0,0,0,0,0,10.194,0,0.662,0,23.347,5.706,0,8.239,0,1822.414
54047954503,2216.47,203.04,73.71,98.28,19.236,12.824,31.144,68.7,8.559,33.2,0,163.588,33.385,93.742,98.797,5.224,2.476,35.799,50.757,2.461,0,16.995,14,0,22.844,0,15.197,0.98,122.231,32.532,38.078,973.598,0,4487.847
54047954504,2359.91,693.72,15.12,22.68,6.412,0,0,0,0,0,7.664,69.534,23.531,50,41.374,0,0,3.967,28.084,0,0,2.1,2.7,8.7,5.95,0,7.898,1.97,28.658,17.885,23.951,62.688,0,3484.496
54049020100,286.703,0,137.97,86.94,102.592,64.12,0,206.1,3.444,116.9,3.852,52.153,32.251,60.785,173.46,95.177,0,23.883,47.907,2.675,0,0,2.95,0,0,0,22.415,1.469,99.36,103.018,2.14,76.013,0,1804.277
54049020200,1183.2,12.408,298.62,196.56,0,0,0,0,12.519,315.6,0,177.756,120.626,108.456,204.083,11.752,325.601,58.016,49.669,1.498,0,0,9.684,2.7,12.5,0,11.968,2.6,24.909,4.173,0,10.988,53.248,3209.134
54049020300,2915.03,7.896,43.47,26.46,38.472,0,31.144,0,30.495,2.8,0,109.507,38.553,94.071,107.905,0,0,75.574,79.856,0,0,12,5.6,0,1.2,0,20.504,2.739,53.607,13.802,2.568,4.108,0,3717.361
54049020400,769.144,39.48,0,7.56,70.532,102.592,0,0,12.947,75.6,63.13,1.772,4.967,5.35,30,0,0,1.284,18.618,0,0,0,0,0,0,0,2.4,1.3,7.169,32.067,0,0,0,1245.912
54049020500,1071.56,126.336,54.81,11.34,0,12.824,0,0,26.537,0,0,10.486,0,19.333,14.795,0,0,3.103,4.815,2.461,0,0,26.744,0,2.6,0,4.73,0,18.96,2.14,0,10.486,0,1424.06
54049020600,1215.1,20.304,0,11.34,0,0,0,0,0,0,0,19.961,0,16.98,48.557,0.963,0,0,8.133,0,0,0,0.72,4.5,0,0,10.989,2.547,20.201,1.924,17.548,10.058,0,1409.825
54049020700,2208.94,204.168,153.09,7.56,19.236,12.824,62.288,0,0,0,0,84.15,129.546,63.364,70.374,3.317,0,10.741,29.211,4.601,0,13.6,38.092,3.3,73.3,0,46.521,3.6,108.091,0,0,12.733,0,3362.647
54049020800,1844.42,108.288,69.93,75.6,70.532,12.824,0,0,0,11.9,6.614,76.467,26.922,56.312,65.344,3.852,22.713,20.764,24.426,2.247,0,8.4,20.346,0,0,0,52.643,6.6,51.081,0,0,28.783,0,2667.008
54049020900,1999.49,359.832,3.78,143.64,70.532,25.648,0,0,350.854,8.1,2.568,71.037,66.78,64.252,143.458,0,4.387,10.726,22.626,0,0,36.098,43.2,0,14.7,0,77.748,12.532,18.531,0.641,25.984,10.487,0,3587.631
54049021000,2986.09,478.272,9.45,0,32.06,12.824,0,0,1.712,1,29.96,57.426,96.472,79.329,61.928,9.266,0,2.065,24.321,8.132,0,63.519,7.78,15.9,21.4,0,72.611,13.68,27.285,5.134,42.153,32.742,0,4192.511
54049021100,1479.9,57.528,43.47,15.12,64.12,0,31.144,0,5.136,86.1,26.322,174.26,44.92,47.615,104.905,12.519,0,5.061,28.358,0,0,1.419,12.001,0,1.214,0,13.58,8.391,34.09,4.491,0,17.334,0,2318.998
54049021200,3089.81,293.28,20.79,151.2,173.124,25.648,0,0,18.297,9.1,0,217.77,99.768,24.651,68.8,5.671,0,24.796,37.546,0,0,12.1,3.2,191.999,0.96,0,38.75,6.357,31.351,3.852,22.594,49.455,13.91,4634.779
54049021300,2268.38,215.448,5.67,34.02,38.472,0,0,0,0,40.6,0,84.637,2.322,30.291,10.201,8.56,0,8.132,12.251,0,0,28,0,1.8,0,0,32.12,3.5,16.478,9.628,0,66.515,0,2917.025
54049021400,1253.3,92.496,18.9,11.34,0,0,0,0,0,0,0,6.42,0,3.414,17.441,0,0,1.605,0,0,0,0,0,0,4.4,0,8.8,0,16.863,6.205,0,24.824,0,1466.008
54049021500,2277.05,145.512,32.13,11.34,12.824,0,0,0,0,0,0,33.123,11.663,5.114,31.459,0,0,0,4.642,0,0,19.027,5.646,0,20.033,0,14.04,0.61,16.286,1.924,7.609,12.198,0,2662.23
54049021600,2491.84,439.92,11.34,45.36,12.824,12.824,0,0,0,0,0,81.502,10.251,23.303,15.641,5.992,0,2.033,5.461,0,0,11.001,0,0,2.4,0,19.303,1,16.371,8.342,6.099,27.605,0,3250.412
54049021700,1151,111.672,24.57,41.58,6.412,12.824,0,0,0,0,0,33.17,13.911,24.192,23.959,0,0,12.519,12.596,0,0,43.6,1.4,0,9.713,0,5.4,3.65,30.068,4.809,26.548,4.387,0,1597.98
54049021800,1513.33,433.152,0,0,0,0,0,0,0,0,8.132,55.64,14.017,8.27,18.309,0,0,5.72,19.26,0,0,14,3.792,0,0,0,10.36,2.8,39.055,1.282,36.715,0,0,2183.834
54051020200,1158.24,102.648,45.36,75.6,0,12.824,31.144,68.7,21.935,8.4,0,282.098,96.961,121.262,126.937,10.594,0,113.369,85.297,0,0,7.438,13.6,0,0,0,15.569,6.25,105.587,46.541,0,85.643,0,2641.997
54051020500,653.796,0,51.03,64.26,32.06,0,0,0,2.033,0,0,63.143,189.604,33.06,51.51,3.317,0,4.601,19.367,0,0,0,0,0,5.4,0,3.45,0,15.836,12.73,24.854,28.528,0,1258.579
54051020601,1391.41,7.896,68.04,105.84,32.06,0,0,0,0,5.6,0,26.214,4.815,16.028,11.903,4.173,0,1.177,11.639,0,0,34.701,0,3.801,0,0,11.79,0,31.115,7.273,0,20.437,0,1795.912
54051020702,965.073,3.384,45.36,7.56,19.236,12.824,0,0,13.054,0,0,30.969,28.89,7.189,34.576,0,0,39.377,27.927,0,0,10.4,4.592,0,0,0,8.299,0,24.61,22.149,16.946,30.324,0,1352.739
54051020800,3278.03,372.24,37.8,56.7,76.944,0,0,0,31.244,0,22.47,60.133,14.445,22.372,43.652,0,21.186,23.857,32.314,0,0,4.05,51,5.9,33.6,0,5.586,39.59,44.661,10.493,12.509,38.669,0,4339.445
54051020900,2555.75,438.792,0,98.28,64.12,0,0,0,29.708,25.2,2.568,82.334,32.25,30.581,77.433,0,0,2.461,23.155,0,0,49.3,4.6,96,9.4,0,49.92,30.627,32.57,17.227,23.724,25.466,0,3801.467
54051021000,3695.89,461.352,28.35,56.7,25.648,0,0,0,0,16.1,5.671,37.924,5.35,15.397,25.345,0,0,6.897,11.74,0,0,0,10.86,0,7.6,0,12.706,9.049,87.727,9.62,0,57.729,0,4587.655
54051021100,2973.42,197.4,139.86,52.92,0,25.648,0,0,3.638,99.8,38.092,44.948,12.082,56.821,16.098,0,0,16.692,21.198,0,0,1.7,0,4.2,11.999,0,18.524,9.3,63.001,2.996,5.778,14.98,0,3831.095
54051021300,2696.43,195.144,20.79,30.24,89.768,0,0,0,0,0,0,23.95,27.788,21.518,28.923,0,0,10.911,9.095,0,0,5.3,0,0,0,0,18.923,4.899,56.152,0,24.495,18.939,0,3283.265
54053954801,1662.68,406.08,5.67,22.68,12.824,12.824,0,0,7.276,104.1,4.708,105.487,2.996,20.607,7.854,4.173,0,8.664,14.337,0,0,28.377,0.946,0,0,0,5.48,652,21.359,5.671,6.42,40.454,0,3163.667
54053954802,2499.36,235.752,9.45,41.58,6.412,0,31.144,0,8.609,0,0,37.083,2.74,14.327,35.683,5.136,0,2.6,7.353,0,0,47.2,0,0,7.4,0,9.66,17.389,18.083,6.092,23.159,11.606,0,3077.818
54053954900,3587.78,956.544,83.16,45.36,38.472,0,31.144,0,1.712,58.1,20.009,47.462,20.394,14.873,29.577,2.14,0,8.239,0,0,0,27.2,1.3,0,2.7,0,19.216,13.45,76.631,3.848,11.297,6.42,0,5107.028
54053955000,2879.79,122.952,262.71,68.04,57.708,12.824,31.144,68.7,13.522,12,75.738,211.298,90.23,107.371,172.182,26.429,125.19,87.877,93.873,0,0,11.119,18.4,0,53.984,0,9.443,20.85,98.418,61.946,0,95.901,0,4889.639
54053955101,1298.45,535.8,0,3.78,0,0,0,0,1.722,0,0,40.339,11.984,14.884,6.698,0,0,3.77,1.926,0,0,8,0,29.6,3.7,0,2.8,33.34,20.651,3.527,0,10.7,0,2031.671
54053955102,2481.64,904.656,47.25,0,0,0,0,0,6.174,0,0,31.244,30.262,10.764,22.662,0,0,4.066,10.807,0,0,32.53,1.3,64,0,0,17.53,28.25,11.021,4.17,0,33.598,0,3741.924
54055000900,2028.25,580.92,11.34,7.56,12.824,0,0,0,0,0,0,30.698,1.038,25.969,14.097,0,0,13.484,2.247,0,0,14.079,0.946,0,0,0,14.771,12.639,37.771,8.341,10.168,19.902,0,2847.044
54055001000,1885.19,1009.56,0,15.12,0,0,0,0,0,0,6.206,24.87,9.93,22.032,20.089,2.461,0,3.317,23.615,0,0,4.3,0,0,0,0,21.726,10.839,24.503,28.888,0.565,25.68,0,3138.891
54055001100,2615.85,717.408,75.6,45.36,12.824,51.296,31.144,0,0,300.3,5.992,32.101,10.165,34.687,35.419,6.099,0,7.918,19.047,0,0,146,2.545,2.4,0,0,12.623,7.729,51.039,14.53,5.457,45.903,0,4289.436
54055001200,1497.52,510.984,39.69,109.62,51.296,12.824,31.144,0,309.036,0,0,44.891,27.136,88.605,30.033,0,0,2.033,55.258,1.498,0,2.339,10.901,0,3.035,0,18.779,3.8,36.166,0,18.645,9.201,0,2914.434
54055001300,1993.2,174.84,24.57,196.56,70.532,0,0,68.7,9.63,0,2.568,215.099,163.564,129.627,111.203,9.203,0,28.504,50.427,0,0,55.137,187.5,6.5,0,2.7,38.269,5.8,108.863,7.031,0,42.907,0,3702.934
54055001400,1279.97,50.76,75.6,105.84,0,51.296,0,0,0,2.8,11.663,93.312,58.315,64.006,176.39,20.758,0,39.473,56.186,0,0,0,4.8,0,0.6,0,18.723,3.249,75.435,44.361,5.671,63.345,0,2302.553
54055001500,2669.95,525.648,13.23,68.04,83.356,115.416,31.144,0,2.857,30.1,0,65.966,29.576,20.157,77.725,0,0,79.781,9.544,0,0,0,4.199,0,0,0,19.03,5.709,19.046,5.885,0,1.133,0,3877.492
54055001600,986.028,256.056,0,3.78,0,0,0,0,0,0,0,16.692,3.317,3.049,1.819,0,0,6.258,0,0,0,1.3,0,0,0,0,0,0,24.61,0.641,0,0,0,1303.55
54055001700,2342.39,886.608,0,37.8,76.944,51.296,0,0,0,0,0,16.261,11.022,22.392,2.441,0,0,2.03,4.076,0,0,6.5,23.65,0,0,0,25.335,0,1.883,0,0,10.914,0,3521.542
54055001800,2114.74,1183.27,26.46,3.78,89.768,38.472,31.144,0,10.057,86.1,31.993,54.451,16.757,46.886,38.003,0,428,68.481,0,0,0,49.399,2.838,8.299,12,0,17.062,5,39.312,13.259,44.447,50.556,0,4510.533
54055001900,916.115,119.568,28.35,52.92,32.06,0,0,137.4,0,9.8,0,88.804,71.348,46.179,50.341,70.699,1.07,1.498,21.982,0,0,6.8,12.406,2.083,0,0,4.25,7.64,72.546,5.178,0.899,83.46,0,1843.396
54055002000,1577.34,172.584,41.58,223.02,12.824,0,0,0,0,35.7,19.817,94.548,78.389,81.693,34.106,5.329,0,17.301,35.136,0,0,0,20.292,70,0,0,16.069,7.69,56.175,10.925,0,28.003,57.031,2695.552
54055002100,2151.51,0,0,34.02,12.824,38.472,31.144,0,22.908,3.4,33.384,10.271,18.618,24.161,28.624,3.959,187.25,94.428,24.342,0,0,37.6,1.1,0,0,1.3,15.615,2.3,71.605,1.926,0,23.583,0,2874.344
54055002200,2815.21,194.016,11.34,49.14,115.416,12.824,31.144,0,150.72,66.8,20.116,610.574,314.313,190.33,253.456,11.128,0,64.485,248.656,12.305,0,48.038,28.43,0,23.641,0,122.026,39.678,260.565,28.922,0.565,46.469,14.338,5784.646
54055002300,1725.64,1129.13,11.34,11.34,128.24,0,0,0,59.491,83.9,23.113,237,158.532,154.858,127.041,7.597,0,32.178,53.66,0,0,217.463,16.96,55.076,6.1,0,45.544,12.307,75.755,0,14.686,26.749,0,4413.7
54055002400,1619.15,304.56,9.45,3.78,0,38.472,0,0,0,0,0,106.465,4.848,4.388,15.976,0,0,1.926,15.087,0,0,3.7,0,0,21.247,0,24.44,0.92,30.602,5.015,2.824,0,0,2212.85
54057010100,1658.11,122.952,43.47,11.34,44.884,12.824,0,0,0,0,4.066,8.193,4.28,19.024,25.622,0,0,0,2.534,0,0,9.699,1.892,0,0,0,13.444,6.6,21.185,6.631,14.686,8.239,0,2039.675
54057010200,2124.46,118.44,11.34,0,64.12,0,0,0,0,0,0,44.435,23.647,8.324,18.372,0,0,11.71,17.488,0,0,5.1,5.8,7.4,0,0,22.02,2.549,27.286,1.391,0,0,0,2513.882
54057010300,3205.35,333.888,0,30.24,19.236,0,0,0,2.247,44.1,9.309,71.219,8.293,27.766,41.976,11.021,0,8.988,8.667,0,0,2.7,9,0,0,0,46.923,7.81,36.337,1.283,4.066,58.101,0,3988.521
54057010400,2657.57,486.168,34.02,18.9,0,0,0,0,0,2.4,0,23.369,4.066,50.044,11.577,0,0,0,7.888,0,0,72.9,1.3,0,0,0,9.32,22.819,4.601,12.946,5.564,10.272,0,3435.724
54057010500,2804.16,136.488,247.59,71.82,25.648,0,0,0,0,0.6,0,120.841,15.088,54.066,76.001,11.235,37.45,21.4,55.612,0,0,0,18.246,2.083,0,0,16.37,0,52.43,15.614,31.714,34.604,1.614,3850.674
54057010600,2301.24,201.912,75.6,56.7,282.128,0,0,137.4,8.609,223.6,25.359,290.985,159.013,105.435,117.047,2.996,55.703,27.852,54.001,0,0,94.5,34.3,3,2,0,100.404,22.338,76.718,6.488,2.14,40.552,43.014,4551.033
54057010700,1176.53,166.944,71.82,15.12,19.236,12.824,0,0,0,0,0,14.583,42.907,5.81,3.567,0,0,15.177,5.924,0,0,0,0.98,0,0,0,5.9,4.28,69.248,12.195,5.671,12.947,0,1661.663
54059957100,1728.98,644.088,7.56,15.12,12.824,0,0,0,13.775,0,0,67.134,26.1,6.87,18.283,4.173,0,5.136,5.033,0,0,4.2,0,0,8.807,0,8.261,1,25.23,1.603,0,25.787,0,2629.964
54059957200,1677.92,470.376,45.36,15.12,0,0,0,0,0,0,0,35.899,19.656,2.535,3.853,0,0,2.246,6.313,0,0,3.899,0,0,0,0,2.301,9.902,19.153,1.603,0,2.461,0,2318.597
54059957300,2086.17,472.632,13.23,3.78,32.06,0,0,0,16.478,0,0,33.533,24.814,39.771,62.853,7.532,0,9.106,6.205,0,0,4.257,1.3,0,131.138,0,23.274,1.199,38.947,3.527,0.565,2.461,0,3014.832
54059957400,2341.82,100.392,136.08,120.96,109.004,38.472,0,206.1,40.767,59.5,77.043,142.587,202.225,97.251,169.518,56.496,70.941,53.201,45.878,1.498,0,4.438,67.101,0,18.308,0,33.011,6.249,165.208,36.786,43.494,31.565,17.334,4493.228
54059957500,1318.45,645.216,39.69,15.12,115.416,0,0,137.4,0,0,0,32.818,56.616,26.777,14.197,0,0,4.441,25.416,0,0,12.256,0,0,20.556,0,3.4,1.749,39.44,7.914,0,39.994,0,2556.866
54059957600,1492.28,655.368,0,0,0,0,0,0,7.383,0,0,17.291,10.379,5.135,12.267,0,0,0,7.034,0,0,12.082,2.1,0,6.475,0,4.9,3.499,6.976,5.132,0,14.338,0,2262.639
54059957700,1566.29,791.856,15.12,15.12,32.06,12.824,0,0,11.021,0,0,133.172,21.635,112.186,45.881,16.693,0,4.708,30.784,3.531,0,51.801,4.801,0,13.4,0,9.598,2.8,34.026,3.848,12.427,24.396,0,2969.979
54061010101,13.335,0,56.7,0,25.648,12.824,93.432,68.7,30.908,325.8,0,0,0,1.84,8.239,0,0,0,2.782,0,0,0,17.2,0,0,0,0,0,52.855,0,16.946,0,0,727.2089
54061010102,480.06,0,525.42,313.74,192.36,128.24,155.72,68.7,170.611,935.4,0,211.563,56.583,195.945,239.138,8.346,0,14.93,96.903,31.881,0,0,13,31.499,2.3,0,23.151,0,53.502,95.562,12.305,61.751,46.117,4164.727
54061010201,767.525,162.432,92.61,154.98,301.364,615.552,186.864,412.2,11.77,262.5,0,99.356,6.099,72.512,145.404,20.437,598.023,83.032,24.396,0,0,2.1,1.3,0,0,0,3.832,4.929,16.605,89.881,0,39.162,350.962,4525.827
54061010202,761.429,14.664,287.28,257.04,211.596,294.952,218.008,68.7,0,0,0,7.704,15.029,16.897,41.264,0,0,0.846,23.265,0,0,1.4,0,0,0,0,7.383,2.31,15.622,0,0,4.494,0,2249.883
54061010400,1847.85,265.08,85.05,177.66,173.124,218.008,31.144,68.7,40.126,2.1,6.527,111.268,55.815,65.93,137.101,17.484,0,14.766,74.362,0,0,15.037,3.9,14.5,0,0,40.391,10.75,84.636,13.472,0,0,0,3574.781
54061010600,1409.7,120.696,35.91,185.22,314.188,756.616,373.728,206.1,92.02,125.3,127.008,100.811,86.607,133.781,179.894,3.425,317.79,177.547,101.679,0,0,0,8.691,335,1,0,14.59,3.77,32.558,2.653,0,16.465,0,5262.747
54061010700,1553.53,47.376,326.97,219.24,89.768,89.768,31.144,137.4,14.766,12.9,0,197.514,74.776,162.389,201.245,2.889,0,35.759,100.561,2.996,0,306.6,5.02,1.6,19,0,36.724,9.2,165.849,41.718,15.836,37.222,89.238,4028.998
54061010800,1345.31,630.552,52.92,105.84,115.416,102.592,124.576,0,5.778,0,1.712,14.704,1.038,17.339,41.906,0,0,16.84,1.823,0,0,6.436,2,0,2.425,0,20.832,2.9,34.871,0,0,24.717,0,2672.528
54061010901,1268.16,41.736,325.08,211.68,102.592,38.472,0,0,0,0.7,7.276,41.328,29.014,45.22,55.484,0,0,4.548,14.181,0,0,1.1,3.092,0,0,0,22.376,1.6,20.727,0,0,42.628,15.301,2292.295
54061010902,1993.2,108.288,51.03,26.46,38.472,64.12,0,0,0,4.9,0,73.546,55.545,91.128,91.346,0,0,22.493,25.784,0,0,41.2,51.485,0,1.821,0,23.51,10.601,47.038,2.033,0,26.963,0,2850.963
54061011000,1118.62,325.992,85.05,215.46,160.3,102.592,0,68.7,43.013,139.7,0,277.791,76.426,93.022,342.454,9.646,0,38.862,37.168,0,0,30.2,49.392,0,0,0,41.652,5.647,40.018,24.61,0,29.978,5.992,3362.285
54061011100,1565.43,74.448,66.15,94.5,83.356,12.824,0,0,16.05,1.4,0,104.003,35.849,136.83,120.234,10.021,0,33.948,49.057,3.21,0,30.001,19.892,4.8,0.58,0,26.311,4.898,90.262,8.025,13.161,27.045,8.453,2640.738
54061011200,1408.37,243.648,111.51,83.16,6.412,12.824,0,0,0,0,0,70.513,29.853,28.579,31.323,0,0,6.207,19.912,0,0,12.9,0,0,19.497,0,12.143,0.83,6.099,1.283,0.565,16.264,0,2121.892
54061011300,2070.45,526.776,0,11.34,38.472,0,0,0,0,0,0,417.809,58.809,47.131,80.323,3.959,0,4.74,33.722,8.346,0,6,24.784,18.7,5.001,0,27.381,4.099,9.309,0,11.297,17.376,13.054,3438.878
54061011400,1995.3,507.6,11.34,0,0,0,0,0,6.099,0,0,106.112,18.407,16.756,26.751,3.424,0,11.556,7.68,0,0,10.8,2.837,0,24.9,0,17.364,1.981,22.639,5.35,0,26.75,0,2823.646
54061011500,2034.83,853.896,0,0,38.472,0,0,0,41.944,0,0,36.653,12.457,29.548,61.956,0,0,4.708,24.327,0,0,2.838,41.393,0,54.128,0,12.21,5.65,9.737,3.528,0,186.822,30.816,3485.913
54061011600,2153.51,721.92,0,68.04,102.592,153.888,62.288,0,1.07,37.1,8.132,24.273,27.178,39.152,62.353,0,0,0.007,24.61,0,0,0,21.4,6.5,0.003,3.599,15.353,8.68,21.143,2.675,0,7.319,7.597,3580.383
54061011700,2465.26,104.904,17.01,90.72,51.296,12.824,0,0,48.705,0,0,125.338,19.656,39.445,100.385,9.202,0,14.976,29.892,13.054,0,5.6,0.946,2.083,1,0,16.528,7.55,23.968,10.272,0,18.19,16.692,3245.496
54061011803,1483.52,342.912,0,7.56,96.18,0,0,0,0,0,0,69.229,16.264,4.055,33.455,9.095,0,0.888,24.187,0,0,6.138,4.1,0,0,0,42.472,0.96,2.782,0,0,0,0,2143.797
54061011804,1561.24,454.584,0,26.46,0,0,0,0,1.07,0,0,34.155,20.994,19.923,27.261,0,0,3.424,20.833,0,0,52.468,8.801,6,0,0,41.411,14.32,7.383,4.28,0,47.192,0,2351.799
54061011805,2155.89,409.464,0,0,128.24,25.648,62.288,0,12.305,5.6,0,174.319,59.15,60.079,62.575,5.965,0,5.628,90.436,1.391,0,23.257,16.22,0,3.2,0,40.826,2.58,10.25,1.924,18.076,14.734,16.05,3406.095
54061011806,3042.28,420.744,13.23,0,0,0,0,0,3.442,0,0,30.28,73.35,10.624,63.649,0,0,17.329,8.642,0,0,47.701,1.1,0,1.6,0,12.111,0,53.071,0,14.121,33.383,0,3846.657
54061011900,2498.79,184.992,0,0,57.708,0,0,0,5.564,0,0,30.184,64.214,27.483,42.288,0,0,6.524,10.165,0,0,71,0.946,3.5,5,0,15.716,13.182,36.978,0,0,9.951,0,3084.185
54061012000,1940.05,0,71.82,34.02,102.592,243.656,93.432,68.7,0,826.7,57.528,94.497,20.33,32.781,148.236,17.547,0,68.164,56.941,0,0,13,10.583,0,0,0,20.017,3.2,54.976,0,0,37.889,38.948,4055.607
54063950100,2720.34,690.336,9.45,0,0,0,0,0,0,0,0,31.377,11.77,14.904,16.783,0,0,0,5.565,0,0,16.323,16.6,5.5,0,0,13.775,32.81,0,3.526,0,0,1.614,3590.673
54063950200,3397.38,311.328,0,15.12,32.06,0,0,0,1.038,39.9,16.692,92.836,26.579,47.471,37.901,5.456,0,28.708,14.676,0,0,8.58,11.292,69.2,0,0,38.097,36.849,13.482,20.002,8.478,88.572,0,4361.697
54063950300,3218.69,673.416,7.56,37.8,0,0,0,0,0,0,0,53.597,12.273,26.032,39.829,5.885,0,5.029,11.128,0,0,12.15,6.976,0,0,0,27.973,21.189,34.411,3.847,2.26,31.778,0,4231.823
54065970700,3858.2,360.96,0,49.14,32.06,38.472,0,0,8.366,86.1,0,45.349,9.32,11.556,36.541,0,0,0,14.445,0,0,4.1,1.892,0,5,0,16.145,6,0,0,0,0,0,4583.647
54065970800,2094.55,135.36,79.38,151.2,64.12,12.824,0,0,33.063,0,10.7,200.363,187.593,96.221,105.829,21.828,0,29.337,109.226,0,0,44.201,8.684,9.2,0,0,24.239,15.729,49.819,31.334,8.56,68.801,0,3592.161
54065970900,2727.2,233.496,1.89,7.56,25.648,12.824,31.144,0,13.268,0,0,13.434,22.91,16.115,14.124,1.052,0,1.926,3.487,0,0,1.8,0,0,0,0,6.17,3.101,20.544,5.561,0,7.276,0,3170.53
54065971000,3854.1,495.192,15.12,0,0,0,0,0,24.075,0,0,121.023,23.294,26.073,28.759,0,53.5,15.729,36.907,3.679,0,27.921,104.301,0,24.2,0,25.616,23.209,28.782,24.051,0,18.435,0,4973.967
54067950100,1669.73,451.2,0,0,0,0,0,0,0,0,0,16.393,7.513,17.097,12.284,0,0,3.317,8.237,0,0,15.1,2.401,0,0,0,2.33,1.62,11.298,0.641,5.564,23.54,0,2248.265
54067950200,3123.72,856.152,98.28,90.72,109.004,0,31.144,68.7,104.762,43.6,0,380.712,140.696,128.305,213.249,27.178,63.664,70.994,87.753,7.169,0,34.114,12.3,0,36.633,0,83.381,25.08,100.667,43.324,34.906,51.296,14.338,6081.841
54067950300,791.813,249.288,0,0,0,0,0,0,0,0,0,7.04,30.676,11.501,2.889,0,0,0,3.638,0,0,14.7,0,0,8.399,0,1.1,0,6.099,1.923,0,8.56,0,1137.626
54067950400,2082.17,751.248,0,0,70.532,64.12,0,0,1.712,0,0,64.093,27.448,34.238,19.442,4.387,0,5.457,23.176,0,0,86.7,1.5,0,0,0,16.252,3.07,27.37,1.924,5.992,31.458,0,3322.289
54067950500,1287.78,64.296,45.36,86.94,0,0,31.144,0,7.704,0,0,99.894,9.31,40.21,11.974,4.708,0,6.163,19.773,0,0,13.33,2.45,0,1,0,3.875,6.08,38.54,13.587,0,30.174,0,1824.292
54067950600,2963.89,655.368,28.35,0,44.884,0,0,0,0,64.4,17.548,38.367,36.84,32.474,11.185,0,58.85,0,4.922,0,0,22.27,107,0,4.6,0,5.15,3.558,32.207,5.348,0,26.246,0,4163.458
54067950700,2481.36,432.024,0,0,0,0,0,0,4.815,0,0,20.041,20.009,23.54,22.549,0,0,3.048,3.676,0,0,7.257,1.892,0,0.8,0,15.24,5.68,24.118,1.923,0,14.98,0,3082.952
54069000200,1914.72,0,143.64,90.72,32.06,38.472,0,137.4,0,9.8,15.837,171.15,60.274,102.012,185.075,25.68,0,12.401,36.232,0,0,1000,18.564,0,0,0,27.269,3.396,47.358,0.321,0,29.135,1.177,4102.692
54069000300,763.714,0,28.35,109.62,38.472,38.472,155.72,0,78.343,4.2,4.494,91.255,37.066,46.159,32.323,185.217,0,6.494,31.992,0,0,0,15.53,0,0,0,6.9,3.398,23.155,0,0,6.639,8.774,1716.287
54069000400,597.408,9.024,143.64,94.5,51.296,25.648,31.144,68.7,0,0,0,10.165,23.391,31.554,27.371,0,0,1.498,16.157,0,0,0,2,0,0,0,3.9,1,16.264,24.288,0,0,0,1178.948
54069000500,738.854,14.664,86.94,109.62,25.648,0,0,0,0,0,0,17.118,0,4.504,6.302,1.284,0,0,17.195,0,0,0,0,0,0,0,9.482,0,16.157,0,0,0,0,1047.768
54069000600,453.39,16.92,90.72,113.4,12.824,25.648,0,0,0,0,0,44.037,1.819,7.125,44.894,0,0,3.103,302.883,0,0,0,5.676,0,0,0,7.468,3.549,38.819,0,0,13.482,0,1185.757
54069000700,376.047,41.736,100.17,45.36,6.412,0,0,68.7,0,9.6,0,21.868,137.495,59.041,71.145,0,0,3.424,21.079,0,0,70.944,0,0,1,0,12.3,3.2,63.044,3.527,0,21.721,0,1137.813
54069001300,941.451,0,17.01,0,0,12.824,0,0,0,0,0,13.115,0,13.363,1.99,0,0,0,15.935,0,0,0,0,0,0,0,9.2,1.849,16.007,0,14.121,0,0,1056.865
54069001400,1575.53,9.024,88.83,34.02,0,12.824,31.144,274.8,0,354.2,8.453,99.402,8.239,69.898,70.805,8.239,385.2,132.83,39.492,1.391,0,0,2.05,0,0,0,8.03,0,45.617,0.685,0,34.24,55.212,3350.155
54069001500,1681.54,0,79.38,56.7,109.004,0,0,0,0,81.9,0,98.417,6.613,77.007,52.626,32.849,8.132,16.243,56.893,7.259,0,0,6.1,0,0,0,31.197,4.63,36.166,1.498,0,27.744,0,2471.898
54069001600,1270.54,0,51.03,113.4,32.06,89.768,0,0,10.827,135.8,196.666,41.225,0,22.01,76.202,4.173,0,85.87,18.905,0,0,0,5.2,0,0.607,0,11.75,1.89,41.121,0,0,13.255,0,2222.299
54069001700,1314.74,0,0,34.02,0,12.824,0,0,5.165,2.1,0,8.407,21.423,5.841,42.991,0,0,13.91,0,0,0,0,2.24,1.9,0,0,4.191,1.921,12.626,3.207,0,40.232,0,1527.738
54069001800,3170.11,89.112,179.55,45.36,70.532,38.472,0,68.7,208.863,4.5,11.021,242.126,478.275,194.765,182.806,11.128,0,79.418,143.576,0,0,49.737,16.938,0,99.678,0,36.765,30.024,146.162,10.591,9.804,59.082,0,5677.096
54069001901,1768.98,7.896,43.47,11.34,6.412,51.296,0,0,15.622,0,0,21.614,1.498,12.83,47.033,3.424,0,3.746,12.306,0,0,6,3.792,0,1.821,0,1,1,29.639,0,0,7.169,0,2057.888
54069002000,3089.91,186.12,0,56.7,76.944,51.296,0,0,0,26.6,0,26.368,5.457,8.763,76.625,0,0,6.793,49.702,0,0,4.257,1.4,0,0,1.1,20.751,7.719,42.137,10.7,0,1.699,0,3751.041
54069002100,2046.73,137.616,11.34,41.58,44.884,0,0,0,8.56,441.6,0,31.533,17.655,7.468,15.991,0,0,2.033,12.177,0,0,63.94,38,0,60.705,0,9.6,18.029,22.042,3.847,8.132,18.435,44.833,3106.73
54069002200,1390.17,294.408,13.23,11.34,32.06,12.824,0,0,26.75,2.6,0,36.281,34.391,41.601,31.429,0,0,0,1.216,0,0,5.4,9.6,0,0,0,12.884,5.545,5.778,1.923,0,0,0,1969.43
54069002600,1073.09,98.136,171.99,94.5,83.356,38.472,0,137.4,5.243,0,0,297.406,355.657,159.147,205.83,15.861,392.69,69.957,63.673,20.758,0,70.9,15.647,79.974,31.5,0,73.098,7.5,84.585,8.881,0,25.359,0,3680.61
54069002700,272.034,0,102.06,60.48,12.824,12.824,31.144,206.1,18.938,148,0,252.214,150.23,272.83,422.526,25.908,14.873,100.682,209.527,3.745,0,207.3,80.546,15,24.606,0,51.452,2.688,108.317,119.154,0,60.815,0,2986.817
54071970400,1505.71,234.624,9.45,0,0,0,0,0,15.194,14.7,0,14.231,20.094,7.254,9.202,2.889,0,0,11.556,0,0,0,4.2,0,8.9,0,6.97,18.601,0,9.522,14.121,2.831,0,1910.049
54071970500,2961.42,499.704,28.35,49.14,12.824,0,0,0,8.988,67.2,50.076,103.196,27.542,43.399,38.945,12.519,0,18.094,28.179,0,0,90.59,504.796,7,0,0,18.641,55.981,64.628,18.398,17.528,45.261,0,4772.399
54071970600,1475.23,411.72,56.7,22.68,32.06,0,0,0,4.922,63.2,0,32.405,11.921,14.702,25.017,0,0,0,9.009,0,0,3.398,7.446,0,0,0,9.43,17.141,4.601,4.815,0,9.095,0,2215.492
54073962100,1675.35,356.448,11.34,0,19.236,12.824,0,0,1.038,55.8,0,121.183,34.818,11.449,40.103,2.461,0,8.56,9.416,0,0,2.48,1.5,59.1,1.214,0,3022.22,5.28,10.486,17.762,18.075,5.564,0,5503.708
54073962200,2305.05,369.984,73.71,26.46,70.532,0,31.144,0,10.592,45.5,28.89,67.369,23.819,61.022,87.49,21.295,0,19.004,25.506,0,0,14.4,7.947,153.2,14.6,0,18.546,1.469,89.867,22.147,0,73.37,0,3662.913
54075960101,1429.51,265.08,0,0,0,0,0,0,9.523,0,0,5.104,7.49,9.373,64.842,3.317,0,4.063,3.852,0,0,3.7,0,0,0,0,3.37,4.699,9.416,0.962,0,19.367,0,1843.668
54075960102,1469.14,252.672,49.14,71.82,198.772,12.824,249.152,1030.5,29.853,0,0,18.555,5.2,17.227,3.317,0,0,6.206,48.899,0,0,13.238,0,0,0,0,13.1,6.63,10.7,34.532,8.473,5.671,0,3555.621
54075960200,3517.87,626.04,71.82,45.36,44.884,12.824,0,0,171.402,50.4,20.972,178.091,88.727,94.662,88.849,19.963,0,24.721,47.599,0,0,15.208,0,0,0,0,35.127,15.569,121.015,14.109,6.099,44.512,10.378,5366.201
54075960300,1936.15,509.856,3.78,7.56,0,0,0,0,16.069,24.6,0,15.376,2.568,14.53,17.173,0,27.82,12.091,3.98,0,0,1.2,0,0,0,0,11.12,11.78,14.552,13.791,1.926,0,0,2645.923
54077963800,2973.04,268.464,0,7.56,51.296,0,0,0,8.988,208.6,0,121.991,62.232,85.589,84.679,9.202,0,7.035,26.789,0,0,28,5,0,3.06,0,47.4,14.349,21.86,0,33.891,46.574,0,4115.599
54077963900,1863.95,480.528,35.91,22.68,32.06,12.824,0,0,0,0,17.655,66.144,41.912,22.577,26.914,2.629,0,8.517,1.284,0,0,15,4.9,7.2,62.3,0,9.99,3.47,9.63,3.957,7.908,17.334,0,2777.273
54077964000,2305.62,223.344,0,79.38,128.24,12.824,0,0,8.56,100.1,14.552,214.324,65.421,98.359,128.094,13.161,180.509,52.567,81.106,1.391,0,19.338,12,0,87.77,0,25.01,5.2,68.094,42.367,6.45,86.853,0,4060.634
54077964100,3727.42,258.312,24.57,30.24,0,0,0,0,33.715,86.8,0,44.373,7.041,18.499,17.093,4.173,30.495,1.396,8.076,0,0,19.528,2.838,2,3.9,0,19.447,14.978,14.83,0,0,13.161,0,4382.885
54077964200,2325.24,298.92,34.02,45.36,76.944,0,0,0,11.128,0.5,0,69.92,20.053,66.408,34.386,0,0,5.671,19.354,0,0,16.819,65.021,0,0,0,150.15,37.75,11.555,5.131,9.602,13.375,0,3317.307
54077964300,2228.95,472.632,0,26.46,6.412,0,31.144,0,0,2,16.799,67.284,98.312,49.358,50.738,9.201,26.108,11.695,14.017,0,0,32.358,3.093,2.2,32.126,0,17.563,3.799,12.626,1.924,0,12.519,0,3229.318
54077964400,1710.21,368.856,3.78,0,6.412,0,0,0,0,0,0,10.394,4.591,3.852,15.961,0,0,15.408,0.824,0,0,0,1.4,0,6.8,0,11.66,16.19,2.932,3.207,0.565,10.856,0,2193.898
54077964500,1525.52,383.52,18.9,18.9,0,0,0,0,0,0,0,32.694,90.49,13.589,55.116,0,0,2.889,12.23,0,0,60.361,4.692,0,0,0,21.13,15.718,10.871,7.376,0,19.463,0,2293.459
54079020100,2839.78,739.968,0,7.56,0,25.648,0,0,0,0,0,22.852,2.312,6.911,24.858,3.852,0,3.745,0,0,0,3.808,4,4.166,0,0,8.19,6.09,13.054,4.489,10.379,6.742,0,3738.404
54079020200,2684.34,763.656,1.89,37.8,12.824,0,0,0,1.722,8.4,0,88.747,131.171,31.104,38.304,9.523,3.317,5.886,23.455,0,0,12.2,18.038,0,0,0,41.676,19.884,33.641,9.516,0.565,146.484,0,4124.143
54079020300,2767.97,432.024,0,0,0,0,0,0,8.881,0,0,95.001,71.84,23.474,1111.96,0,0,12.086,10.154,0,0,11.713,30.2,0,0.99,0,37.116,6.47,43.463,1.603,0,0.567,0,4665.513
54079020400,3838.38,368.856,0,45.36,6.412,64.12,31.144,0,47.899,7.7,0,118.473,67.73,50.039,128.371,10.915,0,23.007,58.07,0,0,32.6,27.558,11.042,0,0,56.587,27.283,83.074,20.115,2.568,71.369,0,5198.673
54079020500,3110.1,591.072,26.46,102.06,19.236,25.648,0,0,3.638,7.7,0,144.143,618.118,46.331,201.309,7.704,0,8.59,45.981,0,0,165.301,361.817,144.598,4.2,0,101.291,9.998,35.887,193.686,0,54.388,10.914,6040.171
54079020601,3484.24,148.896,51.03,34.02,76.944,0,31.144,0,17.548,39.9,0,245.484,158.446,65.374,182.426,11.021,0,44.191,51.209,0,0,15.401,18.65,17,11.714,30,142.826,25.924,110.466,4.169,0,22.653,0,5040.675
54079020603,4253.67,327.12,71.82,52.92,51.296,64.12,0,0,0,2.8,0,101.8,158.147,78.365,79.099,115.667,0,24.476,39.698,1.391,0,21.465,18.392,0,0,0,44.685,10.2,115.516,0,25.441,70.986,0,5729.074
54079020604,1596.39,21.432,0,37.8,0,179.536,0,0,6.955,9.8,0,52.199,32.42,22.909,90.52,1.391,0,39.014,12.091,0,0,17.4,0.947,5.1,1.214,0,17.782,7.8,13.245,10.593,0,23.438,0,2199.977
54079020605,4993,81.216,0,75.6,185.948,12.824,0,0,25.145,81.2,25.252,138.64,124.06,72.252,214.371,0,51.36,76.108,117.619,1.284,0,23.919,13.675,2.099,0,0,97.679,12.48,85.707,29.329,4.601,6.42,0,6551.789
54079020700,2356.2,448.944,7.56,0,0,0,0,0,0,0,0,30.158,47.081,39.444,22.382,0,0,0,5.671,0,0,5.099,1.9,10.416,0,0,27.499,4.3,0,0,0,0,0,3006.654
54081000200,2214.85,102.648,85.05,117.18,102.592,38.472,0,0,5.885,57.8,0,162.656,111.133,164.182,279.494,50.264,26.109,33.576,49.975,12.519,0,2.4,26.45,5.498,19.53,0,45.343,13.949,171.049,126.474,10.057,83.246,0,4118.381
54081000300,2668.62,133.104,5.67,15.12,57.708,25.648,0,68.7,5.564,18.9,7.062,89.614,40.751,96.686,87.176,0,29.854,71,53.016,36.786,0,18.1,12.2,0,1.799,0,55.305,12.191,88.231,7.64,0,36.059,0,3742.504
54081000400,1979.68,60.912,32.13,105.84,32.06,0,31.144,0,35.31,218.9,6.527,90.907,22.47,37.255,35.162,0,32.956,38.199,36.88,0,0,0,31.599,0,1.5,0,15.475,0,73.155,10.7,0,9.661,71.369,3009.791
54081000500,2465.74,244.776,41.58,37.8,12.824,89.768,155.72,206.1,0,1.7,0,225.142,85.196,44.069,95.875,11.431,0,38.435,91.527,0,0,22.5,6.9,55,19.426,0,33.096,3.6,55.576,1.818,0,11.467,0,4057.067
54081000600,2319.15,166.944,71.82,41.58,0,76.944,62.288,68.7,109.635,0.6,0,186.572,109.87,65.342,97.851,4.494,247.169,145.221,87.44,5.35,0,6.338,19.446,26.7,7.8,0,35.863,11.698,34.41,5.775,0,30.676,0,4045.676
54081000700,2043.68,136.488,0,15.12,0,0,0,0,0,7.7,0,108.909,85.793,28.088,40.216,0,0,0,12.896,0,0,3.3,0,0,13,0,38.5,6.858,32.207,15.824,0,22.501,0,2611.08
54081000802,2480.41,311.328,26.46,0,12.824,12.824,0,0,23.219,222.4,0,106.985,161.593,85.236,96.895,13.671,0,8.346,44.524,2.568,0,16.7,31.546,14.1,12.3,0,80.338,17.619,189.518,43.108,1.391,32.452,19.581,4067.936
54081000803,2122.17,609.12,62.37,22.68,0,0,0,0,38.092,0,0,37.237,14.276,65.73,39.534,1.577,0,8.212,21.157,0,0,3,4.999,0,0,0,9.552,10.829,34.134,3.848,0,24.866,0,3133.383
54081000804,2877.69,823.44,34.02,0,70.532,0,0,0,5.029,91.7,11.235,117.997,50.976,21.291,58.955,5.885,0,12.358,49.755,0,0,28.1,0,6.6,10.07,0,71.362,11.989,24.803,3.636,0,32.504,0,4419.927
54081000900,3781.62,507.6,0,0,0,0,0,0,42.265,3.5,0,65.683,7.811,17.525,32.234,0,0,7.276,27.799,0,0,47.51,7.6,1.8,6.901,0,25.527,14.74,47.188,4.808,9.602,28.461,0,4687.45
54081001001,2748.53,588.816,13.23,49.14,0,12.824,0,0,0,0,0,69.871,38.926,146.619,33.59,3.959,0,6.527,4.142,0,0,9.8,13.3,0.92,0,0,15.24,6.078,22.898,1.603,0,0,0,3786.013
54081001002,1746.5,244.776,7.56,7.56,76.944,25.648,31.144,0,5.35,0,0,154.369,42.888,21.601,61.944,4.494,0,17.943,80.134,0,0,37.8,2.5,2.083,2.8,0,20.739,0,45.967,11.126,5.778,48.257,0,2705.906
54081001100,3094.48,755.76,35.91,0,0,0,0,0,3.443,16.8,0,62.806,53.362,46.417,83.944,3.959,0,3.317,25.149,0,0,45.188,8.5,0,13.355,0,26.135,15.649,31.351,5.774,27.729,46.224,0,4405.251
54081001200,2698.62,427.512,0,0,0,0,0,0,21.186,0,0,48.187,13.417,28.504,39.542,19.367,0,27.23,3.646,0,0,4,0,0,26.649,0,10.589,19.525,46.118,9.198,7.384,59.031,0,3509.705
54081001300,2643.76,457.968,39.69,0,89.768,51.296,0,0,75.328,106.4,0,160.96,218.28,100.172,178.481,6.313,0,58.102,112.336,0,0,15.656,28.3,6.225,23.06,0,58.623,17.988,64.62,21.226,11.235,13.316,2.996,4562.099
54081001400,2629.47,223.344,49.14,185.22,160.3,0,0,0,55.64,86.2,0,479.954,123.846,71.845,143.916,9.736,0,8.346,60.999,12.733,0,44.538,10.101,0,14.3,0,42.202,17.72,48.47,41.692,18.405,25.99,21.935,4586.042
54081001500,2218.75,413.976,20.79,37.8,38.472,0,0,0,0,72.1,24.502,261.036,207.892,98.169,104.438,4.387,0,97.78,38.799,31.672,0,43.226,27.746,16.7,15.6,0,133.199,8.296,38.521,60.303,0,48.403,0,4062.558
54083965900,2332.39,407.208,0,0,0,0,0,0,7.062,34.4,0,98.318,45.048,11.138,12.338,0,0,2.675,8.457,0,0,17.096,1.8,0,0,0,17.216,12.5,36.614,4.49,9.038,16.478,0,3074.266
54083966000,2077.59,249.288,105.84,26.46,12.824,128.24,31.144,68.7,40.125,188.3,59.064,292.192,164.352,98.995,101.799,3.959,0,31.597,29.179,2.452,0,118.197,3.746,34.901,17.1,0,71.325,16.151,62.915,118.742,0,45.198,0,4200.375
54083966100,1714.88,129.72,105.84,185.22,102.592,64.12,0,0,54.288,148,2.889,345.874,130.289,120.703,184.946,51.681,0,115.319,66.652,1.498,0,3.7,26.7,0,0,0,27.722,3.5,239.852,23.499,30.459,23.465,30.923,3934.331
54083966200,2239.8,271.848,0,22.68,51.296,0,0,0,1.722,5.9,0,24.103,15.473,19.592,55.834,0,0,7.721,8.93,0,0,13.1,0.946,3.001,0,0,16.898,3.53,20.491,26.363,0,71.369,0,2880.596
54083966300,2421.16,488.424,13.23,0,6.412,0,0,0,0,0,0,45.737,9.812,12.283,13.33,2.14,0,1.498,5.349,0,0,6.11,0.946,0,0,0,23.161,16.41,9.758,4.81,2.259,23.219,0,3106.048
54083966400,3150.87,635.064,9.45,64.26,57.708,51.296,0,0,17.655,69.3,37.494,323.636,25.255,36.498,69.84,2.354,0,18.511,43.125,0,0,216.4,0,0,0,0,28.539,16.067,11.428,7.381,18.641,10.208,0,4920.98
54083966500,2281.43,472.632,13.23,41.58,19.236,0,0,0,33.386,113.5,0,15.729,33.074,12.84,21.925,0,0,8.71,7.387,0,0,28.45,0,0,0.931,0,8,10.89,83.755,9.948,4.066,31.458,0,3252.157
54085962300,2526.22,307.944,37.8,11.34,44.884,0,0,0,10.057,0,0,99.4,36.048,55.648,32.04,11.11,0,16.741,27.182,0,0,137.632,179.423,5.3,38.207,0,13.368,5.819,23.967,13.907,11.297,64.469,0,3709.803
54085962400,2670.05,461.352,32.13,3.78,0,0,0,0,0,0,1.497,6.755,4.493,12.412,6.545,4.494,0,0,2.889,0,0,0.54,1.1,0,5.021,0,11.36,3.4,5.596,12.506,11.297,0,0,3257.217
54085962500,1725.55,335.016,41.58,18.9,57.708,0,0,0,11.468,74.2,16.585,94.862,28.036,37.877,65.942,10.486,0,13.966,16.059,0,0,90.5,52.915,0,5.957,0,13.426,9.898,45.55,30.383,0,42.48,0,2839.344
54087962800,1435.61,363.216,0,0,0,0,0,0,0,2.1,0,23.676,1.927,9.585,5.612,0,0,0,0,0,0,25.399,1.4,0,1,0,9.47,1.1,7.49,1.283,0,5.136,0,1894.004
54087962900,2773.87,456.84,0,0,0,0,0,0,20.33,0,3.317,38.367,11.737,13.256,41.113,11.77,0,4.491,9.309,0,0,5.758,3.9,0,29.8,0,31.11,17.66,19.326,3.527,29.938,36.337,0,3561.756
54087963000,1857.57,278.616,58.59,90.72,70.532,0,62.288,0,6.955,66.5,15.836,376.608,107.452,68.083,113.011,27.713,109.14,23.569,52.319,0,0,26,51.192,15.623,25.17,0,19.738,5.7,88.136,9.22,2.491,19.933,0,3648.705
54087963100,2314.96,503.088,7.56,0,0,0,0,0,15.943,0,0,11.754,11.985,5.639,5.646,4.601,0,1.523,7.811,0,0,12.5,3.7,0,3.214,0,15.753,2.67,9.052,1.603,0,14.766,0,2953.768
54089000500,2107.69,191.76,71.82,26.46,0,0,0,0,2.996,0,0,10.7,11.449,12.166,28.934,0,0,0,10.592,0,0,1.22,2.79,0,0,0,9.485,4.7,36.486,8.238,0.564,17.227,0,2555.277
54089000600,3359.28,770.424,0,11.34,6.412,0,31.144,0,53.162,253.8,37.451,46.907,5.308,10.905,54.146,0.77,24.61,21.785,28.964,0,0,7.05,7.099,6.249,1.001,0,11.89,12.659,34.561,14.75,22.612,23.112,0,4857.391
54089000700,876.109,46.248,15.12,128.52,12.824,25.648,0,68.7,1.722,0,0,104.661,44.449,85.735,79.838,11.663,0,43.054,23.51,0,0,21.389,5.784,0.2,1.1,0,6.652,0,34.486,4.494,0,19.26,0,1661.166
54089000800,2577.08,376.752,0,0,25.648,0,0,0,2.997,2.1,5.243,21.704,16.157,11.833,11.45,0,0,10.966,26.082,0,0,0,4.099,0,0,0,7.361,16.14,12.947,52.27,0,11.663,0,3192.492
54091964600,2873.5,275.232,9.45,90.72,25.648,38.472,93.432,137.4,10.7,53.2,16.821,227.227,96.74,102.899,75.984,6.099,49.22,36.27,74.442,1.391,0,52.719,80.7,83.3,1.8,0,48.41,9.34,98.568,77.553,11.128,33.95,0,4792.315
54091964700,2685.48,323.736,0,64.26,38.472,12.824,31.144,0,0,0,0,0,0,0,0,0,0,0,0,0,0,0,0,0,0,0,0,0,0,0,0,0,0,3155.916
54091964800,2530.03,350.808,69.93,7.56,12.824,38.472,0,0,0,83.1,15.836,50.962,9.737,22.148,19.147,0,0,6.848,1.823,0,0,1.5,106.4,0,0,0,19.121,1,27.306,3.422,5.992,22.898,0,3406.864
54091964900,1291.21,129.72,0,0,0,0,0,0,0,0,0,7.092,1.156,2.534,1.498,3.317,0,2.465,7.358,0,0,5.2,0,0,0,0,3.67,11.69,5.885,1.282,0,2.461,0,1476.538
54093965200,1559.05,192.888,13.23,3.78,12.824,0,0,0,3.21,65.1,4.708,17.256,34.239,18.147,40.116,6.848,0,5.564,21.293,0,0,8.057,2.2,44.8,1.3,0,26.29,3.949,47.014,8.559,1.498,10.7,0,2152.62
54093965300,3234.59,230.112,37.8,22.68,96.18,0,0,0,125.949,4.9,0,55.534,23.638,32.068,50.694,8.667,0,2.033,48.654,0,0,115.9,0,0,2.8,0,41.187,2.799,27.498,14.016,14.121,16.157,0,4207.977
54093965400,1735.84,257.184,34.02,49.14,25.648,0,31.144,0,0,0,3.638,51.872,18.297,34.754,39.059,0,24.396,16.253,25.984,0,0,2,11.092,0,0,0,20.514,6.493,43.121,13.371,20.335,59.385,1.177,2524.717
54095961800,2109.22,134.232,20.79,11.34,25.648,0,0,0,4.922,42.7,23.968,59.326,30.922,28.152,142.255,14.338,38.52,10.474,25.398,0,0,29.166,109.397,0,0,0,18.884,4.897,79.008,8.987,0,14.338,0,2986.882
54095961900,2619.18,323.736,17.01,7.56,44.884,0,0,0,22.898,4.2,2.461,37.985,33.086,33.584,48.921,8.561,0,6.203,7.309,0,0,12.032,1.1,363.999,100.001,0,13.553,20.14,43.078,18.507,0,229.44,0,4019.428
54095962000,1641.35,297.792,7.56,0,0,0,0,0,0,0,0,5.992,8.648,5.339,2.975,0,0,1.523,3.531,0,0,23.9,0.946,0,1.8,0,10.03,1.698,0,1.924,7.908,0,0,2022.916
54097966600,2266,548.208,0,15.12,0,0,0,0,18.774,21,28.805,199.783,221.706,76.417,143.326,9.416,0,35.459,39.494,0,0,322.507,45.1,1.042,59.4,0,46.202,19.118,75.136,21.934,0,124.014,0,4337.961
54097966700,1362.46,145.512,103.95,83.16,19.236,12.824,0,0,72.546,435.2,0,133.071,15.365,126.176,106.982,27.383,90.95,97.991,74.053,3.852,0,9.403,26.783,0,6.249,0,34.497,0.63,96.471,69.633,11.128,36.069,0,3201.574
54097966800,1522.29,331.632,54.81,64.26,57.708,64.12,0,68.7,5.136,74.2,52.281,110.208,61.217,57.232,40.749,0,0,8.927,28.294,0,0,6.2,0,0,18.13,5,25.8,9.9,29.211,5.451,0,0.566,0,2702.021
54097966900,1853.09,238.008,39.69,26.46,0,0,62.288,0,16.585,0,0,53.435,32.1,21.258,45.298,0,0,4.28,62.189,0,0,5.4,5,0,199.53,0,17.761,1.3,17.184,9.095,0,16.541,0,2726.492
54097967000,2910.08,566.256,0,15.12,0,0,31.144,0,8.453,0,0,69.427,27.927,16.134,15.427,0,0,7.918,6.217,1.226,0,13.36,1.9,0,1.94,0,9.5,11.83,9.052,11.544,11.77,22.287,0,3768.512
54097967100,2566.13,587.688,0,0,0,0,0,0,0,0,0,4.432,1.07,3.626,1.926,0,0,0,0.749,0,0,3.45,0,0,0.86,0,16.461,2.4,0,1.924,9.038,17.555,0,3217.309
54099005100,1380.74,0,0,15.12,25.648,76.944,0,0,0,0,0,26.17,56.71,6.773,17.502,0,0,9.31,3.603,1.498,0,0,0,0,0,0,7.72,0,20.33,0,0,1.006,0,1649.074
54099005200,1324.36,64.296,35.91,11.34,6.412,12.824,0,0,0,0,0,54.936,31.337,52.151,22.994,6.527,1.819,2.247,8.847,0,0,7,1,3.125,0,0,5.382,2.549,26.75,0,0,25.038,0,1706.844
54099020100,1289.11,169.2,0,15.12,57.708,12.824,0,0,1.722,0,0,8.037,38.799,43.356,24.236,1.391,0,4.651,16.264,0,0,0.999,0,0,1.701,0,11,0,57.457,0.706,0,31.672,0,1785.953
54099020300,2499.07,252.672,34.02,94.5,121.828,102.592,31.144,68.7,2.996,90.1,2.461,175.839,129.193,109.797,84.241,13.376,0,36.807,64.711,1.391,0,33.2,129.692,16.942,9.528,0,20.987,15.702,156.647,36.268,73.432,51.939,0,4459.775
54099020400,3486.53,322.608,0,7.56,38.472,38.472,0,0,0,10.5,4.815,59.321,43.872,24.375,108.909,4.28,0,1.926,28.52,0,0,7.738,11.5,0,0,0.784,29.284,6.05,30.397,21.399,0,13.727,0,4301.039
54099020500,2588.32,478.272,0,30.24,109.004,0,0,0,0,52.5,1.959,110.87,282.022,71.391,72.116,5.671,0,32.206,50.564,0,0,11.219,14.546,41.041,4.914,0,33.357,27.843,42.586,25.359,15.836,22.256,0,4124.092
54099020600,2762.25,453.456,17.01,7.56,6.412,0,0,0,0,0,0,109.842,9.844,76.29,55.759,10.7,0,20.116,32.993,0,0,8.9,0.6,0,0,0,24.778,3.2,39.612,14.118,4.708,57.529,0,3715.677
54099020700,1962.82,540.312,0,0,0,0,0,0,0,1.1,16.479,17.93,175.057,7.575,15.301,0,0,11.258,4.173,0,0,231.618,64.9,0,2.899,0,8.896,3.66,7.597,2.14,24.289,9.202,0,3107.205
54099020800,1788.22,741.096,11.34,22.68,0,12.824,0,0,0,0,0,27.284,40.148,19.558,14.874,4.494,0,1.523,5.265,0,0,0,2.4,0,0,0,9.7,3,34.197,2.245,16.946,45.26,0,2803.054
54099020900,1426.65,469.248,17.01,0,6.412,0,0,0,0,0,0,18.724,2.247,7.479,7.13,0,0,0,0,0,0,2.2,3.4,0,18,0,1.4,3.547,13.482,4.169,14.686,42.372,0,2058.156
54099021000,1323.5,661.008,0,15.12,0,0,0,0,0,0,0,11.663,1.239,11.888,4.173,0,0,0,2.247,0,0,0,0,0,0,0,1.9,1,3.21,0.962,0,19.26,0,2057.17
54101970100,3103.25,499.704,0,18.9,44.884,0,0,0,0,40.6,0,19.963,20.758,11.459,12.127,0,0,55.585,5.85,0,0,59.175,1.2,1,2.399,0,9.614,0.89,10.379,7.695,4.519,27.606,0,3957.557
54101970200,1506.85,291.024,9.45,22.68,76.944,12.824,31.144,0,9.63,0,0,79.256,35.492,34.708,57.595,5.136,0,13.375,10.486,0,0,45.371,8,0,0,0,12.81,0,62.916,20.214,22.594,28.462,0,2396.961
54101970300,1229.87,411.72,5.67,15.12,32.06,0,0,0,2.996,0,0,26.764,11.342,7.661,11.692,3.317,0,15.836,2.568,0,0,3,0.946,0,3,0,7.19,0,12.412,0.962,0,13.375,0,1817.501
54103004900,1844.14,228.984,66.15,22.68,44.884,76.944,62.288,68.7,23.432,82.6,23.968,249.34,78.026,70.567,62.604,12.412,52.109,49.327,59.899,5.885,0,19.238,11.13,0,0,0,23.561,3.39,58.464,14.124,0,17.163,1.926,3333.935
54103030400,2003.87,188.376,52.92,34.02,0,0,0,0,0,0,0,43.438,39.911,13.066,13.621,10.609,0,0,14.551,0,0,0,0,0,22.8,0,10.37,7.14,28.783,3.848,18.075,11.342,0,2516.74
54103030500,2420.21,516.624,7.56,3.78,32.06,0,0,0,0,0,0,30.45,5.49,10.42,64.221,2.889,0,8.123,5.318,0,0,7.63,4,0,1.6,0,8.81,1.1,18.361,7.487,15.38,36.808,0,3208.321
54103030700,2728.53,160.176,102.06,90.72,6.412,12.824,0,0,22.149,0,0,179.773,49.909,79.082,196.305,13.571,0,18.242,86.846,0,0,14.738,78.146,241.3,10,0,90.633,11.349,80.378,26.212,37.504,70.984,6.313,4414.156
54103030800,931.069,98.136,7.56,0,0,0,0,0,0,4.2,0,20.437,0,11.235,12.32,0,0,2.675,0,0,0,0,0,0,0,0,2.73,2.3,5.778,0,0,0,0,1098.44
54105030101,1867.95,510.984,15.12,37.8,32.06,25.648,0,0,1.07,0,0,97.093,17.217,52.87,44.149,8.452,0,8.089,9.065,0,0,15.219,7.2,1.6,2.921,0,11.183,14.176,39.269,23.286,2.782,62.449,0,2907.652
54105030102,1481.42,603.48,0,0,0,0,0,0,0,0,0,0,0,0,4.708,0,0,0,0,0,0,0.95,0,0,0,0,0,0,4.601,0,0,0,0,2095.159
54107000100,2187.61,59.784,45.36,26.46,218.008,12.824,0,0,12.053,0,5.136,89.445,35.739,44.627,82.593,13.803,0,52.71,77.828,0,0,14.794,9.1,0,1.701,0,29.876,5.598,41.686,0,0,42.894,0,3109.629
54107000300,1572.2,0,79.38,34.02,25.648,89.768,0,68.7,0,104.3,36.38,60.314,19.046,45.323,50.066,6.528,0,35.763,33.705,0,0,5.1,3.099,0,3.3,0,11.695,12.789,49.733,41.088,0,59.555,0,2447.5
54107000400,1497.81,0,69.93,15.12,57.708,0,62.288,0,0,0,12.84,28.569,12.84,33.807,41.58,0,0,0,41.409,0,0,6.3,1.2,0,1.101,0,6.346,2.21,7.062,0,0,12.946,0,1911.066
54107000500,2653.28,18.048,211.68,75.6,19.236,51.296,0,0,0,6.3,7.169,149.46,24.89,90.032,78.781,0,486.208,103.499,22.91,0,0,8.494,16.7,0,0,0,35.387,2.499,151.564,4.173,5.671,45.613,0,4268.489
54107000701,1124.14,3.384,111.51,120.96,96.18,115.416,62.288,68.7,8.677,27.3,0,183.751,297.433,79.6,110.189,0,0,39.642,80.489,0,0,61.875,33.726,183.9,0,0,66.546,1.2,77.073,32.1,0,31.136,0,3017.215
54107000702,1146.33,0,18.9,0,32.06,0,0,0,0,0,6.313,91.858,13.268,31.417,16.829,13.055,0,34.668,21.156,0,0,30,3.1,0,3.1,0,12.899,1.2,24.503,2.354,0,12.947,0,1515.957
54107000801,841.248,53.016,56.7,41.58,0,0,0,0,0.014,0,0,14.654,13.568,16.707,16.961,6.741,0,0.023,5.778,0,0,0,4.089,6.7,3.101,0,3.661,0.94,72.029,0,0,3.262,0,1160.772
54107000802,1882.33,259.44,15.12,15.12,12.824,0,0,0,28.034,0,0,164.236,176.978,66.716,106.456,9.844,0,7.701,86.635,1.498,0,70.6,5.21,4.9,3.7,0,55.829,5.539,90.736,10.688,3.531,78.965,2.689,3165.32
54107000901,801.624,60.912,51.03,45.36,19.236,0,0,0,1.59,0,0,180.824,92.555,29.9,30.13,2.629,0,31.544,26.75,0,0,1,1.1,5.3,0,0,5.046,5.093,45.393,7.489,10.701,51.415,0,1506.621
54107000902,641.604,84.6,18.9,86.94,44.884,0,0,0,0,79.9,20.437,21.828,7.663,28.205,12.957,0,0,5.456,6.848,0,0,0,0,0,0,0,0.661,0.6,46.545,8.016,0,3.103,0,1119.147
54107000903,2228.56,0,9.45,192.78,102.592,64.12,62.288,68.7,12.442,49.7,24.823,167.777,36.898,53.255,141.716,28.644,0,28.248,45.764,0,0,9.4,7.702,0,0,0,16.63,4.239,35.738,6.631,0,28.034,0,3426.131
54107010101,1209.58,77.832,0,37.8,6.412,0,0,0,0,0,0,18.57,28.033,20.544,12.192,0,0,4.577,6.215,0,0,58,0,0,18,0,15.771,3.83,9.951,0,0,0,0,1527.307
54107010102,1164.91,0,0,11.34,64.12,0,0,0,6.635,0,0,55.836,420.468,15.579,43.033,1.819,0,3.21,8.346,0,0,17.998,41.4,0,1.7,0,17.34,3.395,22.042,0,0,59.463,0,1958.634
54107010200,1870.61,89.112,18.9,154.98,32.06,0,0,0,14.017,0,0,142.033,22.255,33.768,110.277,10.7,0,24.124,30.779,0,0,744.933,33.418,8.3,3,0,34.575,5.99,84.935,8.343,19.77,38.413,0,3535.292
54107010300,3010.66,39.48,34.02,41.58,141.064,25.648,0,0,6.44,14.7,7.811,117.43,64.211,21.022,75.777,0,0,13.01,39.822,1.391,0,19,0,2.1,19.628,0,27.461,3.53,25.081,1.07,0,40.66,0,3792.596
54107010400,1386.36,30.456,9.45,18.9,0,0,0,0,5.35,0,0,55.671,91.294,35.821,27.173,1.498,18.568,15.833,35.249,0,0,1.8,1.099,5,5.199,0,18.246,1.698,67.196,0,0,30.602,0,1862.463
54107010501,989.076,10.152,9.45,45.36,32.06,38.472,0,0,13.696,0,2.461,411.726,26.108,52.689,67.291,4.708,0,41.539,67.568,21.4,0,21.508,9.205,8.4,1.8,0,5.614,3.7,8.431,30.208,4.601,1.605,0,1928.828
54107010502,2103.02,131.976,35.91,139.86,83.356,230.832,31.144,137.4,18.618,104.1,0,231.698,26.455,50.952,147.632,3.959,52.506,54.624,95.989,0,0,2.618,5.692,0,1,0,21.665,7.471,37.771,2.567,0,12.839,35.417,3807.071
54107010601,2875.79,303.432,0,0,0,0,0,0,7.276,4.9,28.142,39.052,20.93,26.651,374.751,0,3.209,5.561,5.35,0,0,40.938,8,9.766,4.68,0,20.957,5.808,13.321,50.609,0,0,0,3849.123
54107010602,2307.24,328.248,0,41.58,25.648,0,0,0,193.455,29.2,33.17,39.162,513.259,18.413,41.133,1.052,0,8.016,69.763,0,0,2.43,0,16,1.8,0,29.442,10.949,31.629,1.07,6.206,61.125,0,3809.99
54107010701,3148.01,676.8,43.47,3.78,19.236,0,0,0,4.621,103.5,28.889,55.821,28.034,47.4,57.986,3.66,0,0.867,19.782,0,0,49.17,0.946,0,12.522,0,105.474,10.6,23.197,3.527,16.017,12.198,77.468,4552.975
54107010702,4315.49,816.672,5.67,71.82,64.12,76.944,0,0,23.005,0,0,131.866,131.311,54.191,72.594,11.235,0,12.519,50.792,0,0,120.4,6.8,7.7,1.821,0,47.207,22.7,23.005,3.527,13.556,17.227,0,6102.172
54107010800,1572.77,395.928,0,0,0,0,0,0,0,0,0,11.892,1.07,10.486,26.45,0,0,0,22.47,0,0,0,2.2,0,0,0,7.682,13.33,11.555,1.925,0,0,0,2077.758
54107010901,2911.22,164.688,0,7.56,38.472,38.472,31.144,0,0,0,0,31.963,90.459,20.653,70.795,0,0,4.066,30.282,0,0,27,39.381,26.4,55,0,32.152,13.839,44.597,3.848,0,0,0,3681.991
54107010902,1870.33,258.312,24.57,102.06,166.712,64.12,0,0,32.636,0,0,25.371,13.449,5.862,63.899,1.926,0,2.782,0.608,0,0,9.2,1.82,0,22.914,0,23.619,0,28.141,0.963,0,0,0,2719.294
54107011000,1505.33,64.296,68.04,71.82,147.476,128.24,93.432,68.7,24.396,91,54.96,405.278,208.555,177.692,515.616,156.97,224.699,130.76,156.208,7.629,0,28.125,37.846,939.798,16.428,32.001,67.153,32.254,223.105,201.586,57.031,28.373,0,5964.796
54109002800,1117.85,508.728,15.12,0,19.236,0,0,0,1.07,0,0,9.095,6.848,21.527,7.919,0,0,1.712,3.039,0,0,0,2.838,0,0,0,4.357,0,0,1.923,0,16.989,0,1738.251
54109002901,2052.83,699.36,3.78,0,0,0,0,0,0,0,0,71.616,22.322,24.225,38.824,10.379,0,4.922,26.634,0,0,17.021,3.4,0,3.7,0,8.71,1,58.315,4.751,11.7,26.964,0,3090.453
54109002902,1901.48,436.536,9.45,22.68,19.236,51.296,31.144,0,0,0,0,0,1.927,0,6.292,0,0,0,0,0,0,25.401,0,0,0,0,3.1,0,22.364,0.641,0,0,0,2531.547
54109003000,1277.87,374.496,37.8,0,0,0,0,0,0,0,0,25.358,16.031,13.491,28.568,0,0,2.031,11.791,0,0,4.255,0,0,6.301,0,1.985,0,42.157,1.924,11.862,22.897,0,1878.817
54109003100,2384.39,820.056,54.81,41.58,25.648,0,0,0,27.607,39.2,21.401,111.774,59.644,67.916,115.561,13.482,0,31.372,53.457,0,0,40.577,12.5,0,40.1,0,48.751,2,48.47,29.417,29.176,60.443,13.268,4192.6
54109003200,2705.1,515.496,35.91,71.82,19.236,12.824,0,0,0,0,22.852,83.318,29.427,14.176,48.802,11.129,0,15.301,22.158,0,0,104.7,0.24,8.6,11.399,0,17.715,2.249,63.087,16.354,14.121,25.573,0,3871.587

