Tract,RES1F,RES2F,RES3AF,RES3BF,RES3CF,RES3DF,RES3EF,RES3FF,RES4F,RES5F,RES6F,COM1F,COM2F,COM3F,COM4F,COM5F,COM6F,COM7F,COM8F,COM9F,COM10F,IND1F,IND2F,IND3F,IND4F,IND5F,IND6F,AGR1F,REL1F,GOV1F,GOV2F,EDU1F,EDU2F,TotalSqft
56001962700,1416.34,440.785,68.82,14.88,17.031,0,0,0,6.818,7.2,0,31.61,76.682,26.288,81.314,0.931,0,9.682,40.006,0,0,44.312,2.9,0,0,13.701,70.54,25.152,37.247,10.058,3.317,3.125,4.173,2452.912
56001962800,1276.37,391.035,119.04,100.44,28.385,79.478,0,0,1.819,0,0,90.369,29.907,63.471,37.972,3.21,0,1.712,20.565,0,0,6.1,6.5,0,0,0,18.215,3.421,3.537,16.371,0,13.375,0,2311.292
56001962900,614.295,442.775,14.88,7.44,0,0,0,0,146.911,0,0,10.952,15.408,21.273,41.642,0,0,0.856,26.626,0,0,1.5,11,4.6,0,0,17.471,0,2.996,0,0,9.331,0,1389.956
56001963000,527.06,139.3,63.24,267.84,181.664,90.832,55.148,0,31.352,14,0,130.066,91.652,85.4,53.716,8.774,2.354,7.854,65.484,0,0,15.831,19.3,0,0,0,59.125,4.234,10.165,4.067,0,3.638,1.926,1934.022
56001963100,3004.44,80.595,145.08,331.08,198.695,306.558,82.722,60.825,10.226,0,0,16.718,10.618,39.422,79.424,0,0,12.252,11.646,0,0,0,0,0,2.2,0,25.475,13.304,16.256,0,0,25.124,0,4472.661
56001963400,679.091,36.815,360.84,271.56,289.527,113.54,82.722,0,13.36,62.4,0,266.452,63.872,170.362,232.06,14.124,0,32.324,91.678,1.391,0,12.8,38.5,4.811,0,0,42.007,7.87,104.937,72.046,16.157,14.264,17.762,3113.272
56001963500,54.978,14.925,89.28,122.76,130.571,11.354,0,0,11.77,794.4,9.951,10.272,5.136,9.629,155.472,4.28,0,3.638,41.178,0,0,0,7.848,0,0,0,0.7,0,22.576,8.56,0,23.647,209.506,1742.431
56001963600,2319.17,83.58,238.08,133.92,124.894,34.062,82.722,0,6.099,51.8,20.865,65.317,5.029,67.446,96.835,10.7,0,16.559,38.499,12.412,0,2.336,12.244,0,3.4,0,29.756,9.866,90.099,0.732,0,104.86,17.788,3679.07
56001963700,2224.36,58.705,35.34,331.08,73.801,147.602,165.444,0,200.197,0,0,274.209,51.151,74.308,162.139,4.922,210.79,87.586,58.627,0,0,1.501,3.546,12.114,0.714,0,56.221,7.528,56.669,0.695,12.305,12.198,0,4323.752
56001963900,3095.69,241.785,9.3,7.44,0,0,0,0,57.967,0,0,40.132,31.446,24.439,69.947,0,0,0,31.101,1.094,0,17,29.101,3.7,2.214,0,28.833,82.3,19.056,17.79,14.519,6.014,16.478,3847.346
56003962600,1577.81,128.355,22.32,0,45.416,11.354,0,0,6.42,45.1,34.24,50.833,183.002,41.738,39.9,9.523,0,1.926,31.916,0,0,4.2,3.1,2.4,0,0,15.341,51.067,39.615,8.693,8.56,33.17,0,2395.999
56003962700,2073.46,168.155,53.94,40.92,0,0,0,0,70.238,0,4.494,101.613,76.902,58.627,99.802,15.087,0,3.973,55.364,0,0,22.2,15.601,0,29.67,0,32.954,90.31,44.496,26.773,5.05,40.35,0,3129.979
56003962800,2737.96,411.93,48.36,29.76,39.739,0,0,0,10.7,51.8,92.554,116.849,64.879,85.209,72.192,9.416,0,20.91,78.104,1.391,0,53.468,18.6,4,52.3,0,72.597,49.635,37.296,26.67,0,67.089,0,4253.407
56005000100,3748.04,825.85,93,48.36,17.031,22.708,275.74,60.825,15.301,0,0,60.531,136.446,59.129,79.477,2.14,0,8.165,38.353,0,0,6.967,6.899,20.111,102.824,0,56.861,59.501,16.681,16.72,6.311,60.776,0,5844.746
56005000200,2652.59,474.615,44.64,137.64,22.708,68.124,0,0,0,31.2,0,118.983,226.792,172.83,147.29,0,0,23.754,33.903,0,0,130.899,35.045,9.2,43.741,0,118.856,17.2,29.931,0,0,32.956,1.925,4574.822
56005000300,1559.11,673.615,74.4,133.92,73.801,34.062,193.018,0,89.345,6.3,0,309.517,86.246,90.192,212.89,8.881,0,11.021,103.006,16.05,0,2.1,13.099,18.861,72.077,0,33.753,8.412,24.559,25.808,0,20.352,0,3894.396
56005000400,1716.75,258.7,163.68,197.16,73.801,147.602,27.574,0,9.416,21,0,231.668,64.213,123.996,223.063,19.228,0,42.809,64.041,0,0,3.3,20.547,1.6,34.604,0,40.895,11.616,89.936,125.09,0,63.984,0.712,3776.985
56005000500,3270.07,130.345,48.36,148.8,34.062,0,0,0,5.029,10.7,4.922,41.107,85.989,12.352,56.337,0,0,5.362,17.441,0,0,11.17,4.3,0,11.725,0,40.174,9.204,17.869,4.066,15.943,38.371,0,4023.698
56005000600,1606.7,735.305,13.02,70.68,102.186,147.602,275.74,0,177.834,122.2,0,56.118,174.572,121.035,150.945,0,0,75.062,31.639,0,0,10.3,8,25.5,96.973,0,58.051,8.782,46.169,15.077,5.243,79.502,11.235,4225.47
56005000700,2205.01,1840.75,31.62,52.08,204.372,68.124,0,0,17.308,1.4,0,117.242,195.8,76.369,238.676,0,3.317,7.18,12.557,0,0,61.834,23.763,10.9,282.121,0,218.488,67.042,25.481,14.178,2.888,23.251,0,5801.751
56007967600,1371.74,204.97,0,0,0,0,0,0,5.35,67.1,1.498,32.56,38.875,15.901,44.346,0,0,2.782,23.433,2.996,0,7.8,0,3.2,24.5,0,11.652,26.756,10.97,52.63,0,8.667,0,1957.726
56007967700,1780.71,286.56,48.36,104.16,85.155,45.416,137.87,0,53.179,5.6,0,102.369,140.408,103.506,93.596,0,0,3.178,55.148,1.391,0,0,5.7,0,5.2,0,33.917,12.099,24.396,2.771,0,29.746,8.56,3168.995
56007967800,2590.79,126.365,40.92,137.64,79.478,45.416,55.148,0,81.061,34.3,8.453,152.976,46.097,79.808,91.605,27.285,83.46,27.927,59.074,0,0,0,11.793,0,1.8,0,19.207,6.25,76.408,38.903,6.527,7.276,0,3935.967
56007968000,3091.58,211.935,9.3,37.2,17.031,11.354,0,0,61.166,19.6,0,100.908,36.787,40.506,175.168,7.276,0,3.11,76.49,1.284,0,77.936,14.845,3.011,0,0,47.136,43.226,38.205,20.015,4.417,61.937,1.284,4212.708
56007968100,1438.96,148.255,11.16,26.04,5.677,0,0,0,17.333,0,0,25.45,2.086,17.457,8.387,2.354,0,3.531,26.859,0,0,13.27,2.8,3.3,14.151,0,0.702,23.185,13.706,11.435,0,31.779,0,1847.877
56009956400,2397.71,412.925,39.06,48.36,96.509,11.354,55.148,0,33.155,34.5,15.515,232.823,47.412,120.65,119.234,14.017,87.422,42.647,78.242,5.243,0,1.95,12.6,71,26.299,0,39.602,12.203,98.927,60.521,2.14,22.727,3.638,4243.533
56009956500,970.81,295.515,0,0,102.186,79.478,27.574,0,38.092,0,0,52.26,14.285,34.235,25.908,0,0,0,12.029,0,0,3.503,0,4.3,4.7,0,19.452,17.949,7.072,1.722,0,9.844,0,1720.914
56009956600,2055.5,317.405,0,0,0,0,0,0,51.459,0,0,79.776,56.133,19.335,121.189,0,2.354,19.512,43.331,0,0,18.603,11.999,12.4,67.55,0,68.897,97.631,32.829,7.736,5.35,61.512,0,3150.501
56009956700,1421.2,130.345,22.32,156.24,28.385,22.708,0,0,0,15.4,5.243,16.275,17.227,234.105,11.663,4.387,0,0,24.789,0,0,7.438,2.6,3.6,0,0,12.94,1.4,24.075,8.419,3.103,33.276,0,2207.138
56011950200,2314.5,657.695,7.44,14.88,22.708,11.354,0,0,37.84,0,0,77.251,49.289,25.443,49.86,4.921,40.125,6.878,28.267,0,0,28.268,4.43,0,39.701,0,57.944,79.546,108.005,16.962,4.478,58.101,30.495,3776.381
56011950300,1573.51,286.56,0,3.72,17.031,11.354,0,0,52.093,21.4,0,35.095,16.738,29.863,53.051,6.955,0,8.026,35.222,0,0,16.028,2,0,14.5,0,27.551,39.485,21.517,25.578,0,45.808,0.711,2343.796
56013000100,1521.99,316.41,52.08,111.6,73.801,68.124,27.574,0,36.905,25.6,4.066,118.262,36.304,63.619,86.64,6.099,1.177,15.198,60.74,0,0,23.5,12.7,3.9,3.228,0,70.301,19.496,46.443,32.359,0,40.062,0,2878.178
56013000200,2063.92,54.725,31.62,70.68,119.217,0,27.574,0,22.554,4.2,0,264.945,42.249,69.354,110.31,10.7,0,36.053,60.61,5.564,0,8.1,6,9.4,2.992,0,31.387,5.814,66.355,30.923,2.033,41.623,0,3198.902
56013000300,3191.72,293.525,3.72,0,79.478,34.062,0,0,19.657,39.9,26.775,108.181,51.929,104.508,134.064,4.746,48.685,43.62,32.418,6.42,0,15,11.793,0,39.3,0,49.472,177.479,55.961,56.639,2.782,26.313,5.671,4663.818
56013000400,1744.71,208.95,3.72,11.16,17.031,0,0,0,107.389,0,0,113.086,47.754,52.933,56.057,0,0,5.885,47.581,3.282,0,9.37,8.3,2.7,0,0,50.832,34.429,39.442,13.742,0,28.248,0,2606.601
56013940100,1503.48,214.92,11.16,22.32,5.677,0,0,0,2.728,27.2,0,52.488,26.925,45.572,46.708,1.712,0,13.803,4.753,1.391,0,0,3,2.6,0,0,13.492,39.158,37.953,98.085,5.136,136.32,0,2316.581
56013940201,1888.33,454.715,26.04,0,0,0,0,0,1.704,0,0,32.504,68.531,26.431,77.813,2.996,0,2.461,10.197,0,0,25.678,7.9,2.6,26.95,1.1,253.573,99.672,32.813,5.896,0,22.385,0,3070.289
56013940202,1731.81,398,0,0,0,0,0,0,2.728,3.5,0,11.762,32.314,31.781,41.086,0,4.28,7.49,27.713,0,0,12.735,0,4.015,5.8,0,33.485,51.426,21.14,22.475,0,15.762,0,2459.302
56013940300,1569.4,939.28,22.32,37.2,22.708,45.416,27.574,0,13.474,90.3,17.976,206.954,76.601,110.182,37.279,0,0,10.925,12.023,0,0,9.1,8.051,0,79.3,0,52.639,16.634,39.346,10.486,9.309,12.947,0,3477.425
56013940400,3039.87,127.36,72.54,44.64,45.416,11.354,27.574,60.825,45.431,107.9,9.415,150.079,93.004,120.226,125.488,6.526,69.55,54.854,57.348,0,0,78.1,35.13,6.639,4.9,0,41.15,17.64,45.453,6.741,0,50.194,16.05,4571.397
56013940500,1235.23,67.66,26.04,104.16,11.354,34.062,55.148,0,22.407,3.5,0,149.703,47.619,97.265,238.93,30.026,0,22.78,51.658,22.042,0,1.7,22.125,2,14.978,0,73.293,0.81,41.679,58.461,0,59.496,0,2494.126
56015957700,1086.94,142.285,9.3,0,5.677,0,0,0,1.605,0,0,36.341,41.155,8.87,24.473,0,0,0,14.457,0,0,0,4.4,0,0,0,7.993,38.934,18.618,12.282,6.628,25.572,0,1485.53
56015957800,1798.01,96.515,72.54,81.84,22.708,0,0,0,18.511,142.9,21.293,138.889,20.944,79.497,75.07,28.034,31.137,25.969,60.2,9.844,0,4.9,24.244,0,3.6,0,25.001,18.684,54.473,14.046,0,35.31,286.332,3190.491
56015957900,2470.36,153.23,42.78,44.64,22.708,45.416,27.574,0,30.313,81.7,0,77.166,25.31,57.891,48.092,2.783,0,8.777,14.02,0,0,6.801,3.348,0,0,0,21.09,16.561,54.998,9.951,5.564,29.853,0,3300.926
56015958000,1592.68,332.33,0,0,0,0,0,0,12.558,61.2,0,85.708,105.339,32.597,41.993,0,0,2.002,24.237,2.14,0,25.4,9.241,27,0,0,53.533,108.694,43.294,9.117,24.132,25.081,0,2618.276
56017967800,1768.46,199.995,66.96,33.48,73.801,0,0,0,29.532,9.2,11.771,99.303,38.738,83.878,99.585,14.873,0,12.197,47.058,6.633,0,14.938,9.544,2.9,7.299,0,37.488,17,90.17,13.536,3.318,7.062,7.062,2805.781
56017967900,1060.2,174.125,26.04,11.16,5.677,0,55.148,0,40.927,39.6,8.774,31.535,28.684,24.302,50.424,0,42.8,18.404,46.082,1.605,0,22.803,8.848,6.915,16.299,0,18.261,46.304,5.456,7.973,0,21.658,0,1820.004
56019955100,1701.23,343.275,0,11.16,0,0,0,0,65.003,0,0,49.094,63.068,26.019,47.081,0,0,0.538,34.098,0,0,7.7,0,7.707,13.256,0,22.034,118.085,8.194,2.015,6.312,10.744,0,2536.613
56019955200,2875.87,448.745,94.86,167.4,90.832,45.416,55.148,60.825,101.213,31.7,0,222.604,34.579,102.324,176.935,21.338,3.852,22.877,111.655,2.461,0,18.706,20.743,8.204,17.78,0,86.764,32.897,90.256,40.967,0,47.092,0,5034.043
56021000200,2256.62,150.245,172.98,215.76,22.708,0,0,0,5.671,4.2,0,85.882,195.781,60.562,32.096,10.058,0,13.699,22.149,0,0,36.6,29.145,17.4,56.428,0,87.949,0,66.075,20.651,0,35.332,0,3597.991
56021000300,1951.63,0,9.3,40.92,45.416,0,27.574,0,0,2.1,0,3.574,132.68,24.753,27.855,0,0,0,0,0,0,46.8,0,0,1.8,0,18.383,3.102,6.262,0,0,39.804,0,2381.953
56021000401,1099.09,1173.1,22.32,0,0,0,0,0,3.424,3.5,0,24.388,57.119,40.713,22.387,0,0,0,5.102,0,0,7.5,4.752,0,0,0,49.098,3.704,13.279,0,0,34.506,0,2563.982
56021000402,960.432,1358.18,20.46,44.64,17.031,34.062,0,0,0,89.2,0,117.841,88.18,94.453,145.942,0,0,17.985,53.852,0,0,3.503,21.7,37.9,13.001,0,78.351,9.23,40.777,18.304,12.624,49.22,598.558,3925.426
56021000501,4473.51,0,0,256.68,107.863,45.416,0,0,8.132,21.7,0,96.957,19.684,41.724,63.168,0,0,5.992,33.95,1.391,0,1.5,10.5,0,0,0,28.794,5.1,31.458,0,0,25.809,0,5279.329
56021000600,2720.85,0,197.16,494.76,153.279,11.354,0,0,24.289,101.5,18.725,180.725,26.596,142.673,217.96,33.488,0,47.691,87.001,0,0,0,2.996,4.1,0,0,47.013,13.276,95.788,11.845,0,20.33,1.423,4654.823
56021000700,1630.55,91.54,152.52,267.84,210.049,147.602,82.722,121.65,219.656,106.7,4.293,887.137,279.724,376.503,759.031,77.33,283.871,187.153,231.732,24.422,0,58.97,169.657,7.407,12.988,0,156.814,84.364,253.085,586.816,68.465,87.408,11.128,7639.126
56021000800,1147.62,8.955,18.6,74.4,0,0,0,0,0,0,0,11.64,1.006,19.357,29.602,0,0,19.366,14.918,0,0,0,0,0,0,0,4.041,0,12.901,11.642,0,18.297,0,1392.345
56021000900,1971.73,8.955,68.82,104.16,34.062,0,0,0,23.005,0,0,16.176,22.057,13.645,103.846,5.35,0,13.185,30.953,0,0,5.035,5.314,2.007,1,0,24.404,8.16,7.11,5.564,0,10.526,0,2485.063
56021001000,1511.05,94.525,193.44,152.52,68.124,22.708,55.148,0,0,3.5,0,52.152,45.34,55.423,259.082,0,0,19.91,19.038,0,0,56.835,4.296,0,0.97,0,13.673,2.638,73.708,260.78,5.564,242.752,0,3213.176
56021001100,1103.86,13.93,89.28,55.8,34.062,0,0,0,0,402.4,0,1.594,0,6.613,4.452,0,0,0,0.356,0,0,0,1.882,0,0,0,0.022,0,5.376,0,0,1.491,0,1721.118
56021001200,3049.6,0,22.32,115.32,90.832,79.478,27.574,0,4.708,3.5,0,37.912,38.486,23.746,136.154,1.864,0,51.588,31.317,2.247,0,2.9,14.189,0,0.49,0,23.181,14.102,22.939,127.33,36.059,40.254,0,3998.09
56021001300,4122.04,40.795,0,219.48,113.54,22.708,55.148,60.825,0,14,0,143.127,62.139,56.927,128.033,12.84,0,56.288,77.764,0,0,1.2,4.648,0,1.1,0,43.744,23.147,56.822,63.986,0,25.723,0,5406.024
56021001401,2099.92,0,0,178.56,79.478,34.062,0,0,4.708,35.7,0,24.907,14.467,33.683,36.234,4.494,0,0.984,7.484,0,0,2.968,13.669,0,0.96,0,31.099,4.502,35.005,41.302,0,31.523,0,2715.708
56021001402,972.774,13.93,0,96.72,73.801,34.062,0,121.65,22.363,128.1,55.319,512.429,22.413,74.165,88.551,15.622,1.822,42.511,102.793,13.268,0,0,11.796,5.3,0,0,10.321,10.892,7.76,0.695,0,10.272,0,2449.329
56021001501,2257.56,228.85,18.6,133.92,0,0,82.722,60.825,0,2.8,0.975,38.256,9.277,50.282,38.534,4.922,0,1.819,6.677,0,0,26.168,1.97,0,0,0,50.301,9.774,39.819,0,5.992,17.869,0,3087.912
56021001502,1739.1,435.81,14.88,260.4,107.863,113.54,0,60.825,21.614,7.7,10.701,41.289,40.934,37.406,44.258,4.173,0,2.461,10.425,0,0,5.7,1.897,8,0,0,39.966,14.65,34.143,0,0,16.906,0,3074.641
56021001901,2898.13,51.74,0,40.92,0,0,0,0,0,6.3,0,41.635,16.538,14.117,60.854,0,0,6.85,7.214,0,0,20.1,4.308,0,0.45,0,49.731,65.832,26.426,0.732,0,1.038,0,3312.915
56021001902,2788.08,112.435,0,0,34.062,0,0,0,40.232,0,0,29.748,107.802,36.025,75.009,0,0,11.904,17.868,0,0,26.4,8.8,23.899,13,0,43.28,32.221,25.045,23.005,0,16.906,0,3465.721
56021002000,3983.57,346.26,48.36,63.24,0,11.354,0,0,14.659,13.5,0,275.192,163.766,76.163,115.657,9.416,0,5.362,55.177,0,0,49.806,12.7,50.7,0,0,129.182,186.1,64.766,14.827,6.312,77.575,6.313,5779.958
56021980801,0,0,0,0,0,0,0,0,1.712,0,0,16.478,0,4.762,118.46,0,0,7.49,2.246,0,0,10.508,0,0,0,0,0,0,11.342,17.825,0,38.841,7.169,236.833
56023978000,5018.05,294.52,79.98,48.36,62.447,0,27.574,0,34.812,2.1,3.852,129.729,28.989,51.519,97.694,2.782,0,6.319,50.127,1.094,0,57.869,26.048,48.165,0.96,0,106.775,28.301,24.564,6.533,0,18.194,0,6257.356
56023978100,3183.77,244.77,39.06,29.76,22.708,34.062,0,0,73.485,16.8,0,208.675,45.943,51.711,106.815,14.552,32.527,21.151,46.297,1.094,0,86.326,15.248,0,40.794,0,52.277,37.02,185.921,11.028,0.316,62.284,5.596,4669.99
56023978200,1168.56,331.335,0,37.2,0,0,0,0,29.295,0.7,0,33.737,45.635,16.71,54.412,0.466,18.511,22.592,22.57,1.391,0,20.213,1.4,1.9,84.76,0,19.304,35.49,18.653,21.236,4.734,17.978,0,2008.782
56023978400,1933.49,213.925,0,96.72,11.354,22.708,110.296,0,9.951,19.9,0,193.403,14.273,41.269,41.707,9.309,55.322,15.14,70.536,0,0,17.635,10.797,0,3.1,0,20.109,13.198,28.039,24.03,2.884,35.63,2.675,3017.4
56025000200,1542.19,332.33,46.5,104.16,56.77,90.832,137.87,243.3,93.626,117.7,0,578.307,618.735,405.466,642.066,64.969,0,30.603,166.162,45.071,0,64.416,45.945,2.007,205.679,14,151.122,245.65,130.457,215.713,7.81,29.115,0,6428.571
56025000300,2029.32,0,234.36,100.44,51.093,34.062,27.574,243.3,0,45.4,0,116.972,49.141,115.476,152.053,8.668,272.85,215.676,79.094,0,0,7.671,34.099,1.8,5.05,0,28.139,8.51,63.726,4.922,0,75.168,0,4004.564
56025000400,2162.66,121.39,27.9,85.56,56.77,22.708,27.574,0,1.604,0,0,427.019,32.443,65.658,455.097,23.54,0,11.021,43.42,0,0,15.4,17.4,0,8.684,1.344,40.573,7.536,48.803,0,0,28.035,0,3732.138
56025000501,2382.66,0,13.02,55.8,45.416,363.328,275.74,121.65,0,50.4,0,32.724,10.477,32.158,58.916,1.926,36.38,18.832,20.598,0,0,1.5,3.3,0,5.88,0,24.055,4.2,17.03,0,0,11.342,0,3587.332
56025000502,1088.15,85.57,0,104.16,34.062,45.416,110.296,0,26.215,10.5,0,250.637,16.138,65.655,107.298,14.873,0,10.668,104.07,6.741,0,4.268,16.281,0,4.3,0,16.511,3.83,8.836,66.588,0,65.728,0,2266.791
56025000600,4099.32,69.65,39.06,271.56,0,11.354,55.148,0,0,0,7.918,38.861,22.645,22.338,50.85,0,0,9.936,16.629,0,0,15.503,1.7,0,8.92,0,43.691,6.902,146.191,0,0,40.232,0,4978.407
56025000700,1428.68,52.735,163.68,93,28.385,0,0,0,6.726,2.1,0,51.818,20.827,41.906,63.615,2.782,0,15.012,11.184,0,0,48.351,13.999,0,12.526,0,24.085,4.968,48.936,0,0,43.356,4.173,2182.844
56025000800,2012.59,40.795,33.48,156.24,39.739,11.354,0,60.825,3.778,0,0,95.016,44.834,48.113,40.972,2.782,0,4.815,64.736,0,0,35.999,2.996,2,1,0,42.695,4.428,11.346,1.391,0,35.845,0,2797.769
56025000901,2667.93,30.845,16.74,14.88,5.677,34.062,110.296,0,15.943,0,0,116.983,21.512,36.369,59.385,16.291,0,8.239,32.266,0,0,4.3,4.048,3.9,26.814,0,24.4,14.3,50.174,0,5.35,14.317,0,3335.021
56025000902,1966.77,10.945,0,48.36,39.739,56.77,55.148,0,0,280.6,50.29,55.838,15.113,10.945,54.295,0,0,8.919,40.518,8.774,0,30.968,0,0,4.88,0,20.675,10.578,28.41,0,0,17.762,76.826,2893.123
56025001000,2524.13,170.145,0,78.12,17.031,0,0,0,0,130.2,82.711,64.059,66.088,53.596,86.396,0,0,0.824,21.582,0,0,5.7,5.3,30.109,8.392,0,51.716,16.792,11.021,34.776,0,21.935,0,3480.623
56025001100,794.937,422.875,0,33.48,39.739,0,0,0,4.28,0.7,0,23.577,77.788,17.74,29.779,0,0,1.006,14.562,0,0,17.4,16.048,38.392,101.728,0,26.805,6,5.304,18.297,4.922,0,0,1695.359
56025001200,489.473,507.45,11.16,18.6,22.708,0,0,0,3.103,26.5,0,102.129,562.393,103.157,79.804,0,0,1.498,14.894,0,0,309.669,68.996,7.5,71.9,0,119.904,14.555,17.601,5.564,0,69.146,0,2627.704
56025001401,2478.03,651.725,9.3,26.04,0,0,0,0,76.375,25.2,0,139.104,317.863,103.068,466.85,31.565,0,31.136,57.381,0,0,212.505,18.944,5.911,245.233,0,169.531,30.084,95.02,71.015,0,40.232,5.136,5307.248
56025001602,2541.33,431.83,18.6,145.08,17.031,45.416,0,0,24.488,0,0,265.047,78.532,57.161,59.433,4.6,4.173,21.84,99.73,0,0,25.9,12.885,8.5,14.6,0,16.183,10.702,6.691,5.913,0,14.552,0,3930.218
56025001603,1985.94,38.805,0,0,0,0,0,0,1.059,0,0,21.648,40.3,14.369,73.527,0,0,2.533,7.918,0,0,1.7,1.412,0,4.642,0,30.581,15.668,17.505,0,0,0,0,2257.607
56025001700,2404.45,182.085,0,18.6,0,0,0,0,0,0,0,89.519,126.495,34.844,71.888,0,0,0,2.979,0,0,61.319,31.9,18.6,71.809,0,102.987,2.749,5.457,2.033,0,12.519,0,3240.233
56025001800,3195.92,496.505,0,40.92,0,0,0,0,18.083,25.4,0,101.203,263.868,59.112,151.337,0,0,7.302,40.699,0,0,187.141,4.16,12.901,159.756,0,115.863,63.778,10.924,24.076,2.782,20.544,7.062,5009.335
56027957200,1690.85,151.24,18.6,14.88,0,0,27.574,0,30.602,21.4,0,51.983,23.304,44.209,77.823,8.667,55.319,9.416,31.133,0,0,19.4,1.6,1.004,7.9,0,16.705,69.215,26.377,8.992,0.947,39.697,0,2448.837
56029965100,2754.6,377.105,0,0,0,0,0,0,0,0,0.975,60.862,121.877,65.775,80.568,0,0,3.008,16.264,0,0,46.3,15.289,2.57,61.7,0,92.794,118.022,11.933,13.412,0,5.243,0,3848.297
56029965200,2605.47,328.35,199.02,167.4,11.354,0,27.574,60.825,23.861,334,14.582,252.601,117.722,104.894,130.233,12.733,237.755,53.639,65.83,4.376,0,28.303,45.534,14.407,9.8,0,54.412,30.032,114.959,24.595,5.131,60.092,72.974,5212.459
56029965300,5086.12,637.795,40.92,14.88,45.416,34.062,0,0,143.08,47.6,5.671,104.528,77.601,52.9,126.445,1.712,0,5.79,117.913,0,0,78.562,17.779,24.2,32.701,0,96.81,150.742,29.539,22.078,0,55.855,0,7050.699
56029965400,2524.22,621.875,109.74,40.92,56.77,22.708,55.148,0,97.92,13.2,0,222.409,125.813,144.912,170.194,10.058,0,28.045,88.429,6.206,0,10.869,125.248,4.507,18.049,0,117.798,18.55,106.464,26.436,0,35.631,0,4802.118
56029965500,2413.61,25.87,111.6,137.64,62.447,22.708,27.574,0,166.263,54.6,16.799,383.453,70.494,74.52,196.842,35.706,124.12,82.751,395.675,5.351,0,38.875,41.586,79.407,74.128,0,30.581,27.236,85.682,44.662,6.419,22.791,0,4859.391
56031959100,1377.26,268.65,9.3,22.32,11.354,45.416,0,0,56.496,0,0,70.04,12.412,11.022,25.435,6.409,0,0,30.031,0,0,2.9,6.7,0,13.2,0,90.64,54.784,29.323,8.458,11.046,19.581,1.926,2184.703
56031959400,3241.46,762.17,57.66,148.8,34.062,22.708,27.574,0,71.466,36.1,0,242.776,155.719,148.119,237.919,25.35,47.615,20.885,109.861,4.28,0,16.336,24.348,9.7,28.964,0,52.765,143.294,160.885,35.113,25.169,56.004,0,5947.102
56033000100,2281.12,372.13,52.08,159.96,90.832,45.416,82.722,0,892.914,260.4,26.964,297.923,65.35,80.54,212.793,5.747,0,18.752,85.903,0,0,12.9,43.461,4.2,17.056,0,70.037,31.71,52.378,33.17,0,34.167,4.28,5334.905
56033000200,1638.12,39.8,113.46,137.64,107.863,22.708,0,0,0,13.3,7.316,47.413,16.35,64.167,97.543,4.868,0,31.376,5.743,0,0,2.468,3.596,0,4.998,0,29.166,7.906,43.179,2.568,0,14.006,0,2455.554
56033000300,1702.35,0,50.22,241.8,113.54,45.416,110.296,60.825,60.538,2,0,319.981,114.013,118.39,196.031,27.927,9.523,65.18,75.698,2.247,0,50.708,43.98,0,16.302,0,56.971,46.095,134.424,46.501,0,35.12,0,3746.076
56033000400,2768.25,381.085,18.6,22.32,107.863,0,0,0,46.973,33.4,5.564,203.965,41.352,36.05,69.633,1.605,152.796,33.39,43.046,0,0,6,1.896,3.6,19.45,0,108.694,10.895,29.119,7.383,0,31.886,0,4184.815
56033000500,4577.57,436.805,37.2,0,0,0,0,0,31.12,0,0,116.98,90.844,59.136,145.874,0,1.822,16.733,63.384,1.391,0,105.44,10.131,20.7,14.681,0,110.914,129.858,27.243,25.212,9.153,55.319,0,6087.51
56033000600,2522.54,283.575,44.64,85.56,17.031,0,0,0,68.564,176.1,19.474,82.181,123.74,33.534,118.181,5.136,30.388,9.109,57.051,0,0,20.701,13.045,1.2,21.164,0,53.624,8489.09,45.638,51.449,0,60.883,0,12433.6
56035000101,2630.62,435.81,0,44.64,5.677,11.354,0,0,25.903,367.5,0,66.557,75.417,50.228,100.051,3.317,0,4.281,41.036,0,0,10.608,0,12.101,33.969,0,56.951,91.144,46.824,2.946,0,34.989,0,4151.922
56035000102,4779.25,545.26,48.36,59.52,0,11.354,0,0,99.14,6.7,64.2,134.097,42.948,59.545,107.947,2.14,0,8.988,84.34,0,0,16.938,16.8,173.62,36.6,0,93.071,34.493,57.216,35.669,6.527,10.379,1.926,6537.027
56037970500,1327.23,370.14,14.88,66.96,5.677,22.708,0,0,46.652,0,0,120.15,86.374,139.573,104.903,2.568,0,9.095,87.943,0,0,13,2.6,260.007,257.672,0,58.068,12.4,62.655,45.498,10.914,14.916,0,3142.583
56037970601,1300.96,672.62,13.02,55.8,119.217,34.062,27.574,0,0,13.5,0,73.375,34.672,50.433,35.333,13.696,0,2.033,22.946,2.461,0,8.901,2.349,3.9,12.995,0,12.465,0.87,24.192,6.741,0,62.985,0,2607.1
56037970602,1669.54,0,46.5,74.4,45.416,0,0,0,0,0,0,17.097,6.805,9.801,30.133,0,0,1.498,5.136,0,0,1.1,0.948,0,0,0,9.741,0,21.996,0,0,12.412,0,1952.523
56037970700,1977.53,112.435,68.82,11.16,17.031,34.062,82.722,0,5.029,39.2,87.015,43.866,27.735,19.742,62.231,8.132,0,10.081,49.113,0,0,1.8,6.6,2.3,18.927,0,21.396,6.104,41.842,3.317,0,9.524,0,2767.714
56037970800,1816.99,937.29,89.28,40.92,11.354,56.77,110.296,60.825,59.056,16.1,0,168.831,180.505,134.064,173.049,7.597,0,7.817,112.51,1.094,0,10.968,8.048,12.899,22,0,58.356,9.128,39.489,1.098,0,41.972,0,4188.306
56037970901,2767.41,804.955,27.9,0,107.863,0,0,0,13.696,5.6,0,207.044,133.86,51.74,117.45,0,0,3.424,48.202,0,0,6.001,8.341,6.4,84.901,0,61.894,10.714,34.561,29.682,0,0,0,4531.638
56037970902,2139.09,200.99,50.22,107.88,62.447,34.062,0,0,52.857,0.9,0,87.342,48.365,90.12,73.422,7.382,0,24.257,27.571,0,0,15.4,4,16.655,38.96,0,25.292,2.068,16.585,32.541,5.564,61.632,0,3225.602
56037970903,628.414,225.865,143.22,55.8,28.385,34.062,220.592,0,92.662,150.8,0,271.673,169.703,49.457,127.476,14.445,76.826,52.208,78.72,0,0,5.203,9.5,10.5,29.5,0,23.205,7.368,23.252,17.013,13.161,0,62.381,2621.391
56037971000,995.027,296.51,37.2,11.16,11.354,11.354,0,0,6.099,0,0,76.054,34.523,18.233,19.776,4.815,0,3.852,10.433,0,0,4.67,2.6,49.2,0,0,32,8.237,25.573,13.375,5.136,25.32,0,1702.501
56037971100,1767.15,197.01,33.48,93,5.677,45.416,0,0,0,53.2,22.257,86.231,8.211,26.662,83.97,14.766,0,18.52,37.202,13.054,0,0,17.58,18,0.95,0,40.833,10.8,58.419,13.966,13.589,45.261,0,2725.204
56037971200,1677.95,11.94,33.48,78.12,5.677,0,0,0,8.522,0,0,21.112,21.066,7.037,78.437,0,0,1.076,14.206,0,0,3.5,3.792,0,17.228,0,14.403,13.799,26.166,0,5.564,14.338,0,2057.413
56037971600,857.021,631.825,3.72,3.72,0,0,0,0,28.783,0.7,0,84.331,32.475,63.1,176.796,0,0,0,16.257,0,0,5.4,6.948,0,55.898,0,26.339,21.66,31.9,11.764,1.578,73.108,0,2133.323
56039967600,4686.03,133.33,158.1,182.28,215.726,158.956,0,0,385.511,41.3,0,183.873,72.984,82.672,356.848,1.498,0,24.612,282.688,2.485,0,1.8,48.44,4,0,0,163.566,39.494,55.594,36.122,2.996,40.403,0,7361.307
56039967701,878.432,77.61,96.72,93,107.863,68.124,82.722,0,222.886,66.5,0,363.68,27.159,115.182,290.434,20.651,8.239,77.589,207.936,24.075,0,12.1,22.5,2.2,0,0,43.974,13.635,15.622,35.417,0.503,39.708,0,3014.461
56039967702,4206.19,81.59,189.72,226.92,471.191,249.788,0,0,67.975,20.4,0.975,145.46,96.18,87.486,293.343,32.39,200.197,49.312,89.255,1.391,0,29.884,20.986,0,4.82,0,149.373,30.26,74.935,21.12,0,36.691,10.486,6888.317
56039967800,3836.77,59.7,340.38,431.52,141.925,238.434,110.296,60.825,115.036,32.4,0,101.704,67.101,61.995,235.34,5.136,0,8.153,161.763,0,0,16.735,12.79,3.3,0,0,177.844,37.04,46.266,29.255,11.877,36.381,2.033,6382
56041975200,2792.75,774.11,0,18.6,17.031,22.708,27.574,0,14.552,0,0,165.301,86.506,51.121,50.029,12.702,16.157,13.069,44.838,4.376,0,41.512,16.489,10.4,43.629,0,169.778,38.952,49.698,11.341,21.099,106.037,1.284,4621.644
56041975300,3237.44,372.13,113.46,14.88,210.049,124.894,55.148,0,17.013,143.5,32.956,76.262,69.008,126.86,129.086,1.864,55.64,48.867,28.964,1.094,0,43.551,8.2,46.2,135.299,0,55.457,28.675,68.228,18.821,0,35.867,3.959,5303.372
56041975400,2852.87,436.805,11.16,174.84,238.434,22.708,110.296,0,139.727,19.7,4.494,291.059,211.246,150.328,266.161,21.293,2.889,61.572,122.936,2.675,0,65.6,24.538,4.23,77.48,0,111.1,18.513,97.283,39.844,0,48.257,0,5628.039
56043000200,1781.46,219.895,40.92,18.6,0,0,0,0,19.153,5.7,0,73.433,51.433,46.258,76.003,0,0,1.282,23.273,0,0,17.734,3.2,19.525,27.192,0,109.974,100.765,41.913,18.004,0,2.996,0,2698.713
56043000301,1532.46,166.165,9.3,29.76,0,0,0,0,15.087,1,0,247.477,50.736,77.529,91.87,24.396,24.503,30.99,54.238,0,0,19.4,25.348,0,17.308,0,33.927,18.003,77.021,33.683,0,38.328,0,2618.529
56043000302,1117.51,51.74,20.46,178.56,39.739,0,0,0,21.186,51.1,4.708,94.21,91.378,66.595,44.382,1.498,0,9.208,27.268,2.461,0,71.2,0,6.6,25.6,0,49.814,7.37,75.624,20.458,0,28.997,0,2107.666
56045951100,1684.87,453.72,16.74,7.44,17.031,11.354,0,0,19.444,25.2,2.461,31.756,40.248,29.967,53.939,4.815,0,1.284,19.3,4.494,0,12.803,4.148,5.3,67.73,0,23.302,58.589,28.229,21.58,7.89,24.097,0,2677.731
56045951300,2153.21,366.16,37.2,81.84,5.677,11.354,0,0,45.231,37.3,0,151.262,58.674,77.232,75.615,8.346,75.97,7.811,51.04,5.243,0,11.346,11.8,17.615,33.989,0,19.02,13.008,60.513,45.863,0,40.767,0,3503.086

