Tract,W1F,W2F,S1LF,S1MF,S1HF,S2LF,S2MF,S2HF,S3F,S4LF,S4MF,S4HF,S5LF,S5MF,S5HF,C1LF,C1MF,C1HF,C2LF,C2MF,C2HF,C3LF,C3MF,C3HF,PC1F,PC2LF,PC2MF,PC2HF,RM1LF,RM1MF,RM2LF,RM2MF,RM2HF,URMLF,URMMF,MHF,TotalSqft
56001962700,1403.46899414063,79.772102355957,42.6260833740234,0,0,29.6980171203613,0,0,18.9018688201904,17.4735317230225,0,0,0,0,0,9.88448905944824,0,0,70.2878494262695,0,0,1.3279287815094,0,0,76.0346832275391,17.5373554229736,0,0,183.548110961914,0,8.66571617126465,0,0,43.2535285949707,0,450.431701660156,2452.91186523438
56001962800,1419.57678222656,57.8208503723145,24.6608943939209,0,0,10.3088989257813,0,0,14.5476779937744,18.2130584716797,0,0,0,0,0,10.6308116912842,0,0,62.0417938232422,0,0,4.2715892791748,0,0,50.182487487793,15.3725118637085,0,0,166.004699707031,0,6.38030433654785,0,0,42.8373413085938,0,408.442321777344,2311.2919921875
56001962900,662.236328125,28.7160091400146,18.5454139709473,0,0,7.2374005317688,0,0,7.95462894439697,9.7736349105835,0,0,0,0,0,9.74854183197021,0,0,42.0854568481445,0,0,0.588582217693329,0,0,25.9183712005615,5.89145565032959,0,0,95.3749847412109,0,4.84157228469849,0,0,26.2640438079834,0,444.779571533203,1389.9560546875
56001963000,992.001281738281,101.546569824219,48.3440818786621,0,0,21.9538917541504,0,0,30.5849056243896,35.6699981689453,0,0,0,0,0,18.2075424194336,0,0,116.975433349609,0,0,7.3460054397583,0,0,102.480583190918,26.7612190246582,0,0,181.771118164063,0,11.2757520675659,0,0,63.6682167053223,0,175.435440063477,1934.02209472656
56001963100,3605.8154296875,52.0081596374512,17.3319778442383,0,0,9.02569484710693,0,0,29.3620891571045,41.4933891296387,0,0,0,0,0,7.26740884780884,0,0,104.970741271973,0,0,10.8336133956909,0,0,29.0322399139404,18.45876121521,0,0,330.668762207031,0,3.99938321113586,0,0,74.0093231201172,0,138.382827758789,4472.65966796875
56001963400,1506.77221679688,222.652694702148,105.532524108887,0,0,42.0088539123535,0,0,47.6970520019531,78.1253128051758,0,0,0,0,0,40.0366973876953,0,0,262.643829345703,0,0,13.2113361358643,0,0,154.083587646484,53.5421829223633,0,0,339.410125732422,0,27.1688785552979,0,0,125.27645111084,0,95.1101989746094,3113.27197265625
56001963500,605.673095703125,64.7337951660156,68.6052093505859,0,0,54.8403778076172,0,0,11.0500459671021,79.312126159668,0,0,0,0,0,48.6360702514648,0,0,303.643493652344,0,0,3.91467428207397,0,0,35.8570365905762,11.4943103790283,0,0,281.718231201172,0,33.6571464538574,0,0,106.637184143066,0,32.6582489013672,1742.43090820313
56001963600,2667.27807617188,83.3768997192383,55.1133232116699,0,0,27.5400524139404,0,0,23.2860450744629,41.9781227111816,0,0,0,0,0,17.4131507873535,0,0,141.205810546875,0,0,9.19692516326904,0,0,55.6706161499023,23.9566802978516,0,0,323.260406494141,0,14.2268047332764,0,0,79.5945129394531,0,115.972381591797,3679.07006835938
56001963700,2726.29516601563,269.816009521484,94.1459274291992,0,0,24.7563934326172,0,0,39.9880638122559,68.9570617675781,0,0,0,0,0,46.7174682617188,0,0,208.274291992188,0,0,10.0326375961304,0,0,125.994590759277,38.0556564331055,0,0,438.735443115234,0,21.3584365844727,0,0,111.279945373535,0,99.344970703125,4323.751953125
56001963900,2936.35522460938,54.8195304870605,40.5496864318848,0,0,28.5751724243164,0,0,17.5195598602295,16.0160732269287,0,0,0,0,0,10.0117588043213,0,0,61.0834999084473,0,0,0.787109196186066,0,0,60.8869590759277,13.5345640182495,0,0,296.002655029297,0,9.45486164093018,0,0,55.8696823120117,0,245.879653930664,3847.34619140625
56003962600,1592.49768066406,58.663330078125,39.6447944641113,0,0,20.4685878753662,0,0,16.7717781066895,23.7338695526123,0,0,0,0,0,13.6891613006592,0,0,86.3662643432617,0,0,2.22216820716858,0,0,110.827156066895,17.2930355072021,0,0,215.610168457031,0,12.2390489578247,0,0,51.8322067260742,0,134.139877319336,2395.99926757813
56003962700,2075.26489257813,99.7208404541016,68.8344879150391,0,0,39.8355178833008,0,0,25.6959934234619,25.9511489868164,0,0,0,0,0,19.7822418212891,0,0,107.42993927002,0,0,3.39985227584839,0,0,100.443733215332,24.4522571563721,0,0,277.943634033203,0,15.4284381866455,0,0,69.2219924926758,0,176.57389831543,3129.97900390625
56003962800,2737.04638671875,119.187622070313,90.1412887573242,0,0,55.7354125976563,0,0,29.1458568572998,30.4484195709229,0,0,0,0,0,22.7141208648682,0,0,130.989685058594,0,0,4.75046396255493,0,0,117.530586242676,30.1868267059326,0,0,361.573791503906,0,18.0081672668457,0,0,82.9690704345703,0,422.980163574219,4253.4072265625
56005000100,3878.94873046875,89.0778274536133,75.0545501708984,0,0,46.266429901123,0,0,37.3989028930664,39.291748046875,0,0,0,0,0,15.6245784759521,0,0,124.623107910156,0,0,7.9152569770813,0,0,125.540512084961,31.727611541748,0,0,414.565093994141,0,13.7360744476318,0,0,89.1406707763672,0,855.835876464844,5844.74609375
56005000200,2671.8203125,187.347290039063,97.443229675293,0,0,73.7357635498047,0,0,43.6891136169434,41.3485641479492,0,0,0,0,0,28.0789432525635,0,0,159.80110168457,0,0,5.07349014282227,0,0,218.95524597168,44.948657989502,0,0,388.686767578125,0,16.2221965789795,0,0,101.804901123047,0,495.866394042969,4574.82177734375
56005000300,1869.42761230469,200.734024047852,107.766700744629,0,0,44.5333976745605,0,0,36.5754013061523,46.0617027282715,0,0,0,0,0,39.1010894775391,0,0,181.990173339844,0,0,9.15550804138184,0,0,150.537261962891,44.1032867431641,0,0,334.933410644531,0,22.7011642456055,0,0,105.822334289551,0,700.951965332031,3894.39501953125
56005000400,2077.22045898438,212.607070922852,107.560256958008,0,0,40.831974029541,0,0,37.929443359375,59.2295074462891,0,0,0,0,0,36.7980041503906,0,0,223.525909423828,0,0,10.1048765182495,0,0,134.597610473633,47.4419937133789,0,0,359.325622558594,0,27.3959655761719,0,0,110.915542602539,0,291.500946044922,3776.98559570313
56005000500,3210.27587890625,55.9608612060547,29.4140720367432,0,0,17.5409545898438,0,0,16.008171081543,22.1894016265869,0,0,0,0,0,9.21958541870117,0,0,65.3590850830078,0,0,3.70932531356812,0,0,63.3943138122559,15.4914484024048,0,0,305.986236572266,0,8.03583717346191,0,0,56.9021987915039,0,144.210586547852,4023.69799804688
56005000600,2093.349609375,155.140625,99.9709396362305,0,0,50.3088989257813,0,0,42.0194778442383,65.7944107055664,0,0,0,0,0,35.9100723266602,0,0,217.931060791016,0,0,9.16243076324463,0,0,157.717712402344,39.5151405334473,0,0,360.261779785156,0,20.7183723449707,0,0,108.721923828125,0,768.947570800781,4225.47021484375
56005000700,2337.68041992188,221.751113891602,144.129699707031,0,0,105.238906860352,0,0,68.6400375366211,47.7876358032227,0,0,0,0,0,27.6270523071289,0,0,184.161834716797,0,0,7.64927864074707,0,0,230.722549438477,59.2610511779785,0,0,376.072235107422,0,16.8208675384521,0,0,102.76496887207,0,1871.443359375,5801.7509765625
56007967600,1303.33337402344,40.4314918518066,36.1675415039063,0,0,19.9540119171143,0,0,9.63870048522949,14.6568851470947,0,0,0,0,0,10.4653186798096,0,0,64.2308044433594,0,0,0.833258986473084,0,0,38.8899574279785,10.5241584777832,0,0,156.657241821289,0,9.83334255218506,0,0,35.944091796875,0,206.165725708008,1957.72595214844
56007967700,1993.60534667969,98.4518737792969,47.5440864562988,0,0,19.6036777496338,0,0,24.9230136871338,32.9273834228516,0,0,0,0,0,19.6594524383545,0,0,116.009147644043,0,0,5.75018692016602,0,0,115.724990844727,25.5295219421387,0,0,272.390625,0,13.1694173812866,0,0,74.1604385375977,0,309.545867919922,3168.99536132813
56007967800,2729.935546875,146.055435180664,67.3704071044922,0,0,20.7188396453857,0,0,22.5028553009033,43.2021636962891,0,0,0,0,0,28.0927410125732,0,0,149.432968139648,0,0,5.08093500137329,0,0,87.0207672119141,26.269983291626,0,0,361.302947998047,0,17.7278728485107,0,0,85.8730697631836,0,145.380447387695,3935.966796875
56007968000,2980.5791015625,127.706253051758,74.3995666503906,0,0,49.7873153686523,0,0,22.4930591583252,27.0274143218994,0,0,0,0,0,23.1859512329102,0,0,117.079803466797,0,0,3.57523989677429,0,0,87.3194274902344,25.1937484741211,0,0,356.253265380859,0,16.9911270141602,0,0,81.4358444213867,0,219.679931640625,4212.70703125
56007968100,1384.38317871094,18.4231796264648,25.746826171875,0,0,15.2253875732422,0,0,6.51674652099609,8.22475910186768,0,0,0,0,0,5.26951026916504,0,0,32.2888298034668,0,0,1.70876264572144,0,0,19.6407947540283,6.66208362579346,0,0,140.524230957031,0,5.51639795303345,0,0,26.7159099578857,0,151.030349731445,1847.876953125
56009956400,2462.65209960938,196.183807373047,109.527473449707,0,0,41.8154182434082,0,0,30.9675750732422,48.5386810302734,0,0,0,0,0,34.9335174560547,0,0,185.972290039063,0,0,5.68390226364136,0,0,139.463973999023,41.192928314209,0,0,395.19287109375,0,23.5225219726563,0,0,100.195571899414,0,427.690185546875,4243.5322265625
56009956500,1077.24645996094,35.2215995788574,17.7711868286133,0,0,9.14353084564209,0,0,11.722315788269,12.130765914917,0,0,0,0,0,7.47381591796875,0,0,42.577205657959,0,0,2.74915623664856,0,0,30.9893970489502,9.93212223052979,0,0,122.285469055176,0,3.89434146881104,0,0,30.4331588745117,0,307.343505859375,1720.91394042969
56009956600,1981.83923339844,106.413497924805,74.4897155761719,0,0,47.7190895080566,0,0,27.9712352752686,21.7648315429688,0,0,0,0,0,17.5204734802246,0,0,91.7913436889648,0,0,3.2773118019104,0,0,94.4473419189453,24.3963832855225,0,0,261.560485839844,0,13.2043733596802,0,0,61.1171913146973,0,322.988494873047,3150.5009765625
56009956700,1499.2275390625,48.1760711669922,26.0643634796143,0,0,14.699990272522,0,0,13.2896785736084,21.6978797912598,0,0,0,0,0,11.0901069641113,0,0,75.7977142333984,0,0,3.16660308837891,0,0,65.9712448120117,19.1743030548096,0,0,203.380020141602,0,7.09934043884277,0,0,55.7261734008789,0,142.577026367188,2207.1376953125
56011950200,2264.47387695313,85.6909637451172,71.6525192260742,0,0,44.1578712463379,0,0,24.2922782897949,27.2747459411621,0,0,0,0,0,14.9215354919434,0,0,107.207725524902,0,0,3.39588570594788,0,0,78.524055480957,22.0879592895508,0,0,291.739410400391,0,15.1935472488403,0,0,60.4838066101074,0,665.284912109375,3776.38159179688
56011950300,1537.50964355469,52.8087501525879,40.2275466918945,0,0,23.609281539917,0,0,13.1231746673584,15.3866052627563,0,0,0,0,0,11.8489656448364,0,0,65.9955062866211,0,0,2.13101053237915,0,0,39.9175491333008,12.489538192749,0,0,185.820190429688,0,9.89404010772705,0,0,42.5415382385254,0,290.492767333984,2343.7958984375
56013000100,1702.40051269531,111.07438659668,61.262825012207,0,0,30.5666332244873,0,0,26.2241554260254,30.8923797607422,0,0,0,0,0,19.7743129730225,0,0,118.419784545898,0,0,6.23516321182251,0,0,81.0337371826172,26.6449642181396,0,0,246.178497314453,0,14.4696397781372,0,0,65.7921142578125,0,337.208923339844,2878.177734375
56013000200,2122.37231445313,156.461517333984,75.9942169189453,0,0,25.8190670013428,0,0,21.9410495758057,31.6455764770508,0,0,0,0,0,28.7845973968506,0,0,128.561813354492,0,0,6.96470403671265,0,0,99.2645874023438,32.0880851745605,0,0,304.091766357422,0,17.5200061798096,0,0,78.4464263916016,0,68.9461822509766,3198.90209960938
56013000300,3155.88427734375,153.431900024414,89.3121337890625,0,0,53.3686637878418,0,0,35.6179122924805,35.1817588806152,0,0,0,0,0,25.1041584014893,0,0,140.992141723633,0,0,3.63089799880981,0,0,117.767860412598,30.2452068328857,0,0,409.913452148438,0,18.4905776977539,0,0,89.3161239624023,0,305.561187744141,4663.81787109375
56013000400,1714.96716308594,82.2398681640625,48.9317321777344,0,0,22.2771015167236,0,0,18.488338470459,17.5927791595459,0,0,0,0,0,17.8202896118164,0,0,82.4273376464844,0,0,2.43184971809387,0,0,72.8646774291992,18.6829986572266,0,0,227.792343139648,0,11.7036199569702,0,0,54.5114479064941,0,213.869430541992,2606.60107421875
56013940100,1481.37158203125,57.4557189941406,49.5235633850098,0,0,23.6402797698975,0,0,13.3113479614258,25.4606590270996,0,0,0,0,0,14.6773090362549,0,0,98.8855972290039,0,0,4.97445583343506,0,0,47.4358024597168,18.5107364654541,0,0,199.491271972656,0,17.2983379364014,0,0,46.208667755127,0,218.335601806641,2316.58129882813
56013940201,1809.96411132813,127.154914855957,50.2626075744629,0,0,46.0238418579102,0,0,43.7123680114746,12.8997936248779,0,0,0,0,0,8.766282081604,0,0,74.5019149780273,0,0,1.5441575050354,0,0,108.46117401123,28.4313297271729,0,0,229.442443847656,0,7.13892030715942,0,0,51.0282669067383,0,470.956878662109,3070.2890625
56013940202,1625.08154296875,43.4931411743164,30.0137214660645,0,0,19.4705066680908,0,0,12.1395854949951,9.62804412841797,0,0,0,0,0,6.18163776397705,0,0,43.4468803405762,0,0,0.639856219291687,0,0,41.4502868652344,10.129358291626,0,0,176.699462890625,0,6.76711893081665,0,0,33.3307456970215,0,400.830108642578,2459.30200195313
56013940300,1629.21459960938,111.589210510254,68.3699798583984,0,0,35.1461868286133,0,0,25.1578464508057,30.262638092041,0,0,0,0,0,25.2693843841553,0,0,117.621917724609,0,0,5.12479400634766,0,0,114.721458435059,31.0049858093262,0,0,252.239852905273,0,13.0743188858032,0,0,68.5302658081055,0,950.096618652344,3477.42407226563
56013940400,3084.83056640625,180.641906738281,93.1608200073242,0,0,53.072868347168,0,0,28.8059120178223,47.4608383178711,0,0,0,0,0,34.9286727905273,0,0,171.288803100586,0,0,6.10391187667847,0,0,141.932159423828,33.0113639831543,0,0,432.389007568359,0,19.9743137359619,0,0,100.127326965332,0,143.668746948242,4571.3974609375
56013940500,1342.08923339844,191.091674804688,78.2567749023438,0,0,35.0875816345215,0,0,27.4894695281982,35.8175315856934,0,0,0,0,0,28.9407825469971,0,0,151.915557861328,0,0,6.10644626617432,0,0,113.493034362793,35.9001617431641,0,0,264.460754394531,0,19.2725219726563,0,0,81.3083953857422,0,82.8960494995117,2494.12573242188
56015957700,1040.41284179688,26.5504493713379,19.9765796661377,0,0,10.8798542022705,0,0,7.73191213607788,8.8711633682251,0,0,0,0,0,5.40045022964478,0,0,32.495777130127,0,0,1.27677071094513,0,0,35.4730682373047,7.70934963226318,0,0,114.844451904297,0,5.81811285018921,0,0,23.8769855499268,0,144.212188720703,1485.52978515625
56015957800,1898.10974121094,118.892074584961,94.2884902954102,0,0,57.4813423156738,0,0,17.833646774292,48.8204574584961,0,0,0,0,0,27.4678421020508,0,0,194.323776245117,0,0,4.15643262863159,0,0,93.9940643310547,22.5646553039551,0,0,384.566253662109,0,30.6663036346436,0,0,90.2837753295898,0,107.042129516602,3190.4912109375
56015957900,2478.09838867188,60.0776596069336,34.1578025817871,0,0,16.3848648071289,0,0,13.3462858200073,24.248161315918,0,0,0,0,0,15.6451721191406,0,0,89.5218658447266,0,0,3.33371806144714,0,0,47.8480110168457,15.6488943099976,0,0,269.113616943359,0,9.43282127380371,0,0,60.2290077209473,0,163.839630126953,3300.92553710938
56015958000,1561.22485351563,72.0642700195313,53.5651054382324,0,0,38.2955093383789,0,0,24.3226928710938,23.8674907684326,0,0,0,0,0,14.8137550354004,0,0,86.7697448730469,0,0,1.67870783805847,0,0,103.590896606445,21.6845111846924,0,0,213.168579101563,0,12.6910562515259,0,0,53.1043548583984,0,337.434509277344,2618.27612304688
56017967800,1812.02099609375,102.218589782715,55.9126129150391,0,0,26.1572151184082,0,0,18.6318206787109,25.9937610626221,0,0,0,0,0,17.1897296905518,0,0,106.328948974609,0,0,2.90607309341431,0,0,76.8932189941406,22.9622592926025,0,0,251.098098754883,0,12.1452760696411,0,0,64.2514877319336,0,211.070831298828,2805.78076171875
56017967900,1112.81774902344,64.3340911865234,44.3420677185059,0,0,26.5018692016602,0,0,14.5667657852173,19.1130084991455,0,0,0,0,0,13.1218671798706,0,0,68.4628829956055,0,0,1.98743152618408,0,0,50.2258491516113,11.3956136703491,0,0,163.646041870117,0,9.37072563171387,0,0,39.0246162414551,0,181.093414306641,1820.00390625
56019955100,1661.95190429688,47.1925811767578,38.0599555969238,0,0,26.4271430969238,0,0,18.8108692169189,12.1064319610596,0,0,0,0,0,10.4047594070435,0,0,50.8926887512207,0,0,1.07403147220612,0,0,65.4160995483398,12.4409055709839,0,0,193.13037109375,0,8.17647266387939,0,0,43.1553268432617,0,347.373413085938,2536.61279296875
56019955200,3130.6953125,192.204971313477,104.323448181152,0,0,46.3577919006348,0,0,40.230152130127,50.5134239196777,0,0,0,0,0,35.8074569702148,0,0,199.981842041016,0,0,8.52402496337891,0,0,125.390007019043,42.4812088012695,0,0,435.4833984375,0,23.9707164764404,0,0,118.427116394043,0,479.652252197266,5034.04345703125
56021000200,2404.51611328125,101.792655944824,72.2451553344727,0,0,41.7069282531738,0,0,35.556640625,37.2888259887695,0,0,0,0,0,15.734655380249,0,0,129.047088623047,0,0,6.10651254653931,0,0,154.294662475586,33.1671600341797,0,0,304.503967285156,0,13.061635017395,0,0,73.3882751464844,0,175.580841064453,3597.99096679688
56021000300,1898.36987304688,35.1916809082031,22.1753425598145,0,0,19.7227764129639,0,0,11.5055160522461,14.10178565979,0,0,0,0,0,6.26493501663208,0,0,46.0391387939453,0,0,2.29443550109863,0,0,72.7485122680664,11.0747423171997,0,0,192.681228637695,0,5.48470401763916,0,0,36.6885795593262,0,7.60968971252441,2381.95239257813
56021000401,1043.24328613281,39.9395790100098,16.8353900909424,0,0,10.9799251556396,0,0,10.3651533126831,8.37742137908936,0,0,0,0,0,5.99531841278076,0,0,35.6853713989258,0,0,1.46779680252075,0,0,50.048641204834,10.5105228424072,0,0,122.412078857422,0,4.3625807762146,0,0,26.9389133453369,0,1176.81994628906,2563.98193359375
56021000402,1057.71533203125,138.552642822266,128.069595336914,0,0,94.3935623168945,0,0,25.7686939239502,64.7004852294922,0,0,0,0,0,25.031702041626,0,0,254.783889770508,0,0,3.87492251396179,0,0,155.044052124023,32.0982246398926,0,0,430.619537353516,0,46.1995735168457,0,0,100.446952819824,0,1368.12683105469,3925.42578125
56021000501,4441.83935546875,67.6784515380859,32.0587844848633,0,0,13.1572332382202,0,0,17.2933502197266,23.6611328125,0,0,0,0,0,12.8107128143311,0,0,80.3791885375977,0,0,5.43232250213623,0,0,48.9435882568359,17.0202083587646,0,0,411.644073486328,0,7.6875581741333,0,0,77.6669845581055,0,22.0546493530273,5279.32666015625
56021000600,3220.2333984375,196.788665771484,79.8412246704102,0,0,29.835132598877,0,0,36.0210189819336,60.1747207641602,0,0,0,0,0,35.4423370361328,0,0,212.602920532227,0,0,10.1332845687866,0,0,106.172409057617,39.826416015625,0,0,438.465362548828,0,19.2345924377441,0,0,124.606788635254,0,45.4438209533691,4654.822265625
56021000700,2512.7548828125,887.00146484375,425.24462890625,0,0,161.925964355469,0,0,127.342422485352,219.149108886719,0,0,0,0,0,152.208877563477,0,0,814.70947265625,0,0,21.1439151763916,0,0,548.307434082031,163.694854736328,0,0,996.554809570313,0,115.909706115723,0,0,342.402587890625,0,150.776840209961,7639.12744140625
56021000800,1131.05895996094,27.8263893127441,14.2120037078857,0,0,4.5352725982666,0,0,3.97454643249512,8.35551738739014,0,0,0,0,0,4.23069715499878,0,0,27.7524757385254,0,0,1.47821712493896,0,0,11.045711517334,5.05871915817261,0,0,113.40608215332,0,3.45563650131226,0,0,22.147777557373,0,13.8070497512817,1392.34509277344
56021000900,1984.75048828125,61.9275703430176,22.4601001739502,0,0,11.0263776779175,0,0,11.4738092422485,14.9505834579468,0,0,0,0,0,8.51863098144531,0,0,52.6458740234375,0,0,2.31577730178833,0,0,33.3454170227051,10.3381099700928,0,0,202.596542358398,0,5.27154588699341,0,0,42.7023620605469,0,20.7408504486084,2485.06396484375
56021001000,1828.93139648438,156.544357299805,106.401329040527,0,0,54.2299880981445,0,0,30.2834873199463,65.6664886474609,0,0,0,0,0,29.7308731079102,0,0,240.741882324219,0,0,11.9564971923828,0,0,81.7873992919922,42.0741806030273,0,0,314.885528564453,0,36.9946556091309,0,0,92.5212554931641,0,120.4267578125,3213.17602539063
56021001100,1280.71118164063,2.90963006019592,13.6588792800903,0,0,12.7645587921143,0,0,3.96984195709229,30.3294887542725,0,0,0,0,0,20.3463916778564,0,0,111.593597412109,0,0,1.63738191127777,0,0,2.85031247138977,2.38277244567871,0,0,157.927017211914,0,8.68619918823242,0,0,48.4625396728516,0,22.8882007598877,1721.11804199219
56021001200,3089.21606445313,107.830940246582,57.3934516906738,0,0,23.0034236907959,0,0,19.6997718811035,41.836742401123,0,0,0,0,0,15.6306600570679,0,0,123.329582214355,0,0,4.54521036148071,0,0,53.383674621582,23.3440093994141,0,0,330.753601074219,0,18.6392555236816,0,0,71.2373123168945,0,18.2462902069092,3998.09008789063
56021001300,4169.73974609375,146.98063659668,72.2219009399414,0,0,24.7805404663086,0,0,26.8239459991455,39.4534225463867,0,0,0,0,0,23.1300029754639,0,0,142.386749267578,0,0,6.49554538726807,0,0,87.8361282348633,28.9539909362793,0,0,452.850708007813,0,17.9268455505371,0,0,99.4014739990234,0,67.0421905517578,5406.02294921875
56021001401,2176.85302734375,40.4086227416992,25.6605415344238,0,0,12.8383340835571,0,0,14.4856986999512,21.4492645263672,0,0,0,0,0,8.16284084320068,0,0,74.9892807006836,0,0,3.76975464820862,0,0,33.3927459716797,13.3306827545166,0,0,219.629455566406,0,7.67562389373779,0,0,46.7833595275879,0,16.279670715332,2715.708984375
56021001402,1234.55773925781,210.058471679688,96.5654525756836,0,0,28.1586666107178,0,0,24.0950870513916,36.7448921203613,0,0,0,0,0,48.2065849304199,0,0,162.717391967773,0,0,8.8567008972168,0,0,128.373565673828,38.1226997375488,0,0,282.966766357422,0,22.5080394744873,0,0,96.4214324951172,0,30.9755401611328,2449.32885742188
56021001501,2314.44409179688,51.5848693847656,23.2254199981689,0,0,17.238697052002,0,0,16.1585006713867,18.1717109680176,0,0,0,0,0,6.80134963989258,0,0,58.9796295166016,0,0,3.54823207855225,0,0,37.5534362792969,14.6341047286987,0,0,227.746719360352,0,4.45135116577148,0,0,46.7484893798828,0,246.625564575195,3087.91235351563
56021001502,2046.21032714844,50.2308692932129,22.5942058563232,0,0,12.269962310791,0,0,21.6082782745361,26.202823638916,0,0,0,0,0,8.21986389160156,0,0,79.8089981079102,0,0,5.85465240478516,0,0,48.3100471496582,16.3431091308594,0,0,214.808578491211,0,5.00619125366211,0,0,51.1394309997559,0,466.03369140625,3074.64135742188
56021001901,2730.88989257813,56.112907409668,24.8523063659668,0,0,20.0797595977783,0,0,14.8689613342285,7.7381534576416,0,0,0,0,0,6.59320449829102,0,0,38.1878089904785,0,0,0.856396436691284,0,0,40.787971496582,10.711856842041,0,0,254.789260864258,0,3.89476990699768,0,0,44.7613334655762,0,57.7901878356934,3312.91479492188
56021001902,2633.92822265625,72.2050247192383,43.1388778686523,0,0,26.701473236084,0,0,18.4950122833252,17.249475479126,0,0,0,0,0,11.4188899993896,0,0,71.2835083007813,0,0,1.23722243309021,0,0,89.3771133422852,17.6078033447266,0,0,281.270416259766,0,8.80473136901855,0,0,55.7929649353027,0,117.210517883301,3465.7216796875
56021002000,3877.65966796875,189.869567871094,108.70824432373,0,0,70.0264282226563,0,0,51.5888404846191,35.7972793579102,0,0,0,0,0,31.9967708587646,0,0,160.98127746582,0,0,6.38630104064941,0,0,207.185684204102,47.5518836975098,0,0,490.64306640625,0,22.7767200469971,0,0,115.698333740234,0,363.086853027344,5779.95654296875
56021980801,13.1963090896606,52.5563621520996,17.2118473052979,0,0,9.84427261352539,0,0,3.01537013053894,8.78172016143799,0,0,0,0,0,7.75650024414063,0,0,38.2274551391602,0,0,1.30929481983185,0,0,16.612398147583,7.11975288391113,0,0,40.1085243225098,0,5.28774833679199,0,0,15.7003679275513,0,0.105080001056194,236.8330078125
56023978000,4819.18603515625,123.617515563965,65.4368133544922,0,0,43.9585418701172,0,0,31.2693862915039,22.9675025939941,0,0,0,0,0,17.782657623291,0,0,99.4707641601563,0,0,3.89783477783203,0,0,104.256652832031,29.2990951538086,0,0,480.624389648438,0,10.6191205978394,0,0,93.0492401123047,0,311.921478271484,6257.35791015625
56023978100,3138.16430664063,155.989318847656,109.432426452637,0,0,61.1807556152344,0,0,29.2207374572754,40.0087585449219,0,0,0,0,0,29.7011966705322,0,0,167.145690917969,0,0,5.59486675262451,0,0,113.429481506348,35.6221733093262,0,0,414.125701904297,0,20.2756519317627,0,0,94.8318939208984,0,255.267013549805,4669.990234375
56023978200,1142.68310546875,61.7721290588379,55.4739799499512,0,0,33.638973236084,0,0,15.736198425293,17.7151222229004,0,0,0,0,0,10.6221475601196,0,0,62.1438140869141,0,0,1.98604273796082,0,0,55.8371429443359,14.9039325714111,0,0,157.291351318359,0,8.66963481903076,0,0,35.2363548278809,0,335.072113037109,2008.78210449219
56023978400,1988.20544433594,111.984107971191,61.6750106811523,0,0,24.3915176391602,0,0,17.4858207702637,27.6110916137695,0,0,0,0,0,22.1342124938965,0,0,100.421195983887,0,0,5.32942962646484,0,0,67.962890625,21.6157379150391,0,0,263.534759521484,0,15.2665328979492,0,0,62.3575401306152,0,227.424652099609,3017.39965820313
56025000200,2141.6396484375,596.609558105469,323.084533691406,0,0,171.619613647461,0,0,121.52180480957,137.655624389648,0,0,0,0,0,105.899864196777,0,0,569.661560058594,0,0,15.0936546325684,0,0,600.3916015625,135.668411254883,0,0,773.900146484375,0,73.6702346801758,0,0,282.599853515625,0,379.554840087891,6428.5712890625
56025000300,2422.36279296875,305.511932373047,115.707824707031,0,0,33.4379348754883,0,0,32.7201614379883,76.4110412597656,0,0,0,0,0,42.6138687133789,0,0,209.058135986328,0,0,9.60300636291504,0,0,126.097480773926,32.2890892028809,0,0,438.203674316406,0,22.2812805175781,0,0,102.070373535156,0,36.1953125,4004.56372070313
56025000400,2172.4384765625,311.083709716797,85.9612274169922,0,0,33.0344047546387,0,0,28.2056503295898,36.0323867797852,0,0,0,0,0,48.867057800293,0,0,172.878479003906,0,0,7.57158756256104,0,0,151.481109619141,47.8249435424805,0,0,369.271667480469,0,19.476713180542,0,0,113.249099731445,0,134.762405395508,3732.13891601563
56025000501,2855.71459960938,63.3137016296387,24.223180770874,0,0,10.7556571960449,0,0,24.0315494537354,38.842643737793,0,0,0,0,0,10.8540706634521,0,0,103.016487121582,0,0,8.44466972351074,0,0,31.6036071777344,15.9886817932129,0,0,285.001281738281,0,5.72125005722046,0,0,64.7711715698242,0,45.0494499206543,3587.33178710938
56025000502,1252.36779785156,138.546722412109,79.5035552978516,0,0,28.3396835327148,0,0,21.0984325408936,32.1297340393066,0,0,0,0,0,29.0646171569824,0,0,133.171371459961,0,0,7.31350183486938,0,0,86.030143737793,30.0055541992188,0,0,232.483795166016,0,21.8258304595947,0,0,73.6987609863281,0,101.211532592773,2266.791015625
56025000600,4098.25634765625,52.9048118591309,41.1622505187988,0,0,19.8242568969727,0,0,18.0844192504883,27.237060546875,0,0,0,0,0,7.51181554794312,0,0,94.6231307983398,0,0,4.9970383644104,0,0,39.7335090637207,17.8549156188965,0,0,387.201416015625,0,7.82001638412476,0,0,70.2131423950195,0,90.9837188720703,4978.40771484375
56025000700,1550.59741210938,64.4179077148438,39.9692840576172,0,0,27.2778129577637,0,0,15.9100694656372,21.7891235351563,0,0,0,0,0,10.4709482192993,0,0,74.438720703125,0,0,4.45380973815918,0,0,50.5091514587402,16.4892807006836,0,0,186.426574707031,0,6.83608484268188,0,0,44.4824562072754,0,68.7753677368164,2182.84423828125
56025000800,2086.76440429688,71.7315063476563,43.6870040893555,0,0,24.706470489502,0,0,18.0996055603027,20.4678382873535,0,0,0,0,0,12.7057943344116,0,0,73.6321716308594,0,0,4.75759744644165,0,0,63.5185470581055,18.2888107299805,0,0,236.352386474609,0,9.80770111083984,0,0,54.7889099121094,0,58.4602012634277,2797.7685546875
56025000901,2618.38940429688,76.774658203125,42.514518737793,0,0,18.8702831268311,0,0,14.9818897247314,19.0364074707031,0,0,0,0,0,13.6017980575562,0,0,71.5536880493164,0,0,3.55359435081482,0,0,54.6005668640137,18.0687713623047,0,0,275.572143554688,0,8.26571083068848,0,0,57.7605590820313,0,41.476749420166,3335.02099609375
56025000902,2102.11157226563,52.0621490478516,50.7905616760254,0,0,36.9150085449219,0,0,11.3415002822876,34.9316864013672,0,0,0,0,0,21.9941883087158,0,0,137.996383666992,0,0,2.938969373703,0,0,39.2734527587891,11.3570013046265,0,0,284.162658691406,0,16.2721996307373,0,0,68.4749069213867,0,22.5008392333984,2893.12280273438
56025001000,2507.03930664063,80.1679992675781,42.0587196350098,0,0,24.3625621795654,0,0,18.0673656463623,24.5140533447266,0,0,0,0,0,18.1831550598145,0,0,106.756370544434,0,0,2.26002669334412,0,0,83.1417999267578,19.8875389099121,0,0,297.968658447266,0,11.7414836883545,0,0,66.592529296875,0,177.881195068359,3480.62280273438
56025001100,792.880004882813,39.8230285644531,53.0405921936035,0,0,35.0439186096191,0,0,17.9992771148682,16.1195983886719,0,0,0,0,0,6.46356678009033,0,0,55.1222724914551,0,0,1.82158374786377,0,0,78.6648178100586,17.8147296905518,0,0,117.544807434082,0,6.28403806686401,0,0,28.566535949707,0,428.170196533203,1695.35888671875
56025001200,525.4716796875,187.605392456055,145.665985107422,0,0,131.23713684082,0,0,56.0640068054199,48.98876953125,0,0,0,0,0,30.9039211273193,0,0,187.145629882813,0,0,4.24768447875977,0,0,371.275939941406,54.779296875,0,0,257.475830078125,0,23.6044330596924,0,0,83.7819671630859,0,519.456359863281,2627.7041015625
56025001401,2398.18115234375,349.424255371094,208.11491394043,0,0,149.277221679688,0,0,67.4248580932617,67.3521728515625,0,0,0,0,0,50.5429458618164,0,0,287.506774902344,0,0,5.22887134552002,0,0,311.200286865234,74.0055465698242,0,0,496.935852050781,0,33.3173751831055,0,0,144.040481567383,0,664.695251464844,5307.248046875
56025001602,2525.38720703125,129.464370727539,74.3561019897461,0,0,29.2649955749512,0,0,20.8411407470703,24.8160552978516,0,0,0,0,0,26.1910037994385,0,0,100.982841491699,0,0,5.48534774780273,0,0,110.595184326172,27.3069438934326,0,0,317.711700439453,0,15.9461240768433,0,0,77.4494934082031,0,444.418518066406,3930.216796875
56025001603,1837.91931152344,47.4122123718262,14.7902507781982,0,0,8.56056499481201,0,0,7.89089298248291,6.1362624168396,0,0,0,0,0,5.62747287750244,0,0,29.7274322509766,0,0,0.282070815563202,0,0,37.1953964233398,8.06580638885498,0,0,177.823089599609,0,3.14884734153748,0,0,32.362865447998,0,40.6644096374512,2257.60668945313
56025001700,2231.03125,103.055137634277,60.8506355285645,0,0,46.6433753967285,0,0,27.6601791381836,16.3499011993408,0,0,0,0,0,13.2941303253174,0,0,72.4912109375,0,0,2.16667294502258,0,0,129.474227905273,26.6345634460449,0,0,259.627349853516,0,7.48442697525024,0,0,54.6374015808105,0,188.83251953125,3240.23291015625
56025001800,3022.50415039063,172.385498046875,135.327743530273,0,0,111.398246765137,0,0,48.0016899108887,37.4084510803223,0,0,0,0,0,26.4212989807129,0,0,153.30744934082,0,0,3.51702928543091,0,0,221.4189453125,45.1029930114746,0,0,410.291412353516,0,19.6514453887939,0,0,95.108528137207,0,507.491149902344,5009.3359375
56027957200,1667.09130859375,82.2302398681641,43.6695823669434,0,0,26.4436302185059,0,0,15.379771232605,19.8648242950439,0,0,0,0,0,15.1624269485474,0,0,74.7012023925781,0,0,2.33659958839417,0,0,54.9062919616699,14.0234136581421,0,0,217.756820678711,0,10.3551731109619,0,0,48.2095108032227,0,156.706253051758,2448.8369140625
56029965100,2586.12622070313,99.5193786621094,63.5410957336426,0,0,51.4780654907227,0,0,32.8057060241699,16.1982727050781,0,0,0,0,0,12.8236236572266,0,0,76.3031997680664,0,0,1.38291525840759,0,0,127.368751525879,25.3281879425049,0,0,300.15185546875,0,9.47349548339844,0,0,61.2281303405762,0,384.568115234375,3848.29638671875
56029965200,2928.98876953125,263.69140625,135.982574462891,0,0,64.9415283203125,0,0,40.2061805725098,89.8091583251953,0,0,0,0,0,58.2507057189941,0,0,308.458892822266,0,0,9.85587692260742,0,0,187.168807983398,44.5492553710938,0,0,551.070007324219,0,36.9961013793945,0,0,137.225616455078,0,355.262908935547,5212.45751953125
56029965300,4953.9892578125,133.350570678711,109.411575317383,0,0,75.6767120361328,0,0,43.3398780822754,35.0469245910645,0,0,0,0,0,28.0246162414551,0,0,153.534484863281,0,0,4.58947849273682,0,0,135.105255126953,33.4622421264648,0,0,555.87158203125,0,22.1539363861084,0,0,113.942504882813,0,653.199829101563,7050.69873046875
56029965400,2627.25268554688,209.524688720703,114.795669555664,0,0,52.4313049316406,0,0,46.3907356262207,48.3943710327148,0,0,0,0,0,35.7400054931641,0,0,199.264663696289,0,0,6.8596830368042,0,0,213.185729980469,49.0275764465332,0,0,419.697967529297,0,22.7050399780273,0,0,114.339736938477,0,642.508911132813,4802.11865234375
56029965500,2641.2939453125,310.48193359375,233.3349609375,0,0,93.4430770874023,0,0,47.595142364502,78.3456497192383,0,0,0,0,0,62.9417533874512,0,0,298.609313964844,0,0,9.63847255706787,0,0,210.474136352539,58.7603607177734,0,0,561.518188476563,0,49.699333190918,0,0,156.82275390625,0,46.4309730529785,4859.39013671875
56031959100,1399.41882324219,61.5035018920898,36.7448234558105,0,0,22.8779067993164,0,0,21.4052257537842,14.5345239639282,0,0,0,0,0,9.61330223083496,0,0,58.3756942749023,0,0,2.24192500114441,0,0,48.0766792297363,15.8930692672729,0,0,167.881820678711,0,7.92812490463257,0,0,39.4814147949219,0,278.726196289063,2184.703125
56031959400,3362.0498046875,237.813522338867,135.937835693359,0,0,66.9489517211914,0,0,47.5459899902344,64.9096527099609,0,0,0,0,0,43.7922973632813,0,0,243.739181518555,0,0,7.13868093490601,0,0,206.712768554688,52.909969329834,0,0,522.556274414063,0,32.4316062927246,0,0,140.23779296875,0,782.377685546875,5947.1015625
56033000100,3024.4638671875,208.538833618164,129.499572753906,0,0,48.5867805480957,0,0,54.0353546142578,83.6720581054688,0,0,0,0,0,81.7631454467773,0,0,347.638122558594,0,0,8.24418067932129,0,0,150.518417358398,42.9113121032715,0,0,543.953796386719,0,36.0601387023926,0,0,177.073822021484,0,397.945556640625,5334.904296875
56033000200,1811.65551757813,82.1819610595703,27.5416736602783,0,0,11.6650886535645,0,0,16.4078178405762,23.9152603149414,0,0,0,0,0,11.4743394851685,0,0,78.5503845214844,0,0,4.33614492416382,0,0,45.3178291320801,16.4902858734131,0,0,209.01237487793,0,5.16970014572144,0,0,51.3110466003418,0,60.5246505737305,2455.55419921875
56033000300,2110.822265625,250.690780639648,126.70238494873,0,0,55.5275382995605,0,0,46.3741722106934,61.0100936889648,0,0,0,0,0,42.7490348815918,0,0,230.676834106445,0,0,10.1914405822754,0,0,185.225509643555,52.1620674133301,0,0,391.738250732422,0,25.7903537750244,0,0,121.032905578613,0,35.382381439209,3746.07592773438
56033000400,2713.92211914063,184.922988891602,69.7729721069336,0,0,27.370641708374,0,0,27.4719333648682,33.2959136962891,0,0,0,0,0,29.458776473999,0,0,120.576072692871,0,0,4.67304611206055,0,0,99.268684387207,26.9264125823975,0,0,362.067321777344,0,15.6161022186279,0,0,75.2353057861328,0,394.236755371094,4184.8154296875
56033000500,4330.16064453125,155.214431762695,94.854736328125,0,0,73.2165679931641,0,0,39.0416679382324,27.8903350830078,0,0,0,0,0,22.830322265625,0,0,121.786598205566,0,0,3.36221837997437,0,0,139.617919921875,34.2762222290039,0,0,480.016143798828,0,17.9367027282715,0,0,99.4430313110352,0,447.862243652344,6087.5087890625
56033000600,5957.0439453125,117.877403259277,760.802124023438,0,0,976.370361328125,0,0,687.8525390625,42.859619140625,0,0,0,0,0,30.0414962768555,0,0,423.315063476563,0,0,4.16392469406128,0,0,1037.42749023438,114.634948730469,0,0,1287.55505371094,0,103.111175537109,0,0,426.936462402344,0,463.606567382813,12433.59765625
56035000101,2655.818359375,88.7696990966797,67.1832656860352,0,0,46.289192199707,0,0,24.6165924072266,41.0416831970215,0,0,0,0,0,32.3670539855957,0,0,172.105484008789,0,0,2.60188937187195,0,0,91.0831985473633,21.762508392334,0,0,351.999389648438,0,18.5985622406006,0,0,94.0161285400391,0,443.670043945313,4151.92333984375
56035000102,4615.80126953125,129.15071105957,103.835578918457,0,0,56.1038475036621,0,0,38.2758827209473,33.6496810913086,0,0,0,0,0,22.4727210998535,0,0,146.365692138672,0,0,3.16812682151794,0,0,147.527877807617,40.9535293579102,0,0,519.613952636719,0,16.8963489532471,0,0,106.478607177734,0,556.734497070313,6537.0283203125
56037970500,1353.55737304688,132.04573059082,172.668106079102,0,0,100.418014526367,0,0,49.8538818359375,47.7967185974121,0,0,0,0,0,24.5417022705078,0,0,183.439498901367,0,0,5.05525684356689,0,0,212.913986206055,60.8319549560547,0,0,309.807189941406,0,20.5713214874268,0,0,90.1494827270508,0,378.932678222656,3142.58276367188
56037970601,1404.62805175781,53.1004104614258,33.8378562927246,0,0,16.9154415130615,0,0,12.8407020568848,20.1672420501709,0,0,0,0,0,11.7068128585815,0,0,70.5979995727539,0,0,4.95510530471802,0,0,50.2527198791504,15.7978134155273,0,0,174.132858276367,0,8.56989669799805,0,0,43.7637786865234,0,685.833251953125,2607.10009765625
56037970602,1665.42553710938,20.791540145874,8.93177700042725,0,0,3.86421775817871,0,0,5.87297010421753,8.84742546081543,0,0,0,0,0,3.12382674217224,0,0,28.212553024292,0,0,2.01330542564392,0,0,12.9002046585083,5.59266996383667,0,0,149.244415283203,0,2.13425731658936,0,0,26.7545509338379,0,8.81385040283203,1952.52282714844
56037970700,2066.26098632813,54.8354911804199,36.265079498291,0,0,16.3499965667725,0,0,12.4867067337036,19.4192562103271,0,0,0,0,0,10.4265298843384,0,0,75.1041946411133,0,0,2.81484746932983,0,0,45.0522232055664,12.8291702270508,0,0,234.519638061523,0,7.92343378067017,0,0,49.0919570922852,0,124.334632873535,2767.71435546875
56037970800,2000.74523925781,166.740509033203,84.2983703613281,0,0,36.871753692627,0,0,33.1323585510254,42.2880210876465,0,0,0,0,0,31.26247215271,0,0,163.576400756836,0,0,6.54032802581787,0,0,169.510757446289,38.5124397277832,0,0,335.413055419922,0,20.7234592437744,0,0,99.7185134887695,0,958.972290039063,4188.30615234375
56037970901,2666.46557617188,138.741409301758,78.5744018554688,0,0,36.4083290100098,0,0,27.950891494751,26.8528480529785,0,0,0,0,0,23.9677219390869,0,0,115.668144226074,0,0,4.25701189041138,0,0,135.912017822266,32.962703704834,0,0,334.152709960938,0,15.2390947341919,0,0,79.3728866577148,0,815.112182617188,4531.63818359375
56037970902,2203.79760742188,91.8063278198242,56.6817054748535,0,0,28.0348892211914,0,0,20.3207340240479,29.3431797027588,0,0,0,0,0,18.3455657958984,0,0,102.366844177246,0,0,5.34802341461182,0,0,79.2079696655273,24.3119926452637,0,0,272.384674072266,0,12.4934062957764,0,0,65.9786911010742,0,215.180419921875,3225.6025390625
56037970903,1045.59741210938,201.500473022461,100.447998046875,0,0,39.3506240844727,0,0,32.3372840881348,62.5165901184082,0,0,0,0,0,44.2876167297363,0,0,212.364532470703,0,0,7.52318954467773,0,0,160.913635253906,36.2858963012695,0,0,302.063323974609,0,27.0270576477051,0,0,97.8478012084961,0,251.327590942383,2621.39111328125
56037971000,987.844787597656,47.9864807128906,30.755578994751,0,0,15.2946147918701,0,0,12.6220445632935,12.8271007537842,0,0,0,0,0,8.23866939544678,0,0,49.616756439209,0,0,2.2038779258728,0,0,54.7446174621582,15.1466684341431,0,0,127.029945373535,0,6.18201351165771,0,0,30.1330490112305,0,301.874847412109,1702.50109863281
56037971100,1822.59680175781,86.2098617553711,49.8843231201172,0,0,23.9118194580078,0,0,15.9794073104858,26.5558986663818,0,0,0,0,0,15.542875289917,0,0,96.8376312255859,0,0,3.84092569351196,0,0,56.0523223876953,19.6780376434326,0,0,231.825592041016,0,11.9232702255249,0,0,56.2189483642578,0,208.146301269531,2725.20385742188
56037971200,1651.04724121094,41.6080589294434,20.9659996032715,0,0,12.1385345458984,0,0,8.88973045349121,12.2652559280396,0,0,0,0,0,6.15573596954346,0,0,41.7552375793457,0,0,1.83723485469818,0,0,28.9696674346924,9.21398639678955,0,0,166.021240234375,0,4.4541449546814,0,0,33.2558288574219,0,18.8349800109863,2057.4130859375
56037971600,843.554626464844,105.460182189941,52.2327995300293,0,0,29.4903144836426,0,0,15.9538249969482,20.1235122680664,0,0,0,0,0,18.6697788238525,0,0,87.9578018188477,0,0,3.624760389328,0,0,74.0723495483398,22.3688526153564,0,0,164.973739624023,0,11.2946176528931,0,0,49.5447006225586,0,634.001159667969,2133.3232421875
56039967600,5090.57177734375,266.504333496094,148.34309387207,0,0,61.274543762207,0,0,60.9309005737305,73.9226303100586,0,0,0,0,0,54.0687370300293,0,0,290.475830078125,0,0,11.2213716506958,0,0,169.337524414063,53.0150527954102,0,0,687.094116210938,0,38.0296630859375,0,0,178.448867797852,0,178.069274902344,7361.3076171875
56039967701,1294.36328125,287.200592041016,141.94416809082,0,0,50.2137680053711,0,0,37.5465660095215,59.3249816894531,0,0,0,0,0,58.9384841918945,0,0,241.734298706055,0,0,10.2107849121094,0,0,147.606658935547,47.3809509277344,0,0,369.640686035156,0,34.2133674621582,0,0,131.518478393555,0,102.623847961426,3014.46069335938
56039967702,4782.26708984375,310.237701416016,107.586990356445,0,0,50.6954078674316,0,0,60.4587783813477,83.8954162597656,0,0,0,0,0,42.5093383789063,0,0,262.042114257813,0,0,15.4633588790894,0,0,166.713958740234,51.9366302490234,0,0,637.147033691406,0,25.3599834442139,0,0,145.160522460938,0,146.843643188477,6888.31787109375
56039967800,4606.59814453125,192.323638916016,93.3225479125977,0,0,48.5715751647949,0,0,62.9735679626465,73.6716232299805,0,0,0,0,0,29.8191261291504,0,0,234.678512573242,0,0,17.0058193206787,0,0,124.125663757324,49.3271598815918,0,0,550.53857421875,0,24.0780715942383,0,0,139.295806884766,0,135.669342041016,6382
56041975200,2700.72314453125,149.209701538086,87.7935180664063,0,0,55.9624481201172,0,0,38.3741111755371,32.0730400085449,0,0,0,0,0,22.0804271697998,0,0,122.584762573242,0,0,6.05860948562622,0,0,135.344299316406,37.9003982543945,0,0,347.899505615234,0,18.0921306610107,0,0,79.4582595825195,0,788.088684082031,4621.642578125
56041975300,3472.30883789063,154.55859375,111.008514404297,0,0,67.7143096923828,0,0,40.1916809082031,58.035530090332,0,0,0,0,0,30.0909042358398,0,0,198.402816772461,0,0,7.66653490066528,0,0,135.655075073242,39.8997497558594,0,0,458.482238769531,0,17.6579151153564,0,0,109.865745544434,0,401.833404541016,5303.3720703125
56041975400,3156.63452148438,292.941223144531,156.376174926758,0,0,75.8330535888672,0,0,56.6669044494629,69.8766784667969,0,0,0,0,0,51.6478004455566,0,0,270.852844238281,0,0,10.2329816818237,0,0,241.890838623047,62.1813926696777,0,0,527.097045898438,0,31.9177627563477,0,0,152.630950927734,0,471.258148193359,5628.0380859375
56043000200,1745.08984375,94.4969482421875,53.0611877441406,0,0,37.7965393066406,0,0,30.4710292816162,15.9035339355469,0,0,0,0,0,12.0044116973877,0,0,78.3891754150391,0,0,1.67049419879913,0,0,89.8676910400391,23.4904842376709,0,0,223.302017211914,0,8.9550609588623,0,0,53.652156829834,0,230.562347412109,2698.71264648438
56043000301,1480.81787109375,159.445785522461,81.6811370849609,0,0,32.444278717041,0,0,20.9685649871826,27.695972442627,0,0,0,0,0,28.3607559204102,0,0,122.507293701172,0,0,4.35800695419312,0,0,112.44612121582,30.9351863861084,0,0,258.351776123047,0,17.6271781921387,0,0,70.5206985473633,0,170.368408203125,2618.529296875
56043000302,1261.09130859375,86.8625564575195,64.9216232299805,0,0,41.9757118225098,0,0,23.2244930267334,30.1588191986084,0,0,0,0,0,17.60524559021,0,0,116.15665435791,0,0,4.21812295913696,0,0,94.1369323730469,25.0878257751465,0,0,204.662902832031,0,12.8175506591797,0,0,57.7182464599609,0,67.0280532836914,2107.66577148438
56045951100,1647.66442871094,48.5692596435547,50.5056457519531,0,0,33.9719161987305,0,0,17.3423385620117,18.2017307281494,0,0,0,0,0,10.0701026916504,0,0,68.4692306518555,0,0,2.12344670295715,0,0,57.4789848327637,15.9484901428223,0,0,195.775451660156,0,9.23495006561279,0,0,43.561882019043,0,458.813171386719,2677.73071289063
56045951300,2145.4716796875,124.643455505371,77.1851654052734,0,0,33.2671661376953,0,0,20.9870662689209,34.8728828430176,0,0,0,0,0,25.8341770172119,0,0,133.817718505859,0,0,4.36457681655884,0,0,99.1651840209961,26.9316291809082,0,0,309.997680664063,0,18.4268894195557,0,0,73.8325119018555,0,374.288177490234,3503.08569335938

